time,community
0,884.4399999999988
1,2539.429000000003
2,3214.4270000000074
3,4092.423000000016
4,4787.417000000018
5,5609.404000000019
6,6544.398000000017
7,6894.387000000017
8,8002.380000000016
9,9211.375000000016
10,11450.372000000014
11,10667.377000000015
12,10919.375000000013
13,11482.36300000001
14,11592.36400000001
15,11462.363000000008
16,11079.362000000008
17,11366.365000000005
18,11684.357000000007
19,11397.358000000006
20,10525.354000000005
21,12431.348000000005
22,13849.340000000004
23,15234.335000000005
24,16282.335000000003
25,18145.323
26,18705.324
27,20965.315
28,20965.310999999998
29,22375.309999999998
30,21300.315
31,20185.317
32,18915.316
33,17675.322
34,16837.329
35,22342.323000000004
36,22466.318000000003
37,22361.311
38,17916.306999999997
39,17846.311999999998
40,18753.305
41,18918.302
42,19193.299
43,18733.299
44,18566.287
45,16936.283
46,16388.278000000002
47,15173.279
48,14413.277000000002
49,13638.277000000002
50,12948.279000000002
51,14063.273000000003
52,14463.273000000003
53,15281.273000000003
54,15396.279000000004
55,16821.271000000004
56,16506.276000000005
57,18066.271000000004
58,18138.265000000003
59,18603.266000000003
60,19133.260000000002
61,17293.263000000006
62,15573.258000000007
63,15001.250000000005
64,15233.250000000004
65,16158.248000000007
66,15883.249000000007
67,14848.248000000007
68,14968.248000000007
69,15303.243000000008
70,15658.235000000008
71,17003.233000000007
72,17363.229000000007
73,16795.227000000006
74,16440.228000000006
75,14695.227000000008
76,15288.219000000006
77,15873.214000000005
78,15483.208000000006
79,15308.201000000006
80,14123.196000000005
81,14316.190000000006
82,13881.196000000007
83,14666.200000000008
84,20391.195000000007
85,20581.196000000007
86,19826.192000000006
87,21419.189000000006
88,22004.188000000006
89,22034.189000000002
90,22439.187000000005
91,21469.186
92,21054.192000000003
93,20879.193000000007
94,21444.195000000007
95,22234.199000000004
96,22859.198000000004
97,21524.198000000004
98,20944.198000000004
99,21526.198000000004
100,23481.198000000004
101,24446.201000000005
102,23864.202000000005
103,23479.205000000005
104,23889.203
105,22759.200000000004
106,23554.197
107,24944.194
108,24756.195
109,24546.198000000004
110,22741.205000000005
111,22916.208000000002
112,22726.206000000002
113,23116.206000000002
114,22516.208000000002
115,22301.211000000003
116,20891.217000000004
117,21491.213000000003
118,22484.214000000004
119,22269.218000000004
120,23079.213000000003
121,22094.215000000004
122,22872.215000000004
123,23102.210000000003
124,24272.206000000002
125,26214.206000000002
126,26044.206000000002
127,25284.204
128,24514.202
129,24309.201
130,24674.205
131,25254.206000000002
132,24874.207000000002
133,24694.206000000002
134,24892.205
135,18227.204
136,18812.204
137,19797.203
138,19589.202
139,19407.203
140,19032.201
141,19062.198
142,18892.193000000003
143,19292.191000000003
144,18302.193000000003
145,17747.189000000002
146,18357.188000000002
147,18562.188000000002
148,19352.187
149,19911.189000000002
150,19511.191000000003
151,18909.193
152,19307.193
153,19937.187
154,20077.191000000003
155,21857.188000000002
156,22252.187
157,22112.181
158,21532.18
159,21507.183
160,22077.184
161,23252.185
162,22097.185
163,21917.181
164,22279.182
165,21354.178
166,20394.177
167,20814.173
168,20019.177
169,19849.176
170,20044.176
171,20042.176
172,19832.175
173,20402.176
174,20192.178
175,18827.178
176,19242.175
177,19951.182
178,20716.184
179,20716.184
180,20911.186
181,19729.188
182,20124.189000000002
183,20724.190000000002
184,20344.19
185,21489.195000000003
186,21877.194000000003
187,21707.189000000002
188,21889.189000000002
189,23049.189000000002
190,23211.192000000003
191,23836.186
192,24269.179
193,23664.182
194,24239.184
195,23434.186
196,22441.183
197,21826.186
198,20639.188000000002
199,19864.187
200,19469.185
201,19629.184
202,18862.182
203,19302.178
204,18687.178
205,17532.176000000003
206,19512.172000000002
207,20474.172000000002
208,20854.173000000003
209,20309.168
210,21079.168
211,21077.167
212,22014.169
213,22204.168
214,21799.171000000002
215,23312.173000000003
216,23687.177000000003
217,22712.177000000003
218,22692.177000000003
219,24252.176000000003
220,24804.180000000004
221,24784.179000000004
222,24964.181000000004
223,25154.181000000004
224,25339.182000000004
225,24369.177000000003
226,22581.180000000004
227,22394.180000000004
228,21231.177000000003
229,20441.178999999996
230,19856.178999999996
231,19656.18
232,19606.184
233,19809.182
234,19434.178999999996
235,18449.181
236,20184.180999999997
237,19929.187
238,19914.19
239,19131.192
240,19726.191000000003
241,20156.184
242,21501.186
243,21706.186
244,21896.187
245,23271.190000000002
246,24458.188000000002
247,23878.188000000002
248,24460.188000000002
249,26445.184
250,26815.190000000002
251,26410.191000000003
252,26228.189000000002
253,26788.193000000003
254,27245.189000000002
255,25886.189000000002
256,23968.187
257,23199.188000000002
258,21644.192000000003
259,21321.185
260,21303.187
261,21493.190000000002
262,21718.188000000002
263,21723.187
264,21129.190000000002
265,19928.200000000004
266,20917.202000000005
267,21707.201000000005
268,21930.203
269,21321.206000000002
270,21768.207000000002
271,22583.205000000005
272,23558.207000000002
273,23393.207000000006
274,23834.205000000005
275,25014.202000000005
276,25761.203000000005
277,24791.205000000005
278,25414.205000000005
279,26792.211000000003
280,27604.208000000002
281,27055.212000000003
282,26884.209000000003
283,27717.205
284,28147.205
285,27748.208000000002
286,25805.208000000002
287,25629.207000000002
288,25450.209000000003
289,26694.207000000002
290,25562.207000000002
291,26170.206000000002
292,25999.208000000002
293,25619.210000000003
294,24102.210000000003
295,22786.206000000002
296,23573.208000000002
297,24534.208000000002
298,24857.216000000004
299,24703.214000000004
300,25282.216000000004
301,25926.213000000003
302,26138.213000000003
303,25911.216000000004
304,25509.218000000004
305,26833.225000000002
306,27216.224000000002
307,28750.218000000004
308,28422.219000000005
309,29627.217000000004
310,30726.217000000004
311,31342.215000000004
312,30741.219000000005
313,31212.218000000004
314,30989.220000000005
315,30775.221
316,29764.227000000003
317,29239.226
318,28549.226000000002
319,29624.223
320,29235.222
321,28907.223
322,28177.220000000005
323,28225.217000000004
324,27117.213000000003
325,26123.213000000003
326,26112.215000000004
327,27067.219000000005
328,27477.220000000005
329,26922.224000000006
330,27460.227000000003
331,26697.228000000003
332,27949.226000000002
333,28037.226000000006
334,28581.225000000002
335,29943.219
336,29927.221
337,29775.218
338,29453.212000000003
339,30222.212000000003
340,30568.210000000003
341,31160.212000000003
342,30990.212000000003
343,30592.214000000004
344,30402.212000000003
345,29969.213000000003
346,29200.214000000004
347,28611.214000000004
348,28523.209000000003
349,28905.209000000003
350,28405.206000000006
351,28664.203
352,28254.208000000002
353,28822.203
354,27930.198
355,27378.197
356,27985.194000000003
357,28460.190000000002
358,29235.189000000002
359,28619.198000000004
360,28609.204
361,28339.200000000004
362,28944.200000000004
363,28721.199000000004
364,29079.199000000004
365,30474.200000000004
366,31484.199000000004
367,31496.196000000004
368,30695.197
369,31596.193000000003
370,32021.192000000003
371,32192.192000000003
372,31461.192000000003
373,31717.2
374,31686.207000000002
375,31142.205
376,30753.208000000002
377,30783.211
378,30273.207000000002
379,30615.208000000002
380,29848.213000000003
381,29743.211000000003
382,28937.218000000004
383,29138.219000000005
384,28176.227000000003
385,27782.230000000003
386,28319.221
387,30033.221
388,30266.222
389,29531.225000000002
390,29492.228000000003
391,28953.228000000003
392,29939.234000000004
393,29564.241
394,30315.248000000003
395,31346.242000000002
396,31516.245000000003
397,30956.249000000003
398,30783.252000000004
399,31214.256000000005
400,31460.257000000005
401,32192.263000000006
402,31536.265000000003
403,29636.269000000008
404,29895.272000000008
405,28883.279000000006
406,28437.275000000005
407,28225.270000000008
408,28242.269000000008
409,29074.265000000007
410,28867.265000000007
411,29559.263000000006
412,28951.264000000006
413,29416.264000000006
414,28662.262000000006
415,28483.262000000006
416,28534.258000000005
417,29949.262000000002
418,30212.263000000006
419,29402.270000000004
420,29319.258000000005
421,28813.253000000004
422,30562.249000000003
423,30301.257000000005
424,30902.255000000005
425,32229.256
426,32595.256
427,31805.253000000004
428,30629.256000000005
429,30784.254000000004
430,32079.242000000006
431,32911.239
432,31889.243000000006
433,31701.238000000005
434,31315.234000000004
435,30396.245000000006
436,29837.252000000008
437,29467.241000000005
438,29735.224000000006
439,30057.227000000006
440,29827.224000000006
441,30588.224000000006
442,30006.219000000005
443,30753.225000000006
444,30729.216000000004
445,29570.209000000006
446,28748.207000000006
447,30364.206000000006
448,30898.202000000005
449,30851.202000000005
450,30132.203000000005
451,28983.201000000005
452,30804.194000000003
453,30161.199000000004
454,30502.191000000003
455,31692.180000000004
456,32688.172000000002
457,31716.170000000006
458,30690.176000000003
459,31070.173000000003
460,33474.165
461,34476.162
462,33693.158
463,34585.156
464,33414.151
465,32451.145000000004
466,32477.133
467,31675.133000000005
468,31162.139000000003
469,30683.136000000006
470,30167.121000000003
471,30979.117000000006
472,30107.114000000005
473,31108.111000000004
474,30819.117000000006
475,29703.121000000006
476,29150.120000000006
477,30598.123000000003
478,31160.123000000003
479,31090.126000000004
480,29893.130000000005
481,28496.132000000005
482,29802.135000000006
483,29350.134000000005
484,30098.134000000005
485,31634.136000000006
486,33033.131
487,32655.130000000005
488,32001.130000000005
489,32636.119000000002
490,33375.123
491,34141.12399999999
492,33353.124
493,33551.119
494,32785.116
495,32037.114
496,32246.113
497,31517.109000000004
498,31679.111000000004
499,31745.109000000004
500,31456.110000000004
501,31860.109000000004
502,31591.110000000004
503,31830.107000000004
504,31644.105000000003
505,31069.104000000007
506,30950.104000000007
507,31590.100000000006
508,31886.098000000005
509,30880.099000000006
510,29547.098000000005
511,28026.09600000001
512,28980.095000000005
513,29240.092000000008
514,29981.092000000008
515,31778.091000000004
516,32469.095000000005
517,33036.094000000005
518,31879.09400000001
519,32617.095000000005
520,33651.094000000005
521,35241.091
522,34336.087
523,34721.083999999995
524,34235.08
525,33833.081
526,32488.08200000001
527,31665.079000000005
528,32274.071000000004
529,32267.073000000004
530,32432.073000000004
531,32657.070000000003
532,33605.068999999996
533,33660.068999999996
534,33695.066
535,32681.066000000006
536,33266.064000000006
537,33400.067
538,34075.063
539,33641.066
540,31665.06800000001
541,29510.06800000001
542,30420.068000000007
543,30045.07000000001
544,30090.071000000007
545,31300.06800000001
546,32665.066000000006
547,32660.068000000007
548,31825.069000000007
549,32305.06600000001
550,32625.071000000007
551,34190.071
552,33375.06500000001
553,32885.07000000001
554,32520.070000000007
555,33055.07000000001
556,31910.070000000007
557,31395.066000000006
558,30975.067000000006
559,31030.06600000001
560,31975.06800000001
561,32210.06600000001
562,32145.069000000007
563,33280.071
564,33085.071
565,31960.072000000007
566,32400.069000000007
567,33045.069
568,33950.073000000004
569,32765.07600000001
570,31380.075000000008
571,30475.071000000007
572,30875.069000000007
573,30965.072000000007
574,32168.070000000007
575,32293.074000000008
576,33983.06800000001
577,34658.06700000001
578,33483.06800000001
579,34298.066000000006
580,35258.064
581,36493.062
582,35708.064
583,35628.065
584,34688.064000000006
585,35138.062000000005
586,34918.062000000005
587,33753.061
588,33003.060000000005
589,32793.063
590,33573.063
591,33548.063
592,34003.060000000005
593,34390.061
594,34210.064000000006
595,33175.066000000006
596,32200.067000000006
597,33205.067
598,34800.066000000006
599,33635.066000000006
600,32635.066000000006
601,31460.066000000006
602,31635.070000000007
603,31270.070000000007
604,32880.065
605,34055.064000000006
606,34560.066
607,35145.066
608,35125.065
609,35895.068999999996
610,36620.07
611,36825.068
612,36000.072
613,36295.067
614,35750.064
615,35565.062
616,34980.062
617,33223.062000000005
618,31658.063000000006
619,32093.059000000005
620,32518.058000000005
621,32938.057
622,33155.057
623,33345.058000000005
624,32823.058000000005
625,31843.060000000005
626,31273.06200000001
627,32163.064000000006
628,33213.064000000006
629,32193.06800000001
630,31018.07000000001
631,30183.072000000007
632,30198.074000000008
633,30258.073000000008
634,30253.074000000008
635,37768.07000000001
636,39208.06600000001
637,39363.070000000014
638,38548.07200000001
639,44558.06700000001
640,45673.068
641,46383.073000000004
642,46028.072000000015
643,46003.072
644,45153.06900000002
645,44608.066000000006
646,43985.07000000001
647,43405.06900000001
648,42685.068000000014
649,43255.06700000001
650,43250.069
651,42730.066000000006
652,43085.068000000014
653,43330.068000000014
654,44700.06700000001
655,43115.07300000001
656,42155.07000000001
657,44345.06300000001
658,45875.064
659,46275.06300000001
660,45890.06300000001
661,44915.06300000001
662,44980.06
663,44815.05900000001
664,44225.06000000001
665,46495.065
666,48695.06599999999
667,48720.066000000006
668,48265.061
669,47730.061
670,47920.062000000005
671,49495.058999999994
672,49278.05800000002
673,44241.064000000006
674,43436.06500000001
675,42626.066000000006
676,41676.066000000006
677,40531.066000000006
678,39586.066000000006
679,39221.066000000006
680,39636.066000000006
681,39663.06700000001
682,40053.067
683,40253.067
684,41913.063
685,41148.065
686,40173.065
687,41363.064
688,42703.064
689,43525.062000000005
690,42610.06
691,41530.05900000001
692,41095.06300000001
693,40630.064
694,39705.06400000001
695,41040.066000000006
696,43055.064
697,42820.06700000001
698,43210.062000000005
699,42840.062000000005
700,42750.065
701,43535.065
702,43170.06599999999
703,43655.066999999995
704,37795.068
705,37300.066
706,36810.062
707,36225.063
708,34815.06800000001
709,35015.067
710,35345.069
711,35795.069
712,36020.069
713,36250.067
714,35485.07200000001
715,34705.07200000001
716,34285.073000000004
717,34870.073000000004
718,35575.07800000001
719,36055.078
720,35755.075000000004
721,33975.07500000001
722,34795.07200000001
723,34200.07600000001
724,32945.08300000001
725,34760.082
726,36320.078
727,36060.081000000006
728,35895.076
729,34955.074
730,34885.078
731,36540.074
732,36360.070999999996
733,36335.070999999996
734,35735.074
735,35525.07400000001
736,35215.077000000005
737,34110.079000000005
738,33875.07300000001
739,34225.06900000001
740,34125.066000000006
741,35110.065
742,35725.065
743,36275.067
744,36830.068
745,36795.067
746,36455.067
747,37150.07
748,38060.068999999996
749,38555.07199999999
750,37790.07399999999
751,35475.074
752,35905.070999999996
753,34938.07400000001
754,34388.07200000001
755,35363.07200000001
756,35723.073000000004
757,35978.071
758,35223.071
759,35258.069
760,35838.07
761,37093.068
762,36673.069
763,37878.063
764,38223.062000000005
765,37203.066
766,36798.069
767,35833.06700000001
768,35048.06800000001
769,34733.06300000001
770,33793.060000000005
771,34898.05900000001
772,34950.05900000001
773,35330.061
774,35710.062000000005
775,36010.06500000001
776,35135.06300000001
777,36120.065
778,37270.063
779,37235.06499999999
780,37090.064999999995
781,35495.067
782,35950.064
783,35170.064
784,35145.064
785,35565.063
786,36540.062
787,36090.064
788,36105.060999999994
789,37615.062999999995
790,38370.062999999995
791,39110.06499999999
792,39260.066
793,39865.06799999999
794,39490.066
795,37315.069
796,37350.069
797,36340.070999999996
798,35800.066
799,34480.06800000001
800,33567.067
801,34292.06800000001
802,35082.066
803,35302.066
804,36145.064000000006
805,36900.067
806,36900.067
807,37805.062
808,38863.05999999999
809,39448.05999999999
810,39583.062
811,38183.064999999995
812,37813.066
813,36808.067
814,36773.068999999996
815,38102.07000000001
816,38022.068
817,37442.067
818,36537.072
819,35407.072
820,35808.073000000004
821,36423.072
822,35783.074
823,36563.074
824,36178.074
825,34493.075000000004
826,34493.075000000004
827,34153.075000000004
828,33563.077000000005
829,32923.08000000001
830,32223.08400000001
831,32253.08400000001
832,33223.08500000001
833,33104.084
834,34029.08
835,33769.08500000001
836,34031.083000000006
837,35536.08700000001
838,37196.083000000006
839,37726.08400000001
840,38107.086
841,37012.09100000001
842,36612.095
843,35492.096
844,35502.094000000005
845,36132.095
846,36712.097
847,36717.097
848,36332.091
849,36233.086
850,36078.083999999995
851,36721.083
852,36396.081999999995
853,37016.079999999994
854,36596.08099999999
855,36154.081999999995
856,35409.079999999994
857,35109.077
858,35734.07399999999
859,35154.073
860,34924.075
861,35279.077
862,35689.079
863,35758.079
864,36701.08
865,36061.082
866,36031.083
867,36191.086
868,36786.086
869,37146.087
870,43038.086
871,41976.089
872,41925.09100000001
873,41932.092000000004
874,41333.094000000005
875,37012.096000000005
876,37962.1
877,37732.105
878,36589.11
879,36424.111
880,36009.114
881,36233.12
882,36479.121
883,36481.122
884,36086.129
885,36421.132
886,36026.134
887,36066.133
888,36711.134
889,36801.135
890,37068.136
891,36532.140999999996
892,36502.136
893,36367.136999999995
894,35772.140999999996
895,34318.14199999999
896,34021.138999999996
897,33735.15
898,33735.15
899,34729.152
900,35064.153
901,34484.15699999999
902,34508.155000000006
903,34903.157
904,35614.159
905,36264.159
906,37173.159999999996
907,36968.164
908,36286.169
909,36252.168000000005
910,35794.174
911,36799.172999999995
912,37205.174
913,37950.179
914,38109.183000000005
915,39103.181000000004
916,38430.179000000004
917,37945.187000000005
918,38628.187000000005
919,37876.191999999995
920,37491.195
921,37466.199
922,37009.202
923,36902.207
924,36160.208
925,35828.211
926,35979.215000000004
927,36544.218
928,36317.22000000001
929,37072.225
930,43067.223000000005
931,43160.223000000005
932,43450.219000000005
933,41989.221000000005
934,42563.223
935,42210.228
936,42040.23
937,41943.232
938,41948.234000000004
939,36744.231
940,36354.238000000005
941,37226.238
942,36850.238999999994
943,37268.242999999995
944,37171.242999999995
945,37751.242
946,37347.242
947,36758.245
948,36683.245
949,36746.245
950,37068.241
951,37478.236999999994
952,37060.24
953,37667.240999999995
954,37901.24599999999
955,37587.249
956,37973.25399999999
957,37543.255999999994
958,37662.257
959,37900.257
960,38767.257999999994
961,39818.251
962,40733.257
963,40335.25
964,40061.262
965,39990.262
966,40117.264
967,39623.27
968,39127.272
969,38079.273
970,36842.274999999994
971,36806.27799999999
972,36726.276999999995
973,36885.27999999999
974,36750.28199999999
975,37393.282999999996
976,37690.284999999996
977,36327.287
978,36337.28999999999
979,37758.29099999999
980,38172.28899999999
981,37626.28999999999
982,36843.291999999994
983,37290.301
984,38416.304
985,38362.304
986,37562.314999999995
987,38711.32
988,39053.316
989,38988.318
990,39671.319
991,40671.320999999996
992,41232.324
993,40470.33
994,40587.333
995,40238.329000000005
996,40753.33
997,40318.336
998,38948.346000000005
999,38638.348000000005
1000,37890.350000000006
1001,38816.351
1002,38357.349
1003,38184.355
1004,37965.358
1005,38422.361000000004
1006,37949.364
1007,36984.368
1008,37474.372
1009,38187.378000000004
1010,38473.37500000001
1011,37220.378000000004
1012,37700.375
1013,37948.375
1014,38278.38
1015,38349.388
1016,38670.39
1017,39565.39
1018,40444.384999999995
1019,41046.394
1020,41745.394
1021,42127.401000000005
1022,43512.399000000005
1023,42303.40200000001
1024,41686.41100000001
1025,41680.411
1026,42099.419
1027,41929.41800000001
1028,40986.41400000002
1029,39915.42000000002
1030,39375.426000000014
1031,40645.43100000002
1032,40020.436000000016
1033,40545.436000000016
1034,40190.44000000002
1035,40740.440000000024
1036,39903.43900000002
1037,40466.438000000024
1038,40403.44400000002
1039,39558.445000000014
1040,39500.44800000002
1041,39195.453000000016
1042,38705.455000000016
1043,39836.46000000002
1044,40923.445000000014
1045,41052.44400000002
1046,41135.447000000015
1047,41803.44100000001
1048,43797.44800000001
1049,43882.44600000001
1050,44161.44900000001
1051,43369.45300000001
1052,43926.45100000001
1053,43545.45600000001
1054,43326.45400000001
1055,43231.46000000001
1056,43800.45800000001
1057,42945.47500000001
1058,42383.47800000001
1059,40687.486000000004
1060,40931.48500000001
1061,41469.48500000001
1062,41041.47700000001
1063,41138.47900000001
1064,40957.48000000001
1065,41173.48100000001
1066,40398.486000000004
1067,40821.49100000001
1068,40208.491000000016
1069,41260.498000000014
1070,41518.49900000001
1071,40651.50600000001
1072,40280.51300000001
1073,40969.510000000024
1074,41965.50700000002
1075,41706.51400000001
1076,42485.51000000002
1077,43515.51600000002
1078,44495.51300000001
1079,44070.52000000001
1080,44170.525000000016
1081,45149.52200000002
1082,45654.51900000002
1083,45804.51600000001
1084,44912.52000000002
1085,44909.52400000001
1086,45000.52700000001
1087,44767.529000000024
1088,43790.53500000002
1089,43437.54300000002
1090,43837.54500000002
1091,42466.56000000003
1092,42307.56000000002
1093,42611.56200000002
1094,42395.56000000001
1095,41790.564000000006
1096,41327.57600000001
1097,41296.57700000001
1098,40133.570000000014
1099,41501.57100000001
1100,41256.568000000014
1101,40225.57500000002
1102,41266.57200000001
1103,42374.576000000015
1104,43558.57300000001
1105,44057.567000000025
1106,44096.56700000002
1107,45253.56800000002
1108,46604.57700000001
1109,46394.57600000001
1110,46401.57700000001
1111,46936.585000000014
1112,47124.591000000015
1113,46319.58600000002
1114,45881.58600000001
1115,46113.587000000014
1116,46947.58300000002
1117,46247.58700000002
1118,45494.58700000002
1119,45055.59600000002
1120,46414.60300000002
1121,46292.60200000001
1122,45763.61200000002
1123,45803.61500000003
1124,45454.62000000002
1125,44383.63200000002
1126,44753.627000000015
1127,44957.633000000016
1128,44620.628000000026
1129,45351.638000000006
1130,44215.63600000001
1131,42938.63800000001
1132,42858.63500000002
1133,44290.63700000001
1134,44091.64000000001
1135,44064.64700000001
1136,44183.644000000015
1137,43955.64100000001
1138,45092.65800000001
1139,44482.656
1140,44365.655
1141,45680.640999999996
1142,45771.64200000001
1143,44527.64300000001
1144,44877.63700000001
1145,45063.63600000001
1146,45970.63300000001
1147,45078.627000000015
1148,44117.63300000001
1149,42995.63000000001
1150,43831.63800000002
1151,43397.634000000005
1152,43727.63000000002
1153,42846.63300000001
1154,43842.63100000001
1155,43705.63200000001
1156,43287.64000000001
1157,43560.64300000002
1158,43553.629000000015
1159,44209.63200000002
1160,43476.62800000002
1161,42881.62600000001
1162,42771.62200000002
1163,43979.62300000002
1164,43616.61800000002
1165,43020.63000000001
1166,43213.62200000002
1167,43907.629000000015
1168,44315.637
1169,44544.62800000001
1170,44767.63100000001
1171,45179.634000000005
1172,45277.626000000004
1173,44109.62600000001
1174,43265.637
1175,43021.636000000006
1176,43371.642
1177,42249.643000000004
1178,41055.63700000001
1179,40740.64100000001
1180,40763.65100000001
1181,40818.66200000002
1182,39536.67100000002
1183,38838.678000000014
1184,38732.68100000001
1185,39030.68300000001
1186,39307.673
1187,39902.667
1188,39888.66700000001
1189,39950.665000000015
1190,40221.65500000002
1191,39531.65600000002
1192,39564.65600000001
1193,40585.65100000001
1194,41280.64200000002
1195,41588.63900000002
1196,41114.63500000002
1197,41521.642000000014
1198,42831.640000000014
1199,42962.64000000002
1200,42958.63000000002
1201,44272.632000000005
1202,44458.632000000005
1203,44669.62300000001
1204,44113.62100000001
1205,43685.615
1206,43212.62200000001
1207,41679.624
1208,40457.62800000001
1209,41184.619
1210,41327.609
1211,40656.619
1212,40525.612
1213,40176.616
1214,39560.615000000005
1215,38668.61
1216,38570.61600000001
1217,38984.617000000006
1218,37629.627000000015
1219,36157.63100000001
1220,36288.63600000001
1221,36179.629000000015
1222,35595.633000000016
1223,34411.63500000002
1224,35560.633000000016
1225,36212.63100000001
1226,34864.62700000001
1227,35546.61000000001
1228,36076.608000000015
1229,37089.594000000005
1230,37153.58200000001
1231,38199.583
1232,38494.57800000001
1233,38399.575000000004
1234,37903.573000000004
1235,36753.573000000004
1236,36698.564000000006
1237,34847.56300000001
1238,34424.57000000001
1239,34181.576
1240,33422.57500000002
1241,33635.57500000001
1242,34737.58
1243,35613.58699999999
1244,35078.585
1245,34851.586
1246,35049.594000000005
1247,37020.58700000001
1248,36515.587
1249,36068.591
1250,35730.58500000001
1251,35485.571
1252,34230.57300000001
1253,32812.58200000002
1254,34256.57900000001
1255,34762.57900000001
1256,34386.57300000001
1257,33378.56500000002
1258,34290.57100000002
1259,34937.56000000001
1260,34696.56000000002
1261,35329.55700000001
1262,35400.55800000002
1263,35725.557000000015
1264,35997.55000000002
1265,35055.54400000001
1266,34222.54500000002
1267,33344.54200000002
1268,32421.55000000002
1269,31993.54700000002
1270,32810.54900000002
1271,32523.535000000018
1272,32942.53100000002
1273,33116.525000000016
1274,33045.51400000002
1275,33154.52000000002
1276,33538.52900000002
1277,34272.52700000002
1278,33790.52400000002
1279,34103.521000000015
1280,32283.523000000016
1281,32578.514000000017
1282,32507.505000000016
1283,31704.514000000014
1284,32085.509000000016
1285,31731.505000000016
1286,31333.50300000002
1287,30048.50700000002
1288,31103.50400000002
1289,31693.50300000002
1290,31099.500000000022
1291,30547.51800000002
1292,31604.512000000017
1293,31366.51100000002
1294,31558.515000000018
1295,30685.51900000002
1296,29865.515000000018
1297,30256.505000000016
1298,29902.49700000002
1299,29012.498000000018
1300,29905.497000000018
1301,30183.497000000018
1302,30787.490000000016
1303,30765.486000000015
1304,30227.48500000002
1305,30985.48500000002
1306,31563.483000000015
1307,32012.478000000014
1308,31523.46800000001
1309,31533.466000000015
1310,29079.471000000012
1311,28549.475000000013
1312,28193.46800000001
1313,28836.46300000001
1314,28083.46500000001
1315,27009.46800000001
1316,26204.47400000001
1317,26046.466000000008
1318,25716.47600000001
1319,25881.47400000001
1320,25680.46100000001
1321,26340.461000000014
1322,25848.456000000013
1323,25181.45900000001
1324,25860.45000000001
1325,26276.444000000014
1326,26389.44100000001
1327,26383.43900000001
1328,26811.43300000001
1329,27265.43200000001
1330,28269.42200000001
1331,27958.419000000013
1332,28762.42300000001
1333,28428.420000000013
1334,28465.42500000001
1335,29470.42500000001
1336,29371.42900000001
1337,29175.428000000014
1338,28497.42100000001
1339,27311.42600000001
1340,25959.42100000001
1341,26458.41100000001
1342,26125.40800000001
1343,26282.417000000012
1344,25704.41300000001
1345,24780.41800000001
1346,23828.41700000001
1347,23212.41600000001
1348,22038.418000000012
1349,22443.42700000001
1350,22181.426000000014
1351,22400.433000000008
1352,21823.427000000007
1353,21534.421000000013
1354,21725.420000000013
1355,21817.421000000013
1356,23089.42200000001
1357,22140.42000000001
1358,22734.41100000001
1359,22629.41300000001
1360,23426.40600000001
1361,23089.41000000001
1362,23908.39900000001
1363,24797.396000000008
1364,24725.395000000008
1365,24844.394000000008
1366,24643.396000000008
1367,25778.391000000007
1368,25637.387000000006
1369,24370.400000000005
1370,23684.398000000005
1371,22705.394000000008
1372,23070.391000000007
1373,22534.399000000005
1374,22202.394000000004
1375,20578.399000000005
1376,19434.39800000001
1377,18907.397000000004
1378,18359.391000000003
1379,18469.393000000004
1380,18561.396
1381,19659.387000000002
1382,19308.384000000002
1383,18907.38
1384,18716.389000000003
1385,20146.379
1386,20412.384000000002
1387,19737.387
1388,19277.389
1389,19610.387000000002
1390,20578.383
1391,20753.383
1392,20258.385000000002
1393,20646.396
1394,19839.406000000003
1395,19015.407000000007
1396,19554.403000000006
1397,20529.4
1398,21901.398000000005
1399,20865.403000000006
1400,20314.398000000005
1401,19163.391000000003
1402,21541.379
1403,22049.371000000003
1404,22648.367000000002
1405,22734.353
1406,21634.356
1407,20741.354
1408,19819.356
1409,20208.347999999998
1410,19738.339999999997
1411,20219.336999999996
1412,17915.331999999995
1413,15891.331999999999
1414,15816.332
1415,15438.332
1416,15586.333000000002
1417,14733.338000000002
1418,14109.341000000002
1419,14050.339000000004
1420,12908.346000000001
1421,13377.346000000003
1422,12878.352000000006
1423,13470.359000000008
1424,12338.365000000009
1425,13198.373000000009
1426,12058.384000000007
1427,12080.394000000006
1428,13724.391000000009
1429,15115.39700000001
1430,17857.40200000001
1431,16711.41400000001
1432,17137.423000000013
1433,15174.435000000018
1434,13938.449000000019
1435,11407.477000000023
1436,10638.488000000025
1437,8474.50800000002
1438,5771.539000000019
1439,2665.5799999999977
1440,2113.447999999996
1441,2779.4460000000036
1442,3682.44200000001
1443,5507.433000000023
1444,6805.425000000022
1445,8275.41500000002
1446,9280.405000000024
1447,10550.400000000023
1448,11405.393000000024
1449,12480.39600000002
1450,14587.389000000017
1451,14919.390000000018
1452,14834.387000000017
1453,14294.385000000013
1454,14592.377000000013
1455,13942.376000000011
1456,13465.368000000011
1457,13379.36200000001
1458,13559.35200000001
1459,13396.349000000007
1460,11307.338000000005
1461,12522.335000000003
1462,13961.330000000002
1463,14774.328000000003
1464,14472.331000000004
1465,15927.323000000002
1466,17772.316
1467,17652.317
1468,17809.32
1469,17914.315
1470,19714.314
1471,18157.315
1472,17802.316000000003
1473,18252.313
1474,19113.309999999998
1475,19523.309999999998
1476,18819.311999999998
1477,19204.316
1478,19789.317
1479,20421.315000000002
1480,19078.319000000003
1481,20183.320000000003
1482,19698.318000000003
1483,18478.319
1484,18633.320000000003
1485,18401.318000000003
1486,17326.309
1487,17926.301
1488,17356.297000000002
1489,16708.298000000003
1490,15828.291000000001
1491,15578.289000000002
1492,15975.284000000001
1493,16929.282000000003
1494,16634.283
1495,17004.281000000003
1496,18264.282000000003
1497,16816.284000000003
1498,16966.279000000002
1499,16808.273
1500,17411.267000000003
1501,16449.262000000002
1502,16834.259000000002
1503,17168.263000000003
1504,17736.255000000005
1505,17601.260000000006
1506,16884.251000000004
1507,16654.252000000004
1508,16289.251000000006
1509,16924.241
1510,15874.239000000005
1511,17406.238000000005
1512,17751.237000000005
1513,16573.232000000004
1514,16926.229000000007
1515,17221.229000000007
1516,15981.222000000007
1517,16916.221000000005
1518,16526.215000000007
1519,16156.204000000007
1520,16379.199000000006
1521,16009.197000000006
1522,16024.196000000004
1523,16604.197000000007
1524,16034.195000000005
1525,16029.196000000005
1526,17209.199000000004
1527,16641.197000000007
1528,17044.199000000004
1529,17644.198000000008
1530,18262.197000000007
1531,18037.196000000007
1532,17257.195000000007
1533,18042.194000000007
1534,18637.192000000006
1535,17829.198000000008
1536,17627.20100000001
1537,17437.202000000005
1538,18384.20300000001
1539,17814.204000000005
1540,16824.207000000006
1541,17434.204000000005
1542,18214.204000000005
1543,17057.205000000005
1544,17834.203000000005
1545,18032.204000000005
1546,16682.201
1547,17419.205
1548,16877.202
1549,15882.206000000004
1550,16102.204000000003
1551,16444.208000000002
1552,16624.210000000003
1553,16596.212000000003
1554,16406.211000000003
1555,17216.208000000002
1556,18961.209000000006
1557,18754.211000000007
1558,18987.206000000006
1559,19377.206000000006
1560,19795.204000000005
1561,19615.202000000005
1562,19237.202000000005
1563,18812.206000000006
1564,19402.206000000006
1565,19397.207000000006
1566,19607.203000000005
1567,18999.205000000005
1568,19787.206000000006
1569,18999.208000000006
1570,18446.204
1571,18449.205
1572,18282.202
1573,17887.203000000005
1574,18907.199000000004
1575,18506.197000000007
1576,16136.200000000004
1577,16981.197000000004
1578,16796.195000000003
1579,16614.194000000003
1580,17004.192000000003
1581,18009.189000000006
1582,18037.186000000005
1583,18199.190000000002
1584,17804.191000000003
1585,18382.191000000003
1586,19917.193000000003
1587,20917.190000000002
1588,20522.190000000002
1589,20512.192000000003
1590,20322.191000000003
1591,20117.193000000003
1592,19542.193000000003
1593,19762.191000000003
1594,20187.187000000005
1595,20939.190000000006
1596,20354.190000000006
1597,20179.188000000006
1598,20584.188000000006
1599,20979.187000000005
1600,20194.188000000006
1601,20549.191000000006
1602,20964.187000000005
1603,20739.191000000003
1604,20759.189000000006
1605,20359.189000000006
1606,19199.189000000006
1607,19619.188000000006
1608,19004.192000000006
1609,17794.198000000004
1610,18389.196000000004
1611,19369.196000000004
1612,19369.196000000004
1613,18807.195000000003
1614,19597.193000000007
1615,19187.196000000007
1616,20762.193000000003
1617,20752.195000000003
1618,20924.196000000007
1619,20929.196000000007
1620,20777.192000000006
1621,20372.193000000007
1622,19972.193000000007
1623,20157.195000000003
1624,20332.195000000007
1625,21672.196000000004
1626,21072.195000000003
1627,20867.197000000004
1628,21677.195000000003
1629,21897.192000000003
1630,20917.193000000003
1631,20727.192000000003
1632,21117.192000000003
1633,21892.194000000003
1634,21862.195000000003
1635,21717.191000000003
1636,19967.188000000002
1637,20752.187
1638,19782.184000000005
1639,18587.184000000005
1640,19562.184000000005
1641,20347.182000000004
1642,18967.183000000005
1643,18374.182000000004
1644,19349.181000000004
1645,18929.183000000005
1646,20639.185000000005
1647,20247.185000000005
1648,20637.184000000005
1649,21212.186000000005
1650,20582.189000000006
1651,20797.185000000005
1652,20437.183000000005
1653,20417.185000000005
1654,20227.182000000004
1655,21392.181000000004
1656,20427.180000000008
1657,20237.178000000007
1658,21582.177000000007
1659,21152.180000000008
1660,20352.18600000001
1661,20336.18900000001
1662,20531.18700000001
1663,20891.18800000001
1664,20696.18700000001
1665,20504.183000000008
1666,19364.180000000004
1667,20159.177000000003
1668,18374.180000000004
1669,18364.182000000004
1670,19144.183000000005
1671,20699.183000000005
1672,20314.182000000004
1673,20514.180000000004
1674,21099.181000000004
1675,20494.185000000005
1676,22659.185000000005
1677,23616.185000000005
1678,24439.181000000004
1679,24094.183000000005
1680,24274.187000000005
1681,24444.192000000006
1682,23459.196000000007
1683,23054.196000000007
1684,23239.198000000008
1685,23464.20200000001
1686,21545.199000000008
1687,20729.20500000001
1688,21744.208000000006
1689,21964.20800000001
1690,21759.209000000006
1691,21375.211000000007
1692,21380.213000000007
1693,21570.213000000007
1694,21590.210000000006
1695,22208.209000000006
1696,20843.213000000007
1697,21608.214000000007
1698,20228.21900000001
1699,20603.21900000001
1700,21623.214000000007
1701,22803.213000000007
1702,22456.211000000003
1703,22057.209000000006
1704,21657.213000000003
1705,21751.210000000006
1706,23865.213000000007
1707,24614.214000000007
1708,26160.215000000007
1709,26341.219000000005
1710,25935.226000000006
1711,25935.224000000006
1712,24790.223000000005
1713,24450.225000000006
1714,24464.225000000006
1715,24478.223000000005
1716,23764.222000000005
1717,23786.218000000004
1718,24801.217000000004
1719,24662.215000000007
1720,23972.213000000003
1721,23786.213000000003
1722,24415.212000000003
1723,24463.207000000002
1724,24248.212000000003
1725,24666.212000000003
1726,23242.218000000004
1727,24260.215000000004
1728,23763.209000000003
1729,24380.208000000002
1730,24970.206000000002
1731,25949.203
1732,25383.207000000002
1733,24684.204000000005
1734,24509.204000000005
1735,24887.206000000006
1736,26598.216000000004
1737,26859.213000000003
1738,27042.216000000004
1739,26682.215000000004
1740,27100.215000000004
1741,26281.219000000005
1742,25166.215000000004
1743,25387.213000000003
1744,24989.215000000004
1745,25477.211000000003
1746,24555.208000000006
1747,24159.210000000006
1748,25316.212000000007
1749,26545.213000000007
1750,25348.217000000004
1751,24972.221000000005
1752,25620.221000000005
1753,26019.223000000005
1754,26839.219000000005
1755,27440.215000000004
1756,26648.214000000004
1757,27739.223000000005
1758,26996.218000000004
1759,27540.221
1760,28175.215
1761,28158.218
1762,27348.217
1763,25404.221
1764,24073.221
1765,24677.217
1766,26083.219
1767,26697.214000000004
1768,26532.213000000003
1769,26309.213000000003
1770,26713.211000000003
1771,27071.212000000003
1772,26589.204
1773,26760.209000000003
1774,26020.211000000003
1775,26279.214000000004
1776,25114.214000000004
1777,25216.211000000003
1778,27027.212000000003
1779,27964.209000000003
1780,26673.202
1781,27249.201
1782,28073.201
1783,28672.201
1784,28757.205
1785,29370.203
1786,28984.204
1787,30279.211000000003
1788,29726.211000000003
1789,30107.210000000003
1790,30513.210000000003
1791,30803.208000000002
1792,29689.205
1793,28109.207000000002
1794,27170.202
1795,27423.201
1796,28184.205
1797,27831.202
1798,26780.214000000004
1799,27162.218000000004
1800,26775.218000000004
1801,27205.215000000004
1802,26502.214000000004
1803,26296.215000000004
1804,25941.213000000003
1805,26132.209000000003
1806,25573.208000000002
1807,25863.202
1808,27048.203
1809,27763.207000000006
1810,27088.204000000005
1811,27550.203000000005
1812,28230.200000000004
1813,29455.201000000005
1814,29440.198000000004
1815,30419.202000000005
1816,30341.196000000004
1817,30899.204000000005
1818,30914.207000000002
1819,30800.208000000002
1820,32455.207000000002
1821,32417.214
1822,32128.209000000003
1823,30175.211000000003
1824,29005.213
1825,28412.212000000003
1826,29516.217
1827,35108.221000000005
1828,34804.215
1829,34851.22
1830,34394.228
1831,34276.225000000006
1832,33470.229999999996
1833,33562.234
1834,32988.236000000004
1835,32925.241
1836,32599.243000000002
1837,32613.241
1838,33997.242
1839,34453.239
1840,34042.23700000001
1841,34741.249
1842,35413.25
1843,36001.249
1844,36354.257000000005
1845,37135.25600000001
1846,36546.26
1847,37516.262
1848,36721.264
1849,36913.27500000001
1850,37498.277
1851,37069.28200000001
1852,35776.287000000004
1853,35102.278000000006
1854,35466.277
1855,35120.273
1856,35838.265
1857,35015.263000000006
1858,34231.257
1859,33796.263000000006
1860,33415.262
1861,34288.253000000004
1862,34035.25200000001
1863,34476.246
1864,33865.242
1865,34222.244000000006
1866,33700.253000000004
1867,34543.255000000005
1868,35246.26700000001
1869,34879.259000000005
1870,34525.25600000001
1871,35481.25200000001
1872,36339.25600000001
1873,36661.251000000004
1874,36820.25
1875,32123.243000000006
1876,31829.247000000003
1877,32371.246000000003
1878,31642.244000000006
1879,32897.229
1880,32311.230000000003
1881,31515.227000000003
1882,29961.225000000006
1883,29489.222000000005
1884,30177.221000000005
1885,29996.219000000005
1886,31096.218000000004
1887,30730.215000000007
1888,30112.211000000007
1889,31010.218000000008
1890,30132.218000000004
1891,31235.214000000007
1892,31475.204
1893,31493.204000000005
1894,29504.207000000006
1895,30504.197000000007
1896,29877.195000000007
1897,30272.191000000006
1898,31641.185000000005
1899,31008.186000000005
1900,30674.174000000003
1901,31262.164000000004
1902,32092.156000000006
1903,32774.153000000006
1904,33441.147000000004
1905,33825.136000000006
1906,33987.133
1907,34943.131
1908,36382.12499999999
1909,35958.122999999985
1910,36723.12199999999
1911,36484.11599999999
1912,33943.121
1913,33217.117000000006
1914,34086.12
1915,34484.116
1916,35477.115999999995
1917,35204.117999999995
1918,35155.119
1919,35995.11699999999
1920,34817.119
1921,34483.114
1922,34586.118
1923,32383.120000000003
1924,31417.118000000002
1925,32089.113
1926,31458.115
1927,31520.113
1928,32936.107
1929,33331.104999999996
1930,33477.108
1931,33900.103
1932,34666.102
1933,35279.097
1934,35683.094000000005
1935,35578.098999999995
1936,35388.094000000005
1937,35726.094999999994
1938,34602.091
1939,34304.090000000004
1940,35295.089
1941,34118.089
1942,33171.085
1943,32992.084
1944,33117.087999999996
1945,32331.092
1946,33331.093
1947,32514.097000000005
1948,32867.099
1949,33371.099
1950,32439.096000000005
1951,32050.097000000005
1952,32038.098000000005
1953,32189.100000000006
1954,31460.099000000006
1955,31610.102000000006
1956,31206.103000000006
1957,31540.106000000007
1958,32870.102000000006
1959,32195.098000000005
1960,32009.099000000006
1961,32599.096000000005
1962,32770.096000000005
1963,32775.092000000004
1964,32753.093000000008
1965,33338.092000000004
1966,33320.090000000004
1967,32481.09500000001
1968,30706.09500000001
1969,31066.09600000001
1970,31316.093000000008
1971,30926.09400000001
1972,30955.090000000007
1973,30855.084000000006
1974,30808.087000000007
1975,29623.087000000007
1976,31466.081000000006
1977,31620.079000000005
1978,31660.072000000007
1979,31700.06800000001
1980,30890.06800000001
1981,31095.06400000001
1982,31120.06300000001
1983,31105.06200000001
1984,30540.064000000006
1985,31350.063000000006
1986,30150.06600000001
1987,30745.064000000006
1988,32135.06500000001
1989,31545.067000000006
1990,31985.067000000006
1991,31940.067000000006
1992,32585.066000000006
1993,32798.06800000001
1994,33193.067
1995,32748.068000000007
1996,32523.069000000007
1997,32528.069000000007
1998,31383.069000000007
1999,31653.064000000006
2000,31908.063000000006
2001,32433.066000000006
2002,32198.070000000007
2003,32168.071000000007
2004,32420.070000000007
2005,31865.069000000007
2006,33290.067
2007,32765.065000000006
2008,31945.069000000007
2009,32770.065
2010,32060.061000000005
2011,32260.061000000005
2012,32855.059
2013,32870.057
2014,32445.059000000005
2015,32825.061
2016,32215.062000000005
2017,32400.065000000006
2018,34255.060000000005
2019,34685.057
2020,35070.058000000005
2021,33925.058000000005
2022,33675.064000000006
2023,34155.056000000004
2024,33965.055
2025,33735.052
2026,33575.05
2027,33585.05
2028,32765.053000000007
2029,32410.052000000003
2030,33245.05100000001
2031,33810.05
2032,32805.05100000001
2033,32970.052
2034,33880.05500000001
2035,32740.06000000001
2036,34330.059
2037,34555.058000000005
2038,33750.058000000005
2039,34000.057
2040,33420.058000000005
2041,32880.05900000001
2042,33830.060000000005
2043,33860.05900000001
2044,34060.05900000001
2045,36450.059
2046,35635.061
2047,35810.061
2048,37560.064
2049,37225.063
2050,37470.058000000005
2051,36885.058
2052,36795.062
2053,36630.063
2054,36275.061
2055,37630.060000000005
2056,36680.060000000005
2057,36465.064000000006
2058,35735.065
2059,35410.06300000001
2060,35425.065
2061,36030.06700000001
2062,35215.069
2063,35580.069
2064,35375.07100000001
2065,35025.06800000001
2066,37380.065
2067,37975.064000000006
2068,38185.061
2069,38575.061
2070,37845.061
2071,36850.065
2072,37630.066
2073,37635.065
2074,37175.064
2075,37635.064999999995
2076,36855.065
2077,37020.066
2078,37605.066
2079,37505.070999999996
2080,37640.073
2081,37023.075000000004
2082,37508.071
2083,37143.07200000001
2084,37773.06900000001
2085,37248.06900000001
2086,36333.067
2087,35753.066000000006
2088,34578.06800000001
2089,34578.06800000001
2090,35168.06800000001
2091,35273.068000000014
2092,34690.069
2093,35270.07000000001
2094,35790.06800000001
2095,35205.06800000001
2096,36620.06800000001
2097,37240.066000000006
2098,38145.07000000001
2099,37570.06800000001
2100,37415.065
2101,37805.065
2102,38445.065
2103,38550.068
2104,38680.06800000001
2105,39890.066999999995
2106,39500.067
2107,39435.07
2108,39690.068999999996
2109,39720.068
2110,39325.069
2111,39300.07
2112,38935.071
2113,38320.07200000001
2114,38325.07200000001
2115,37915.071
2116,36565.073
2117,36250.068
2118,35720.067
2119,36230.07400000001
2120,36685.071
2121,36350.07
2122,35600.071
2123,36005.06800000001
2124,35250.06800000001
2125,34645.067
2126,35835.072
2127,36670.071
2128,36470.072
2129,36055.073000000004
2130,36035.073000000004
2131,36360.076
2132,37730.075
2133,38100.075
2134,38975.07199999999
2135,39485.07
2136,39060.073000000004
2137,38140.072
2138,38355.073000000004
2139,38690.075
2140,38515.076
2141,38970.073000000004
2142,38775.073000000004
2143,38065.078
2144,37895.079000000005
2145,37850.07400000001
2146,36270.075000000004
2147,36070.076
2148,35965.073
2149,36565.07
2150,37130.069
2151,36760.066
2152,35480.06499999999
2153,35340.06399999999
2154,35150.062999999995
2155,33950.064
2156,35715.062999999995
2157,36420.05999999999
2158,36395.058999999994
2159,36565.058999999994
2160,36525.062
2161,36685.064
2162,37680.065
2163,38105.062999999995
2164,38525.062
2165,39150.064
2166,38390.065
2167,37940.066999999995
2168,38870.066
2169,37670.066999999995
2170,34490.070999999996
2171,34490.07199999999
2172,32715.07100000001
2173,33705.06800000001
2174,34020.069
2175,33650.071
2176,32680.07000000001
2177,32305.07100000001
2178,32625.07100000001
2179,33985.073000000004
2180,34310.076
2181,33775.082
2182,32310.08700000001
2183,31820.084000000013
2184,31225.087000000014
2185,30850.084000000013
2186,32755.08400000001
2187,34130.082
2188,33565.08500000001
2189,32970.08800000001
2190,33980.081000000006
2191,34025.077000000005
2192,34650.078
2193,34305.075000000004
2194,34360.074
2195,36130.072
2196,34310.074
2197,33660.077000000005
2198,34470.076
2199,33860.07600000001
2200,33165.07800000001
2201,33075.08100000001
2202,32965.07900000001
2203,34100.081
2204,34925.076
2205,33810.075000000004
2206,32900.07700000001
2207,31910.07400000001
2208,31825.07500000001
2209,35130.068999999996
2210,34375.068999999996
2211,35380.068
2212,34360.072
2213,33588.069
2214,33208.06700000001
2215,33473.06300000001
2216,34708.06
2217,36103.058999999994
2218,35553.05599999999
2219,34213.059
2220,34273.066
2221,33238.06800000001
2222,34258.068999999996
2223,33753.063
2224,33528.064
2225,34518.06999999999
2226,33373.07000000001
2227,33153.07000000001
2228,34323.06999999999
2229,33113.07200000001
2230,33208.06800000001
2231,33098.066000000006
2232,33128.066000000006
2233,35258.064
2234,35263.066
2235,34263.066
2236,34378.067
2237,33403.06700000001
2238,33368.06900000001
2239,34173.068999999996
2240,33923.07
2241,34758.06899999999
2242,33613.071
2243,32928.06700000001
2244,32772.066000000006
2245,32804.066000000006
2246,33809.065
2247,34754.067
2248,33389.06700000001
2249,33984.066000000006
2250,34504.070999999996
2251,33324.07400000001
2252,34141.073000000004
2253,32961.075000000004
2254,33323.077000000005
2255,33858.083000000006
2256,32548.09100000001
2257,33118.09000000001
2258,33919.08900000001
2259,33309.09000000001
2260,32754.08900000001
2261,32779.09000000001
2262,32779.09000000001
2263,34349.09300000001
2264,34026.09100000001
2265,33251.09000000001
2266,33861.08600000001
2267,33271.083000000006
2268,33776.08500000001
2269,34801.08500000001
2270,34863.08700000001
2271,35333.086
2272,34353.08700000001
2273,32458.08600000001
2274,32268.08600000001
2275,31543.08500000001
2276,32593.09000000001
2277,33123.09300000001
2278,32577.09300000001
2279,32203.09300000001
2280,33022.09300000001
2281,32265.094000000012
2282,33415.09300000001
2283,34165.09400000001
2284,36315.092000000004
2285,37095.092000000004
2286,36745.089
2287,36845.093
2288,36520.090000000004
2289,36680.092000000004
2290,35985.091
2291,36749.091
2292,36679.095
2293,37707.094
2294,36092.101
2295,36167.097
2296,35897.094
2297,34813.09
2298,35823.087999999996
2299,35523.094
2300,35958.091
2301,36959.089
2302,35201.08900000001
2303,33591.090000000004
2304,33390.09300000001
2305,32879.09200000001
2306,32534.09600000001
2307,33969.092000000004
2308,33119.09700000001
2309,32645.09400000001
2310,33604.094000000005
2311,32260.09400000001
2312,33640.091
2313,34799.09400000001
2314,35380.095
2315,36330.095
2316,37206.091
2317,37557.096999999994
2318,37587.099
2319,38123.104
2320,42855.103
2321,43065.10800000001
2322,44015.111
2323,38745.111999999994
2324,38075.117
2325,37200.117999999995
2326,37603.117
2327,36419.12
2328,36842.117
2329,37257.11899999999
2330,37447.11699999999
2331,38302.11599999999
2332,36714.11799999999
2333,35149.121
2334,35159.126000000004
2335,34284.133
2336,33951.133
2337,34371.136
2338,34617.139
2339,33042.14500000001
2340,34007.144
2341,33712.14600000001
2342,33817.152
2343,34565.151000000005
2344,34864.15700000001
2345,36214.16100000001
2346,35629.16300000001
2347,35943.16300000001
2348,35965.166000000005
2349,36775.17100000001
2350,36880.17100000001
2351,36868.175
2352,38419.178
2353,39474.176
2354,38640.176
2355,37992.174
2356,38484.174999999996
2357,37708.18
2358,37208.183999999994
2359,37363.187999999995
2360,39073.193
2361,39313.193
2362,38091.19300000001
2363,37950.19
2364,38031.19
2365,37504.19200000001
2366,37638.19200000001
2367,38106.19600000001
2368,43966.199
2369,42776.20500000001
2370,42785.210000000014
2371,42860.21100000001
2372,43526.20600000001
2373,42845.204000000005
2374,43342.20200000001
2375,44507.204000000005
2376,44581.201
2377,44557.208999999995
2378,44835.206
2379,45731.210999999996
2380,45526.215
2381,39500.212999999996
2382,39760.217
2383,39911.227
2384,39140.23099999999
2385,38772.233
2386,39819.23799999999
2387,39228.24199999999
2388,39766.23799999999
2389,40165.242999999995
2390,39843.24299999999
2391,40780.24399999999
2392,39660.24799999999
2393,38636.251999999986
2394,38210.255
2395,37490.264
2396,42401.263000000006
2397,42819.269000000015
2398,44087.263
2399,43152.269
2400,43949.263
2401,44308.265
2402,45153.268000000004
2403,45148.276
2404,46382.281
2405,47668.28200000001
2406,47261.29000000001
2407,47155.29400000001
2408,46826.29300000001
2409,48011.28900000001
2410,48396.28400000001
2411,47220.29200000001
2412,47144.29200000001
2413,47574.297000000006
2414,46985.29800000001
2415,46761.30400000001
2416,47401.306000000004
2417,46726.316000000006
2418,46168.32400000001
2419,45921.333000000006
2420,45611.33300000001
2421,46085.33400000001
2422,45777.33300000001
2423,44747.33200000002
2424,44094.32900000001
2425,37803.33200000001
2426,37048.333000000006
2427,37820.33200000001
2428,38980.33400000001
2429,38438.333000000006
2430,39083.329000000005
2431,39471.33000000001
2432,40831.329000000005
2433,40709.33700000001
2434,41342.338
2435,42583.335000000014
2436,43202.33900000001
2437,43234.345
2438,43390.346999999994
2439,44340.349
2440,44112.349
2441,43170.353
2442,43110.354999999996
2443,43708.359000000004
2444,43125.36200000001
2445,43502.369000000006
2446,44015.37000000001
2447,43617.369000000006
2448,42544.36600000001
2449,43131.36500000001
2450,43001.35900000001
2451,43782.36100000002
2452,43360.358000000015
2453,42308.35900000001
2454,41507.36100000002
2455,40912.35900000001
2456,39583.364000000016
2457,40035.35900000002
2458,41671.36100000001
2459,41068.366000000016
2460,42163.36800000002
2461,42737.36300000003
2462,43077.36900000001
2463,43613.37500000002
2464,43048.38200000001
2465,43258.39100000001
2466,44312.38800000001
2467,44677.390000000014
2468,45032.39500000002
2469,45308.39700000001
2470,42401.40300000001
2471,40758.40400000001
2472,40531.40300000001
2473,41501.40200000001
2474,40654.39900000001
2475,40105.40700000001
2476,41292.41100000001
2477,40703.40800000001
2478,45193.415000000015
2479,45924.42000000002
2480,45847.42200000002
2481,46450.42700000002
2482,46626.42100000001
2483,44851.432000000015
2484,44065.43400000001
2485,43009.44300000001
2486,42261.44500000001
2487,42887.44200000002
2488,43447.44100000001
2489,43316.44700000002
2490,43683.45300000002
2491,43907.464000000014
2492,45054.460000000014
2493,48062.45900000001
2494,49398.45900000001
2495,50649.45700000002
2496,51550.44900000001
2497,51639.45700000001
2498,51446.456000000006
2499,51181.46900000001
2500,50903.47300000001
2501,49549.47800000002
2502,49593.482
2503,50554.484
2504,50322.484
2505,50783.489
2506,51578.489
2507,51533.486999999994
2508,50863.489
2509,51215.49600000001
2510,45607.49600000001
2511,45648.505000000005
2512,44505.50400000001
2513,42985.51200000002
2514,42084.509000000005
2515,40510.50800000001
2516,39684.508000000016
2517,40615.513000000006
2518,42336.508
2519,42630.506
2520,42724.516
2521,43474.51700000001
2522,44154.52200000001
2523,43966.52700000002
2524,44871.52800000001
2525,45840.542000000016
2526,46958.54600000002
2527,46361.54600000002
2528,47089.55300000001
2529,46638.559
2530,46364.558000000005
2531,45052.553000000014
2532,44812.55700000002
2533,45731.56600000002
2534,45255.55800000002
2535,45605.56200000002
2536,45535.56700000001
2537,42549.579000000005
2538,40991.594
2539,41695.596000000005
2540,41801.601
2541,41882.608
2542,41179.608000000015
2543,40619.61300000001
2544,40788.602000000006
2545,39307.59700000001
2546,38223.59000000001
2547,39060.595
2548,39859.59300000001
2549,40320.586
2550,40554.583000000006
2551,41271.591
2552,43028.590000000004
2553,42893.596000000005
2554,44097.59799999999
2555,45815.593
2556,47047.592
2557,47394.592
2558,47803.599
2559,48477.596000000005
2560,48597.596
2561,47143.594999999994
2562,46694.598000000005
2563,47316.58800000001
2564,46098.58800000001
2565,46596.58800000001
2566,46399.585000000014
2567,45318.58300000001
2568,44392.585000000014
2569,44492.58200000001
2570,43314.59000000001
2571,43686.596000000005
2572,43122.578000000016
2573,44399.57200000001
2574,44614.574
2575,42694.57700000002
2576,41687.57700000001
2577,41705.58000000001
2578,42483.583
2579,42093.581000000006
2580,41986.587
2581,43335.593
2582,45168.591
2583,44184.596000000005
2584,44856.60100000001
2585,46250.609000000004
2586,47553.612000000016
2587,47585.61500000001
2588,47621.612000000016
2589,48260.61300000002
2590,48769.60900000002
2591,46801.616000000016
2592,46395.614000000016
2593,46480.61900000001
2594,45446.62200000001
2595,46484.618
2596,46687.611000000004
2597,46095.609000000004
2598,44843.61000000001
2599,45416.60800000001
2600,44368.61800000001
2601,44596.62200000001
2602,43932.631000000016
2603,44031.62500000001
2604,42646.633
2605,40635.631
2606,40200.631
2607,40625.64300000001
2608,41432.64600000001
2609,40048.64300000001
2610,41002.649000000005
2611,41811.64800000001
2612,42765.64000000001
2613,41725.64200000001
2614,42941.64400000001
2615,44594.637
2616,45567.634000000005
2617,45392.64000000001
2618,45715.62900000001
2619,46537.62700000001
2620,47006.62700000001
2621,46169.62600000001
2622,46695.61700000001
2623,47046.61300000001
2624,46520.60900000001
2625,46107.61400000001
2626,46004.61900000001
2627,45581.61800000002
2628,44762.61200000001
2629,46208.616000000016
2630,44844.613000000005
2631,45336.60900000002
2632,44834.61900000001
2633,44616.610000000015
2634,43741.60900000001
2635,42208.611000000004
2636,41059.63000000002
2637,40821.640000000014
2638,41437.63200000001
2639,40330.63400000001
2640,40667.63200000001
2641,40461.63600000002
2642,40921.63100000001
2643,41097.62500000001
2644,41863.633
2645,43362.630000000005
2646,43320.632000000005
2647,43595.625000000015
2648,43988.62600000001
2649,43879.62300000001
2650,43501.63000000002
2651,42427.629000000015
2652,42720.628000000026
2653,42881.62100000002
2654,41276.62500000002
2655,41254.625000000015
2656,40908.626000000026
2657,39678.63900000003
2658,38290.63400000003
2659,38066.637000000024
2660,37364.64000000002
2661,37537.641000000025
2662,36613.639000000025
2663,35030.63800000001
2664,35292.629000000015
2665,34484.612000000016
2666,34842.59800000001
2667,34895.59900000001
2668,35316.60500000001
2669,35183.59800000001
2670,35507.597000000016
2671,36162.58400000002
2672,36779.57800000002
2673,37723.580000000016
2674,38093.58100000001
2675,37062.58400000002
2676,36724.58600000002
2677,36804.585000000014
2678,37118.58200000002
2679,37359.591000000015
2680,36431.59800000001
2681,35680.597000000016
2682,35772.59000000002
2683,36538.589000000014
2684,35618.58000000001
2685,36832.57400000001
2686,36457.570000000014
2687,35313.57300000002
2688,33878.57700000002
2689,34423.57900000002
2690,35314.570000000014
2691,35145.576000000015
2692,34773.56600000001
2693,33196.56700000002
2694,32984.56500000002
2695,32565.560000000016
2696,32681.560000000016
2697,32896.55800000002
2698,33880.55500000001
2699,32140.553000000018
2700,31727.54600000002
2701,32362.551000000018
2702,32204.553000000018
2703,32712.54700000002
2704,33478.542000000016
2705,32702.54300000002
2706,33528.545000000006
2707,33874.541000000005
2708,33539.54600000001
2709,34133.55400000001
2710,33425.551000000014
2711,31501.552000000018
2712,31894.550000000017
2713,32755.55600000002
2714,32161.55400000002
2715,32310.55800000002
2716,31444.552000000018
2717,30783.550000000017
2718,29902.550000000017
2719,31223.550000000017
2720,31347.53800000002
2721,31862.53200000002
2722,31448.52600000002
2723,30403.532000000017
2724,29887.531000000017
2725,29433.52300000002
2726,29102.52800000002
2727,27537.536000000022
2728,27730.53800000002
2729,26944.530000000017
2730,27592.534000000018
2731,29859.532000000017
2732,29974.528000000017
2733,29601.532000000014
2734,29681.533000000014
2735,30117.523000000016
2736,30290.520000000015
2737,31093.514000000014
2738,31070.514000000014
2739,31115.515000000014
2740,30526.506000000012
2741,28650.506000000012
2742,29151.505000000012
2743,35068.50900000001
2744,34607.50300000001
2745,35273.50700000001
2746,34539.509000000005
2747,34229.505000000005
2748,33553.50300000001
2749,34273.504000000015
2750,33829.501000000004
2751,33485.504000000015
2752,33252.502000000015
2753,34253.49700000002
2754,33753.489000000016
2755,32872.48000000001
2756,33372.479000000014
2757,31419.494000000017
2758,31836.485000000015
2759,31508.487000000012
2760,32401.48500000001
2761,33999.49000000002
2762,34255.49300000002
2763,32946.498000000014
2764,32809.48800000001
2765,32905.47600000001
2766,32135.470000000012
2767,32758.459000000013
2768,32827.46500000001
2769,32822.45300000001
2770,33046.44800000001
2771,31945.44600000001
2772,32028.447000000015
2773,32482.447000000015
2774,32333.445000000014
2775,32061.44900000001
2776,32260.45000000001
2777,32373.44300000001
2778,31728.438000000013
2779,31347.441000000013
2780,31153.43100000001
2781,30011.436000000012
2782,29842.430000000015
2783,30113.43200000001
2784,30167.434000000012
2785,24830.435000000012
2786,24840.43200000001
2787,24358.438000000013
2788,24705.441000000013
2789,24733.44600000001
2790,24288.44100000001
2791,24920.44700000001
2792,24988.44300000001
2793,24266.438000000013
2794,23768.44200000001
2795,23408.448000000008
2796,22848.45500000001
2797,22237.447000000007
2798,22892.44000000001
2799,22793.442000000006
2800,23962.444000000007
2801,24019.43400000001
2802,24606.438000000006
2803,23109.444000000007
2804,23125.43900000001
2805,23196.43400000001
2806,23154.42700000001
2807,23068.42700000001
2808,22522.41500000001
2809,22713.41800000001
2810,21899.411000000007
2811,20798.40400000001
2812,19809.40100000001
2813,20257.402000000006
2814,20724.388000000006
2815,20677.396000000004
2816,20320.399000000005
2817,20919.401000000005
2818,22406.4
2819,21588.412000000004
2820,21409.408000000003
2821,22533.412000000004
2822,22606.413
2823,22298.415000000005
2824,21455.417000000005
2825,21291.407000000003
2826,21055.407000000003
2827,20339.409000000003
2828,19158.415000000005
2829,18747.414000000004
2830,20228.416
2831,20055.422000000002
2832,20276.422000000002
2833,19837.422000000002
2834,20363.424000000003
2835,20678.421000000002
2836,20794.416
2837,20376.419
2838,20834.410000000003
2839,22066.402000000002
2840,21161.406
2841,19500.409000000003
2842,19285.411000000004
2843,19371.411000000004
2844,18897.407
2845,18833.404000000002
2846,19263.404000000002
2847,20272.393
2848,19764.399
2849,19152.396
2850,19236.381999999998
2851,19180.379999999997
2852,18754.379999999997
2853,18620.379999999997
2854,18169.38
2855,16664.382999999998
2856,16160.387999999999
2857,14513.393000000002
2858,13585.397
2859,11964.397000000003
2860,11752.397000000003
2861,12714.399000000003
2862,12832.401000000003
2863,12577.402000000006
2864,13575.398000000008
2865,13877.40200000001
2866,13818.406000000006
2867,15033.409000000005
2868,15017.407000000007
2869,16670.40900000001
2870,17061.41300000001
2871,15670.42600000001
2872,15488.438000000011
2873,14440.454000000012
2874,12476.469000000016
2875,12166.485000000017
2876,9765.513000000015
2877,5817.55100000002
2878,4104.57700000001
2879,1958.6229999999957
2880,2565.4370000000026
2881,4683.421000000018
2882,5181.418000000018
2883,6200.418000000016
2884,7138.410000000016
2885,8674.405000000024
2886,9754.397000000023
2887,10711.387000000022
2888,11617.383000000022
2889,12252.382000000021
2890,14322.380000000021
2891,13177.384000000022
2892,14107.376000000018
2893,13897.368000000015
2894,13974.371000000014
2895,13572.376000000013
2896,13427.37100000001
2897,13262.378000000013
2898,13268.38300000001
2899,12639.38600000001
2900,10824.384000000007
2901,12644.380000000006
2902,13293.370000000006
2903,13767.361000000004
2904,14522.351000000002
2905,15538.346000000003
2906,16118.344000000003
2907,16688.334000000003
2908,17303.321
2909,18118.315
2910,18493.315999999995
2911,18388.313999999995
2912,17535.321999999996
2913,17422.326999999997
2914,18107.321999999996
2915,18590.327999999998
2916,19126.329999999998
2917,19041.335
2918,18721.331
2919,18838.329999999998
2920,19006.333
2921,18651.325999999997
2922,19581.325
2923,19413.318
2924,19143.322
2925,18283.322
2926,17053.317
2927,17523.318
2928,17873.317
2929,18108.31
2930,17591.301999999996
2931,18436.3
2932,17208.301
2933,17143.300000000003
2934,16728.300000000007
2935,16908.296000000002
2936,16796.298000000003
2937,15611.294000000005
2938,15636.284000000005
2939,15858.277000000006
2940,16246.271000000004
2941,16186.266000000005
2942,16201.258000000005
2943,15826.255000000005
2944,16653.250000000007
2945,17048.245000000003
2946,17673.24
2947,18823.232000000004
2948,18078.225000000006
2949,17911.219000000005
2950,17593.223000000005
2951,17123.221000000005
2952,16936.216000000004
2953,16486.21900000001
2954,16466.217000000008
2955,16481.206000000006
2956,16056.206000000006
2957,16236.200000000006
2958,17406.195000000007
2959,16601.193000000007
2960,16611.188000000006
2961,16436.181000000008
2962,16606.184000000005
2963,17386.183000000005
2964,16814.182000000008
2965,17204.185000000005
2966,17024.184000000005
2967,17029.186000000005
2968,16079.185000000005
2969,16644.190000000006
2970,16404.196000000007
2971,17019.192000000006
2972,16837.192000000006
2973,17222.194000000007
2974,17397.196000000007
2975,17612.198000000008
2976,17817.196000000004
2977,17819.198000000004
2978,17652.198000000004
2979,17657.198000000004
2980,18237.200000000004
2981,18792.20600000001
2982,18012.20800000001
2983,17594.212000000007
2984,18394.211000000007
2985,18059.206000000006
2986,18274.20300000001
2987,17302.203000000005
2988,17687.202000000005
2989,16712.202000000005
2990,16927.200000000004
2991,16732.199000000004
2992,18117.195000000003
2993,18532.193000000007
2994,17747.193000000003
2995,17367.193000000003
2996,17132.196000000004
2997,17114.198000000004
2998,15326.201000000005
2999,16899.200000000004
3000,17294.198000000004
3001,16901.198000000004
3002,17101.199000000004
3003,17489.199000000004
3004,17886.198000000004
3005,19081.195000000007
3006,19121.193000000007
3007,19294.197000000007
3008,20074.197000000007
3009,19806.20300000001
3010,19429.20200000001
3011,20214.20300000001
3012,18659.20200000001
3013,18651.20300000001
3014,20251.198000000008
3015,19863.197000000007
3016,19091.198000000008
3017,19291.196000000007
3018,20476.193000000007
3019,18721.195000000007
3020,19311.192000000006
3021,19701.192000000006
3022,20866.193000000007
3023,21829.197000000007
3024,20884.194000000007
3025,19704.194000000007
3026,20497.195000000007
3027,20266.198000000008
3028,18339.196000000007
3029,18329.200000000008
3030,18724.20100000001
3031,18554.196000000007
3032,19382.191000000006
3033,19577.189000000006
3034,19777.188000000006
3035,20972.185000000005
3036,19979.187000000005
3037,19207.187000000005
3038,18772.190000000006
3039,19172.188000000006
3040,19374.186000000005
3041,20349.186000000005
3042,18604.185000000005
3043,17806.186
3044,19154.188000000006
3045,18164.191000000003
3046,18129.195000000003
3047,17914.198000000004
3048,18504.199000000004
3049,17732.199000000004
3050,18332.197000000004
3051,18937.194000000003
3052,20502.195000000007
3053,21057.196000000004
3054,20682.195000000003
3055,19907.194000000003
3056,20867.195000000003
3057,20637.200000000004
3058,19849.199000000004
3059,20426.200000000004
3060,21598.198000000004
3061,20243.197000000004
3062,20618.198000000004
3063,21991.198000000004
3064,21966.201000000005
3065,23356.200000000004
3066,22426.197000000004
3067,22426.194000000003
3068,22229.195000000003
3069,21452.195000000003
3070,20242.200000000004
3071,21602.201000000005
3072,20427.201000000005
3073,19662.198000000004
3074,20827.199000000004
3075,20407.200000000004
3076,20187.201000000005
3077,20387.200000000004
3078,20789.197000000004
3079,19467.193000000003
3080,20257.189000000002
3081,20467.189000000002
3082,21442.187
3083,21622.187
3084,21209.191000000003
3085,20424.191000000003
3086,21579.192000000003
3087,21387.195000000003
3088,20042.194000000003
3089,21029.190000000006
3090,21797.189000000006
3091,21009.190000000006
3092,21019.185000000005
3093,23007.178000000004
3094,22807.180000000004
3095,23387.180000000004
3096,22617.179000000004
3097,22622.177000000003
3098,22652.173000000003
3099,22442.172000000006
3100,22187.177000000007
3101,23102.182000000008
3102,22102.18400000001
3103,20542.183000000008
3104,21142.181000000008
3105,21217.177000000007
3106,21427.173000000006
3107,21777.179000000007
3108,22331.181000000008
3109,20766.178000000007
3110,21561.176000000007
3111,20776.176000000007
3112,21556.176000000007
3113,21921.180000000008
3114,21781.172000000006
3115,20801.173000000006
3116,22186.16900000001
3117,21191.17100000001
3118,20016.173000000006
3119,21181.17000000001
3120,20973.174000000006
3121,20588.177000000007
3122,20773.180000000004
3123,21969.179000000004
3124,21773.183000000005
3125,22173.186000000005
3126,21618.187000000005
3127,21603.194000000007
3128,21983.192000000006
3129,22202.190000000006
3130,22387.190000000006
3131,23587.190000000006
3132,22602.191000000006
3133,21629.186000000005
3134,22044.193000000007
3135,22448.191000000006
3136,22655.192000000006
3137,23634.192000000006
3138,23239.193000000007
3139,22293.190000000006
3140,22911.186000000005
3141,22521.189000000006
3142,23510.191000000006
3143,23705.188000000006
3144,23328.191000000006
3145,23124.193000000007
3146,24069.195000000007
3147,23659.194000000007
3148,22938.192000000006
3149,23712.197000000007
3150,23507.198000000008
3151,22341.198000000008
3152,22764.197000000007
3153,23974.194000000007
3154,25974.188000000006
3155,27000.185000000005
3156,26408.188000000006
3157,26009.189000000006
3158,26796.188000000006
3159,26783.191000000006
3160,26022.195000000007
3161,27380.195000000007
3162,25843.192000000006
3163,24177.187000000005
3164,24197.186000000005
3165,24402.187000000005
3166,24623.186000000005
3167,24865.186000000005
3168,24854.188000000006
3169,23891.190000000006
3170,23830.197000000007
3171,23849.198000000008
3172,25006.20100000001
3173,25006.20600000001
3174,24031.212000000007
3175,24034.213000000007
3176,24842.217000000008
3177,25623.22200000001
3178,24925.216000000008
3179,25754.216000000008
3180,25407.209000000006
3181,24250.209000000006
3182,25080.20100000001
3183,25718.199000000008
3184,26945.196000000007
3185,27191.195000000007
3186,26440.197000000007
3187,26215.20200000001
3188,26575.200000000008
3189,26677.196000000007
3190,26866.200000000008
3191,27681.200000000008
3192,25334.200000000004
3193,24696.205
3194,24750.206000000002
3195,25111.206000000002
3196,25734.206000000002
3197,24957.203
3198,25488.207000000002
3199,24343.204
3200,25156.204
3201,25369.207000000002
3202,26819.202
3203,26499.203
3204,25544.201
3205,26112.201
3206,26073.204
3207,26254.206000000002
3208,25944.208000000002
3209,27772.205
3210,26854.206000000002
3211,25334.206000000002
3212,25872.210000000003
3213,26053.209000000003
3214,27211.210000000003
3215,27213.214000000004
3216,27873.210000000003
3217,28565.206000000002
3218,29122.210000000003
3219,29360.205000000005
3220,29554.204000000005
3221,30883.205000000005
3222,29581.203000000005
3223,29243.199000000004
3224,29197.200000000004
3225,28970.205000000005
3226,29140.206000000006
3227,29125.205000000005
3228,29345.203000000005
3229,27795.205000000005
3230,28430.202000000005
3231,27203.209000000003
3232,27489.206000000002
3233,33052.201
3234,32700.198
3235,32472.201000000005
3236,32523.199000000004
3237,32485.205
3238,32485.203000000005
3239,33300.203
3240,33163.202000000005
3241,32162.2
3242,34157.195
3243,34902.193
3244,35315.19
3245,35118.182
3246,35653.186
3247,36258.186
3248,37041.183000000005
3249,36623.187
3250,36241.196
3251,37273.195
3252,35705.200000000004
3253,34337.204000000005
3254,34744.208
3255,34400.211
3256,34909.219000000005
3257,34470.226
3258,34333.224
3259,34093.227
3260,34785.218
3261,34158.215000000004
3262,35279.22
3263,34935.218
3264,34078.212
3265,29131.218000000004
3266,30314.225000000006
3267,30531.221000000005
3268,33153.226
3269,33135.235
3270,33332.239
3271,31950.240000000005
3272,31736.246000000006
3273,32301.247000000007
3274,33667.25
3275,33356.24600000001
3276,33629.241
3277,34380.24599999999
3278,35337.249999999985
3279,35320.25299999999
3280,34993.24599999999
3281,35417.244999999995
3282,34456.25299999999
3283,32511.262000000006
3284,33101.261000000006
3285,32378.262000000006
3286,32922.27100000001
3287,32716.273000000005
3288,32939.268000000004
3289,31822.262000000006
3290,32838.263000000006
3291,32424.270000000008
3292,33152.271
3293,33349.269
3294,31584.271000000008
3295,32023.271000000004
3296,32803.278
3297,32767.280000000006
3298,32269.272000000008
3299,33015.272000000004
3300,33576.27
3301,31600.270000000008
3302,31607.27500000001
3303,32938.270000000004
3304,32268.274000000005
3305,31572.266000000003
3306,31448.274000000005
3307,32459.275000000005
3308,32736.281000000006
3309,32733.27900000001
3310,32375.270000000008
3311,32597.265000000007
3312,31815.261000000006
3313,31985.254000000008
3314,32575.255000000005
3315,32328.254000000004
3316,32716.252000000008
3317,32858.252
3318,33044.249
3319,31815.248000000003
3320,32305.244000000002
3321,31299.244000000002
3322,30516.241000000005
3323,30330.237000000005
3324,29134.238000000005
3325,29322.240000000005
3326,30229.234000000004
3327,29378.231000000007
3328,28382.229000000007
3329,29334.230000000007
3330,31559.228000000006
3331,30611.220000000005
3332,30937.225000000006
3333,31465.218000000004
3334,33188.217000000004
3335,32751.214000000004
3336,32954.21
3337,33921.204
3338,35519.20399999998
3339,35073.193999999996
3340,34631.187999999995
3341,35056.179
3342,34615.17499999999
3343,34616.16999999999
3344,34963.16599999999
3345,35569.164
3346,35436.155
3347,35273.144
3348,35924.13799999999
3349,35032.134999999995
3350,35804.13199999998
3351,35204.128000000004
3352,36228.126
3353,35711.118999999984
3354,33687.114
3355,34197.10999999999
3356,34462.11299999998
3357,33693.115999999995
3358,32084.115000000005
3359,32953.123
3360,29870.124000000003
3361,32154.122000000003
3362,33039.126000000004
3363,32609.127000000004
3364,34192.12499999999
3365,33853.123999999996
3366,39367.122
3367,39772.119
3368,41135.115999999995
3369,40510.114
3370,40331.114
3371,40676.115999999995
3372,39459.119
3373,40483.114
3374,40671.111000000004
3375,39915.113000000005
3376,40412.107
3377,35718.103
3378,35699.103
3379,35374.099
3380,35906.099
3381,35107.1
3382,35657.099
3383,35624.101
3384,34250.100000000006
3385,34615.102
3386,35148.10400000001
3387,33588.103
3388,32315.101000000006
3389,33275.096000000005
3390,32853.094000000005
3391,32479.093000000004
3392,33042.094000000005
3393,32097.091000000004
3394,32774.095
3395,32742.095000000005
3396,32194.094000000005
3397,33229.092000000004
3398,34178.094
3399,33718.097
3400,33292.102000000006
3401,34582.101
3402,33214.100000000006
3403,34635.093
3404,35026.089
3405,34491.091
3406,34911.089
3407,34751.087
3408,36226.08499999999
3409,35838.087
3410,36055.085999999996
3411,35701.083999999995
3412,37315.079999999994
3413,37487.079
3414,36294.077999999994
3415,34374.075
3416,37959.066999999995
3417,37161.063
3418,35936.063
3419,37166.059
3420,36971.05699999999
3421,35250.05699999999
3422,36395.055
3423,35875.051999999996
3424,36880.051999999996
3425,36290.05299999999
3426,36120.05299999999
3427,36755.05299999999
3428,37560.05299999999
3429,37360.054
3430,37160.055
3431,38520.056
3432,36375.056
3433,37140.054
3434,37920.04899999999
3435,36815.051
3436,35810.051999999996
3437,35440.053
3438,35245.053
3439,34040.055
3440,34360.059
3441,34750.059
3442,35690.060999999994
3443,36180.056
3444,35210.056
3445,36135.06
3446,38120.058
3447,37320.06
3448,36760.060999999994
3449,36870.067
3450,33695.071
3451,31510.074000000008
3452,32065.075000000008
3453,32455.075000000008
3454,33455.07600000001
3455,32580.07600000001
3456,32410.07600000001
3457,33485.071
3458,34245.07
3459,33860.07
3460,34060.070999999996
3461,34695.070999999996
3462,33240.067
3463,33385.067
3464,33995.067
3465,33020.067
3466,32245.06700000001
3467,35320.063
3468,35525.061
3469,34730.064
3470,34985.062
3471,35375.062
3472,37370.058
3473,37165.060999999994
3474,36610.058
3475,37580.061
3476,38765.063
3477,37575.067
3478,37190.066000000006
3479,37830.066000000006
3480,37085.066000000006
3481,36145.064
3482,36570.064
3483,36545.064000000006
3484,37560.063
3485,36390.065
3486,36035.063
3487,36700.067
3488,36790.07000000001
3489,36065.069
3490,36905.069
3491,37760.068
3492,35875.065
3493,35510.065
3494,36350.064
3495,35435.061
3496,34510.061
3497,34700.062
3498,34100.065
3499,34303.064000000006
3500,34708.061
3501,34928.056000000004
3502,42068.05400000001
3503,42418.058000000005
3504,41803.060000000005
3505,42963.062000000005
3506,43738.06300000001
3507,42988.062000000005
3508,42538.065
3509,43293.066000000006
3510,42768.064000000006
3511,42198.066000000006
3512,42008.066000000006
3513,39183.064000000006
3514,39248.062000000005
3515,38418.06400000001
3516,38643.06400000001
3517,44558.06300000001
3518,43448.06500000001
3519,42593.066000000006
3520,42693.07000000001
3521,42613.077000000005
3522,40623.08000000001
3523,40858.077000000005
3524,41238.07900000001
3525,41138.07900000001
3526,40028.07800000001
3527,40970.08000000001
3528,40970.08000000001
3529,41530.08000000001
3530,41925.081000000006
3531,42615.07500000001
3532,38485.07500000001
3533,39550.073000000004
3534,38835.07000000001
3535,40210.06799999999
3536,41815.06399999999
3537,40345.06399999999
3538,39800.061
3539,39440.061
3540,39070.063
3541,38955.066000000006
3542,39045.064000000006
3543,41015.06199999999
3544,42020.060999999994
3545,40845.062
3546,41020.060999999994
3547,41440.060000000005
3548,42440.060999999994
3549,42425.059
3550,42270.056000000004
3551,42035.054
3552,40965.049
3553,40585.047000000006
3554,40750.048
3555,41140.049
3556,40600.05
3557,41825.05
3558,41060.052
3559,37260.054
3560,37845.05499999999
3561,37185.060999999994
3562,38400.062
3563,39395.062
3564,37775.06399999999
3565,38020.06399999999
3566,38545.066
3567,37375.06599999999
3568,36655.06399999999
3569,34830.068999999996
3570,34435.07
3571,35050.07
3572,34065.07399999999
3573,33465.07200000001
3574,34235.077
3575,34385.07199999999
3576,34805.06799999999
3577,35425.06699999999
3578,35585.068999999996
3579,35205.07199999999
3580,34780.075
3581,35000.075
3582,34170.076
3583,33945.077000000005
3584,33715.079000000005
3585,33740.079000000005
3586,34305.078
3587,35455.077
3588,35265.077
3589,36375.079000000005
3590,36595.079000000005
3591,37505.079
3592,39660.07899999999
3593,40210.081999999995
3594,39260.08199999999
3595,39470.07899999999
3596,39470.079999999994
3597,38525.079000000005
3598,38600.074
3599,37820.074
3600,37260.07399999999
3601,37125.073
3602,35005.07699999999
3603,33465.07800000001
3604,34335.079999999994
3605,34725.079999999994
3606,34950.079
3607,35570.07699999999
3608,35270.083
3609,34890.081
3610,35545.077
3611,36455.070999999996
3612,34730.070999999996
3613,35110.07499999999
3614,34820.075999999994
3615,35215.075
3616,35310.07199999999
3617,35950.070999999996
3618,36020.073
3619,37205.070999999996
3620,38205.06699999999
3621,37875.064999999995
3622,39305.066999999995
3623,39830.06999999999
3624,38600.07199999999
3625,38230.07
3626,38735.06799999999
3627,37525.070999999996
3628,37290.072
3629,37795.07400000001
3630,37820.074
3631,37060.075000000004
3632,37350.076
3633,35815.07500000001
3634,36950.077000000005
3635,36830.076
3636,36715.07400000001
3637,38045.072
3638,38275.071
3639,37730.06800000001
3640,37175.06700000001
3641,37320.06700000001
3642,35595.066000000006
3643,36160.067
3644,36145.06999999999
3645,36690.073
3646,36670.072
3647,37245.07399999999
3648,38080.073
3649,38135.072
3650,38570.06799999999
3651,38845.06699999999
3652,40050.064999999995
3653,40430.066
3654,39235.066
3655,39265.065
3656,39630.064
3657,38240.06300000001
3658,37650.060000000005
3659,37935.057
3660,38220.058000000005
3661,37805.058
3662,37600.060000000005
3663,36125.058
3664,36855.063
3665,35595.066000000006
3666,35700.065
3667,35720.066
3668,36305.066
3669,35810.067
3670,36430.065
3671,36875.064
3672,35680.064
3673,36250.068
3674,36080.07000000001
3675,37385.073000000004
3676,37285.06900000001
3677,37865.07000000001
3678,39020.06800000001
3679,38990.069
3680,37975.073000000004
3681,38110.075000000004
3682,39250.076
3683,39600.07900000001
3684,38865.07400000001
3685,39445.076
3686,40850.073000000004
3687,39225.077
3688,37565.085
3689,37565.086
3690,37115.090000000004
3691,36925.089
3692,36739.091
3693,34849.089
3694,36143.087
3695,34758.08600000001
3696,34343.08600000001
3697,34698.088
3698,34888.09000000001
3699,34428.09400000001
3700,36228.092000000004
3701,36553.095
3702,35478.09300000001
3703,37230.090000000004
3704,37390.09300000001
3705,38479.096000000005
3706,37099.099
3707,38129.099
3708,39404.09400000001
3709,39344.09700000001
3710,38365.09700000001
3711,35436.101
3712,36411.101
3713,36727.094000000005
3714,35152.09700000001
3715,35946.096000000005
3716,37266.09700000001
3717,36496.096000000005
3718,35911.095
3719,35467.101
3720,35118.100999999995
3721,34638.100000000006
3722,34818.103
3723,33228.10400000001
3724,33448.10500000001
3725,32407.10600000001
3726,32412.10600000001
3727,33167.10600000001
3728,32858.10400000001
3729,32698.10200000001
3730,34286.101
3731,34203.10300000001
3732,32840.10500000001
3733,34156.10900000001
3734,34876.111000000004
3735,38151.111000000004
3736,36756.112
3737,37201.111
3738,38766.11
3739,38771.109
3740,37581.108
3741,37525.112
3742,37855.115000000005
3743,37624.11600000001
3744,36539.11400000001
3745,37290.113000000005
3746,39050.112
3747,38070.114
3748,37584.111
3749,38249.10600000001
3750,38259.105
3751,37919.106
3752,38484.10700000001
3753,37094.10600000001
3754,37674.10800000001
3755,36903.109000000004
3756,36798.106999999996
3757,37634.10400000001
3758,37068.107
3759,36778.113000000005
3760,37918.11600000001
3761,37932.12100000001
3762,37538.122
3763,39193.118
3764,39578.122
3765,39798.125
3766,38249.129
3767,38802.131
3768,39906.131
3769,39302.136000000006
3770,38272.134000000005
3771,38807.136000000006
3772,39253.139
3773,39293.138
3774,38490.139
3775,38910.145
3776,39504.147
3777,38773.151999999995
3778,37828.153
3779,38553.157
3780,38743.15700000001
3781,37821.161
3782,37886.173
3783,36832.168999999994
3784,37460.17
3785,33637.171
3786,33827.175
3787,34290.178
3788,34472.179000000004
3789,34561.179000000004
3790,35582.183
3791,35292.191
3792,34412.191000000006
3793,35905.191
3794,36374.191
3795,37389.189999999995
3796,36193.195
3797,36747.2
3798,37402.198
3799,37047.198
3800,36086.200999999994
3801,36888.19999999999
3802,38163.19699999999
3803,40074.201
3804,39334.201
3805,39189.204
3806,40598.204
3807,39910.2
3808,38496.202000000005
3809,39241.204
3810,39881.203
3811,39394.205
3812,39542.205
3813,37575.208000000006
3814,37545.215000000004
3815,36216.218
3816,36357.219000000005
3817,35657.216
3818,41548.221000000005
3819,39993.232
3820,41078.235
3821,41991.235
3822,41778.236000000004
3823,43719.240999999995
3824,44044.243
3825,45771.244999999995
3826,44318.247
3827,45998.246
3828,46531.251000000004
3829,45949.25
3830,44319.253
3831,44320.249
3832,44910.257
3833,45249.255
3834,44904.256
3835,45093.261
3836,46372.262
3837,46337.269
3838,44899.271
3839,45809.268000000004
3840,45656.268000000004
3841,37089.27099999999
3842,37110.268
3843,37561.273
3844,38585.278000000006
3845,36866.275
3846,37173.270000000004
3847,35769.272000000004
3848,36194.267
3849,36415.26900000001
3850,37790.266
3851,38385.26700000001
3852,39504.268000000004
3853,41422.27100000001
3854,41913.27300000001
3855,43520.27000000001
3856,43298.275
3857,44008.28200000001
3858,45394.28300000001
3859,44129.28300000001
3860,43238.28800000001
3861,43125.292000000016
3862,43780.29400000001
3863,43585.29100000001
3864,42955.292000000016
3865,43726.29000000001
3866,44532.29200000001
3867,44895.29100000001
3868,43644.296000000024
3869,44199.30200000001
3870,43413.311000000016
3871,42811.31800000002
3872,41607.31500000002
3873,39876.32300000001
3874,40572.32500000002
3875,38906.33100000001
3876,38850.33900000002
3877,34695.345000000016
3878,34647.34400000001
3879,34453.345000000016
3880,35516.34500000001
3881,36793.34100000001
3882,37659.34400000001
3883,39897.34200000001
3884,39913.343000000015
3885,40673.350000000006
3886,39859.34500000001
3887,40884.352000000006
3888,42007.35000000001
3889,41119.35400000001
3890,41198.356
3891,40246.35800000001
3892,41805.350000000006
3893,40790.354000000014
3894,39986.36300000001
3895,40678.371000000014
3896,42746.37300000001
3897,42622.380000000005
3898,41707.37800000002
3899,42926.38300000001
3900,42091.38400000001
3901,41327.390000000014
3902,40319.38900000001
3903,39283.38900000001
3904,39876.39900000001
3905,38636.407000000014
3906,38309.415000000015
3907,37376.415000000015
3908,37351.415000000015
3909,37317.42000000002
3910,38494.42400000001
3911,39510.428000000014
3912,39901.43200000002
3913,41883.44000000002
3914,41257.449000000015
3915,42282.45000000002
3916,40798.44700000002
3917,41351.455000000016
3918,41647.46100000002
3919,40514.45800000001
3920,40978.46300000002
3921,40827.470000000016
3922,42359.466000000015
3923,41154.47400000001
3924,41062.464000000014
3925,41329.472
3926,43681.476
3927,43850.484
3928,43884.49
3929,44452.494000000006
3930,43067.497
3931,43045.492
3932,42417.49
3933,41148.49600000001
3934,41374.499
3935,40560.49600000001
3936,39751.50500000001
3937,39079.50700000001
3938,38341.50500000001
3939,38880.514
3940,39671.51100000002
3941,39909.51300000001
3942,39862.52300000002
3943,42048.52700000002
3944,41497.52600000001
3945,42584.523000000016
3946,40565.52600000002
3947,41356.52400000002
3948,42044.52200000002
3949,41759.52200000002
3950,41808.52500000002
3951,41541.53400000002
3952,41783.55200000002
3953,42722.54800000002
3954,41840.555000000015
3955,41877.55900000001
3956,44207.56000000001
3957,44073.57400000001
3958,44569.57300000001
3959,45446.577000000005
3960,44752.578000000016
3961,44557.57600000001
3962,43609.569
3963,42316.572
3964,44467.571
3965,43999.575999999994
3966,44083.577
3967,43408.58
3968,42817.58900000001
3969,42439.582
3970,43363.58500000001
3971,44088.58500000001
3972,44403.585
3973,45572.586
3974,44588.594
3975,45414.587
3976,43818.584
3977,44086.594000000005
3978,44112.59800000001
3979,44238.59300000002
3980,44865.593000000015
3981,44829.60200000002
3982,45739.603000000025
3983,45320.60700000002
3984,44415.60200000003
3985,44358.59300000003
3986,45628.597000000016
3987,44761.60300000002
3988,44546.61500000001
3989,45308.61700000003
3990,44375.61900000002
3991,43743.61100000002
3992,42809.61200000002
3993,43204.612000000016
3994,44940.623000000014
3995,43885.625000000015
3996,44792.61500000001
3997,43054.63000000002
3998,42283.629000000015
3999,41113.63700000002
4000,41166.644000000015
4001,41506.64700000002
4002,42491.64900000002
4003,43602.646000000015
4004,43645.639000000025
4005,45199.63400000002
4006,43873.63300000002
4007,45082.63600000002
4008,45322.63600000002
4009,44766.63600000001
4010,44915.650000000016
4011,44804.65300000002
4012,45273.64600000001
4013,44700.63900000001
4014,44509.637
4015,45580.63500000001
4016,46586.64000000001
4017,45917.65000000001
4018,45849.649000000005
4019,47167.649000000005
4020,46761.642000000014
4021,46241.63700000001
4022,45465.63800000001
4023,45495.63500000002
4024,47074.63500000001
4025,44093.64800000001
4026,43804.64400000001
4027,43411.651000000005
4028,42844.649000000005
4029,42242.64899999999
4030,42424.651999999995
4031,42548.651999999995
4032,42644.65499999999
4033,44150.644
4034,43717.647
4035,44585.651
4036,42821.657999999996
4037,44008.661
4038,44608.65900000001
4039,44494.650000000016
4040,44913.64700000001
4041,45378.64000000001
4042,44296.64400000001
4043,43146.65000000001
4044,42303.64800000001
4045,42272.65100000002
4046,42678.65500000001
4047,42442.65500000001
4048,42877.657000000014
4049,43518.65800000002
4050,43862.65600000002
4051,43300.65400000001
4052,42282.65400000002
4053,42686.63500000002
4054,43780.64100000002
4055,42630.64200000001
4056,43862.646000000015
4057,44009.63400000001
4058,42592.631000000016
4059,42033.64100000002
4060,42954.64500000002
4061,43305.64200000002
4062,44057.63400000001
4063,45053.63600000002
4064,44827.63400000002
4065,45608.61800000002
4066,44216.621000000014
4067,45227.620000000024
4068,45643.63600000001
4069,45083.62400000002
4070,44477.633000000016
4071,43882.63300000002
4072,44010.63700000002
4073,42859.633000000016
4074,42024.63800000002
4075,42046.63400000002
4076,42554.625000000015
4077,42314.62000000001
4078,47710.61100000002
4079,48616.610000000015
4080,47630.61200000001
4081,47941.61200000001
4082,47672.61700000001
4083,47054.62600000002
4084,48118.62300000002
4085,48309.62700000002
4086,49550.62200000002
4087,49651.625000000015
4088,49103.62600000002
4089,48532.63500000001
4090,48773.638000000006
4091,48489.63600000001
4092,48728.625
4093,49640.621000000014
4094,49320.614
4095,48921.61300000001
4096,47676.62300000001
4097,47811.62600000002
4098,48282.620000000024
4099,47396.60800000002
4100,47039.61000000003
4101,46632.609000000026
4102,45377.61600000002
4103,44289.614000000016
4104,43674.62300000002
4105,43604.614000000016
4106,43481.61700000001
4107,37793.61600000001
4108,38445.61700000001
4109,38980.61800000002
4110,38733.614000000016
4111,39200.61100000002
4112,38530.60500000001
4113,38671.593000000015
4114,39436.58700000002
4115,39590.59000000002
4116,40254.58700000002
4117,38616.59200000002
4118,36798.59400000001
4119,37189.591000000015
4120,37458.59300000001
4121,37023.58800000001
4122,36630.57400000001
4123,37242.580000000016
4124,37181.591000000015
4125,37035.59600000002
4126,35328.60400000001
4127,35281.602
4128,35948.59400000002
4129,34756.58800000001
4130,35131.59500000001
4131,35107.59300000001
4132,35612.59100000001
4133,34217.589000000014
4134,33696.585000000014
4135,34210.58300000002
4136,34235.576000000015
4137,34529.58500000002
4138,34011.57900000001
4139,35096.57400000001
4140,34302.574000000015
4141,34334.56700000001
4142,34755.570000000014
4143,34183.57500000001
4144,34271.578000000016
4145,35124.57000000001
4146,34856.574000000015
4147,33966.570000000014
4148,33841.56300000002
4149,33423.56200000001
4150,33496.55800000002
4151,33271.56700000002
4152,32869.55400000002
4153,33372.561000000016
4154,33990.55300000001
4155,33791.54800000001
4156,33141.54600000002
4157,33200.551000000014
4158,33192.555000000015
4159,31719.56300000002
4160,32483.561000000023
4161,32109.560000000023
4162,31278.56000000002
4163,30631.552000000018
4164,30284.552000000018
4165,30290.55600000002
4166,29841.54200000002
4167,30363.53700000002
4168,30381.535000000018
4169,31701.533000000018
4170,30694.538000000022
4171,31043.53400000002
4172,30514.532000000017
4173,29335.530000000013
4174,29669.532000000017
4175,30048.530000000017
4176,30883.52500000002
4177,29969.52400000002
4178,30096.519000000022
4179,29235.516000000018
4180,29002.514000000017
4181,28798.52000000002
4182,29073.52000000002
4183,30192.51800000002
4184,30899.514000000017
4185,29771.51800000002
4186,29893.509000000016
4187,30402.50000000001
4188,29654.505000000016
4189,28527.506000000012
4190,29132.506000000012
4191,28753.510000000013
4192,28320.514000000014
4193,28103.501000000015
4194,27723.487000000012
4195,27507.487000000016
4196,27811.47600000001
4197,28675.476000000013
4198,29387.47300000001
4199,29475.47600000001
4200,29434.47200000001
4201,29015.47200000001
4202,28553.47300000001
4203,27807.47600000001
4204,26641.47400000001
4205,27676.475000000013
4206,27473.472000000012
4207,27363.468000000008
4208,27228.47000000001
4209,27513.47600000001
4210,27152.47500000001
4211,28085.474000000013
4212,27520.471000000012
4213,27951.473000000016
4214,28613.474000000013
4215,27225.472000000012
4216,27750.472000000016
4217,27156.456000000017
4218,26694.451000000012
4219,25887.462000000014
4220,26694.457000000013
4221,24901.458000000017
4222,23979.454000000016
4223,23296.452000000012
4224,23730.457000000013
4225,23614.44900000001
4226,23837.452000000012
4227,24124.453000000012
4228,24429.45800000001
4229,24421.468000000008
4230,24724.45700000001
4231,25221.45800000001
4232,25641.45400000001
4233,25996.448000000008
4234,24348.445000000007
4235,25246.444000000003
4236,23639.448000000004
4237,23947.441000000006
4238,23486.442000000003
4239,23419.441000000003
4240,22998.439000000006
4241,23039.43500000001
4242,22447.432000000008
4243,23047.43500000001
4244,24017.43600000001
4245,24072.431000000008
4246,24574.42900000001
4247,24241.42200000001
4248,23174.42100000001
4249,23028.413000000008
4250,23544.412000000008
4251,23169.414000000004
4252,22927.410000000003
4253,21402.408000000003
4254,21947.420000000002
4255,22336.412
4256,22099.423000000003
4257,22175.424000000003
4258,22884.426000000003
4259,22213.426000000003
4260,22174.424000000003
4261,22783.422000000002
4262,22966.426000000003
4263,23119.427000000003
4264,22003.420000000006
4265,21893.418000000005
4266,21891.420000000002
4267,21892.420000000006
4268,21549.424000000003
4269,21121.432
4270,20264.432
4271,19374.432
4272,18529.43
4273,19011.43
4274,19203.441000000003
4275,18631.443
4276,18481.449000000004
4277,17914.445000000003
4278,17348.441000000003
4279,18203.434
4280,18654.435
4281,18761.435
4282,18944.43
4283,17564.437
4284,18530.431
4285,18083.427
4286,18549.414999999997
4287,18374.414999999997
4288,19671.403
4289,19617.393999999997
4290,19319.381999999994
4291,18939.387999999995
4292,19738.388999999996
4293,19358.378999999997
4294,18070.377999999997
4295,17871.380999999998
4296,17263.387
4297,17146.395
4298,15492.395000000002
4299,14098.392000000002
4300,14024.395
4301,14002.393000000002
4302,13754.396000000002
4303,13676.397000000003
4304,14157.402000000004
4305,13860.408000000005
4306,13929.412000000006
4307,13517.416000000007
4308,13528.424000000008
4309,14659.42200000001
4310,15065.429000000013
4311,14262.43900000001
4312,12692.454000000012
4313,12303.466000000015
4314,10042.486000000014
4315,8710.506000000018
4316,7541.515000000015
4317,5369.546000000015
4318,4429.571000000016
4319,1284.621999999998
4320,1486.4499999999964
4321,3326.4450000000093
4322,4176.440000000012
4323,5136.435000000014
4324,6251.426000000017
4325,6476.426000000015
4326,7346.421000000019
4327,7606.424000000018
4328,8638.418000000021
4329,9318.41500000002
4330,11063.418000000018
4331,10300.407000000021
4332,10498.405000000017
4333,9993.401000000016
4334,9716.396000000013
4335,9901.399000000014
4336,10436.38900000001
4337,10721.39900000001
4338,9751.402000000007
4339,10016.401000000009
4340,8736.400000000009
4341,10688.39700000001
4342,12520.386000000004
4343,13560.381000000007
4344,14309.375000000004
4345,15789.368000000004
4346,16564.361
4347,18082.351000000002
4348,19332.346
4349,20020.338
4350,20333.344
4351,20333.349
4352,18421.357
4353,19026.353
4354,20012.354
4355,19102.353
4356,18765.353
4357,17515.357000000004
4358,18040.349000000002
4359,18895.34
4360,17955.340000000004
4361,18065.339
4362,18642.337000000003
4363,18197.332
4364,17292.324
4365,16672.322
4366,16677.32
4367,15885.325000000003
4368,16033.314000000002
4369,15223.313000000004
4370,15778.303000000004
4371,15268.298000000003
4372,16438.29
4373,16943.29
4374,16553.288000000004
4375,17963.277000000002
4376,18128.275000000005
4377,18898.271
4378,18088.267000000003
4379,18470.257
4380,18400.259000000005
4381,18395.261000000002
4382,17023.262000000002
4383,17158.255
4384,17838.257000000005
4385,17438.250000000004
4386,17633.245000000003
4387,18186.247000000003
4388,18921.245000000003
4389,18699.241
4390,17934.234000000004
4391,18339.228000000003
4392,16914.230000000003
4393,16679.230000000003
4394,15026.231000000003
4395,14991.231000000007
4396,14614.223000000005
4397,15009.216000000006
4398,14794.216000000006
4399,15581.212000000007
4400,15976.210000000006
4401,16741.208000000006
4402,17321.211000000007
4403,18091.210000000006
4404,18694.212000000007
4405,19479.213000000007
4406,19904.208000000006
4407,19327.207000000006
4408,19129.207000000006
4409,17736.213000000007
4410,17723.212000000007
4411,17158.209000000006
4412,16398.209000000006
4413,16649.205000000005
4414,17839.201000000005
4415,17439.204000000005
4416,16842.207000000006
4417,17407.212000000007
4418,17787.213000000003
4419,17404.211000000003
4420,16606.213000000003
4421,16829.209000000003
4422,15659.211000000005
4423,16234.210000000005
4424,15436.212000000005
4425,16029.212000000005
4426,16399.216000000004
4427,17617.210000000003
4428,16447.210000000003
4429,17647.206000000002
4430,18282.2
4431,19419.206000000002
4432,19844.202
4433,20637.2
4434,20837.202
4435,20229.205
4436,19862.202
4437,19497.199
4438,19702.195
4439,19492.198
4440,19912.195
4441,19497.198
4442,19887.198
4443,19882.201
4444,20482.199
4445,20482.2
4446,20467.203
4447,20487.201
4448,20274.203
4449,19299.203
4450,18894.205
4451,18334.201000000005
4452,17374.198000000004
4453,17982.195
4454,17002.196
4455,17587.196000000004
4456,18352.199
4457,18332.202
4458,17567.201
4459,17777.198000000004
4460,18382.197
4461,19342.198
4462,19547.196000000004
4463,19542.197000000004
4464,19524.199
4465,19507.2
4466,19320.198
4467,19495.2
4468,19900.199
4469,20282.198
4470,20107.193
4471,19342.19
4472,20537.188000000002
4473,20894.192
4474,21912.188000000002
4475,21312.191000000003
4476,21517.189000000002
4477,21882.191000000003
4478,21072.196000000004
4479,21064.195000000003
4480,20709.190000000002
4481,19339.191000000003
4482,18567.191000000003
4483,18329.199000000004
4484,18939.193000000003
4485,19509.195000000003
4486,20114.193000000003
4487,20529.191000000003
4488,19729.195000000003
4489,19987.189000000002
4490,20942.192000000003
4491,22712.190000000002
4492,21747.192000000003
4493,21922.194000000003
4494,21692.197000000004
4495,21297.197000000004
4496,21487.198000000004
4497,20884.199000000004
4498,21462.199000000004
4499,21072.199000000004
4500,20707.196000000004
4501,19557.193000000003
4502,20357.191000000003
4503,21137.189000000002
4504,21487.195
4505,21857.199
4506,21082.2
4507,21257.203
4508,21482.199
4509,21667.202
4510,21512.197
4511,20312.202
4512,20322.2
4513,20142.199
4514,20122.203
4515,20887.206000000002
4516,20882.206000000002
4517,21067.206000000002
4518,20094.202
4519,20121.197
4520,21106.193000000003
4521,22061.195000000003
4522,21058.196000000004
4523,21258.193000000003
4524,21436.195
4525,20866.191000000003
4526,21659.189000000002
4527,22112.181
4528,22272.184
4529,22257.186
4530,21282.183
4531,20267.184
4532,21632.184
4533,23412.179
4534,23569.182
4535,24334.184
4536,23144.189000000002
4537,23271.197000000004
4538,23864.195000000003
4539,24454.190000000002
4540,24661.188000000002
4541,24296.187
4542,23286.192000000003
4543,22081.196000000004
4544,21709.195000000003
4545,21929.191000000003
4546,22488.193000000003
4547,22490.194000000003
4548,21312.194000000003
4549,21292.193000000003
4550,21287.189000000002
4551,21847.187
4552,21118.183
4553,21108.186
4554,21325.183
4555,20970.18
4556,26650.184
4557,26655.18
4558,27250.176
4559,26465.179
4560,26280.179
4561,25275.18
4562,27227.178
4563,29000.177
4564,29190.179
4565,30350.185
4566,30135.185
4567,30295.190000000002
4568,29505.191000000003
4569,29320.192000000003
4570,30088.198000000004
4571,30692.198000000004
4572,30328.196000000004
4573,29931.197000000004
4574,29598.194000000003
4575,29056.195000000003
4576,29426.201000000005
4577,28636.203000000005
4578,28661.200000000004
4579,28678.200000000004
4580,28691.197000000004
4581,28492.204
4582,28317.208000000002
4583,28497.211000000003
4584,28706.213000000003
4585,28729.212000000003
4586,29367.208000000002
4587,29386.206000000002
4588,29190.207000000002
4589,29052.201000000005
4590,27783.209000000006
4591,26828.210000000003
4592,27678.207000000002
4593,29628.206000000002
4594,30096.202
4595,30938.199000000004
4596,30753.203
4597,31583.201
4598,31415.2
4599,31283.197
4600,31619.210000000003
4601,32021.206000000002
4602,31875.206000000002
4603,31377.202
4604,31377.201
4605,31144.204
4606,31562.204
4607,31215.201000000005
4608,29880.200000000004
4609,30989.204
4610,30998.205
4611,31209.201
4612,31001.201
4613,31823.204
4614,32633.202
4615,32874.204
4616,32534.204
4617,32168.201
4618,31953.202
4619,31815.2
4620,30590.202
4621,24704.204
4622,26110.204
4623,28535.198000000004
4624,28165.2
4625,28893.206000000002
4626,29119.206000000002
4627,29974.205
4628,28709.202000000005
4629,27735.205
4630,28146.203
4631,29183.201
4632,28418.2
4633,27864.198
4634,28096.199
4635,26816.196000000004
4636,26623.196000000004
4637,26700.193000000003
4638,25169.192000000003
4639,25545.189000000002
4640,25708.192
4641,26316.192
4642,25730.196000000004
4643,25920.199
4644,26624.196000000004
4645,27218.191000000003
4646,26198.195
4647,25596.195
4648,25805.196
4649,25016.193
4650,24306.191
4651,24167.185
4652,25303.187
4653,27215.192000000003
4654,27420.194000000003
4655,29001.194000000003
4656,28439.195000000003
4657,29617.194000000003
4658,29548.198000000004
4659,28819.198000000004
4660,29618.195000000003
4661,31437.190000000002
4662,30096.186
4663,29517.189000000006
4664,29108.186
4665,27484.186000000005
4666,27678.184000000005
4667,27096.191
4668,25896.195000000003
4669,26331.193000000003
4670,26074.190000000002
4671,27070.195000000003
4672,27496.190000000002
4673,27675.195000000003
4674,28050.193000000003
4675,27848.194000000003
4676,26862.195000000003
4677,26397.200000000004
4678,26261.202000000005
4679,26678.201
4680,25477.202
4681,24433.201000000005
4682,25887.200000000004
4683,26993.202
4684,27233.195000000003
4685,29023.187
4686,29845.182
4687,30314.179
4688,30375.173000000003
4689,30222.178
4690,30559.183
4691,31780.181
4692,30631.187
4693,30206.185
4694,29979.193000000003
4695,29209.195000000003
4696,29311.197000000004
4697,29350.193000000007
4698,28648.195000000003
4699,29056.194000000003
4700,28693.197000000004
4701,28555.199
4702,28117.208000000002
4703,28171.215000000004
4704,28313.225000000002
4705,27980.225000000002
4706,27517.228000000003
4707,27266.229000000003
4708,27580.230000000003
4709,27781.233000000004
4710,26719.237000000005
4711,25716.241
4712,27103.241
4713,28282.24
4714,28495.244000000002
4715,30253.242000000006
4716,30230.242000000006
4717,30374.253000000004
4718,30659.251000000004
4719,30284.253000000004
4720,31188.252000000004
4721,30921.262000000006
4722,29945.266000000003
4723,29170.262000000006
4724,29552.262000000006
4725,28508.270000000004
4726,29979.265000000007
4727,29795.265000000007
4728,29201.271000000004
4729,29582.274000000005
4730,29354.278000000006
4731,29069.288000000004
4732,28873.287000000004
4733,29072.284000000007
4734,29310.283000000007
4735,29080.293000000005
4736,28982.299000000006
4737,28202.301000000007
4738,29113.300000000007
4739,29318.299000000006
4740,29808.283000000003
4741,27564.279000000006
4742,28769.277000000006
4743,30583.274000000005
4744,30648.276000000005
4745,32041.274000000005
4746,31443.270000000004
4747,31980.272000000004
4748,31396.265000000007
4749,30198.264000000006
4750,31348.258000000005
4751,31164.253000000004
4752,30166.257000000005
4753,29400.25700000001
4754,29567.249000000007
4755,28761.245000000006
4756,30055.247000000007
4757,29082.25500000001
4758,27692.25500000001
4759,28656.247000000007
4760,28228.245000000006
4761,31841.238000000005
4762,32244.233000000007
4763,32706.225000000006
4764,33410.22
4765,33348.222
4766,33740.216
4767,33553.217
4768,33806.20699999999
4769,33765.20699999999
4770,32693.208000000006
4771,31612.199000000004
4772,33540.198
4773,34867.18999999999
4774,34848.186
4775,35963.186
4776,34920.187999999995
4777,35320.18499999999
4778,34941.17799999999
4779,33973.169
4780,34930.16999999999
4781,35256.16799999999
4782,34077.164
4783,34281.157999999996
4784,33018.158
4785,31586.164000000004
4786,32383.158000000003
4787,37878.148
4788,36305.14
4789,37316.136000000006
4790,37093.129
4791,37265.125
4792,37818.126
4793,37193.129
4794,37353.128
4795,37657.127
4796,37668.125
4797,37308.123
4798,38055.12
4799,37672.119
4800,36409.121
4801,35998.123
4802,37243.119
4803,37996.118
4804,37992.115000000005
4805,39078.118
4806,38481.117000000006
4807,38674.113000000005
4808,39133.11
4809,39133.106
4810,40582.100999999995
4811,40774.10099999999
4812,39414.098000000005
4813,39338.096
4814,39737.093
4815,38158.096
4816,38561.098
4817,38533.099
4818,37185.096000000005
4819,32070.098
4820,32268.097000000005
4821,31302.100000000006
4822,32119.096000000005
4823,31134.096000000005
4824,31703.094000000005
4825,31099.094000000005
4826,30655.092000000004
4827,30077.094000000005
4828,31003.096000000005
4829,30771.099000000002
4830,30170.102000000003
4831,30786.099000000002
4832,31805.097
4833,32379.094000000005
4834,32278.091000000004
4835,33642.091
4836,33389.091
4837,33249.090000000004
4838,33275.088
4839,33377.090000000004
4840,34736.08700000001
4841,34919.08800000001
4842,33747.086
4843,33347.08700000001
4844,32926.09100000001
4845,31735.091000000008
4846,32680.090000000007
4847,32710.089000000007
4848,31710.087000000003
4849,32218.080000000005
4850,31679.079000000005
4851,31480.078000000005
4852,31525.076000000005
4853,31105.076000000005
4854,31615.076000000005
4855,30925.072000000004
4856,31355.067000000003
4857,30935.065000000006
4858,32300.059000000005
4859,31610.065000000006
4860,31423.061000000005
4861,31608.063000000006
4862,31828.063000000006
4863,32248.062000000005
4864,31743.065000000002
4865,34148.063
4866,33953.064
4867,34376.062
4868,34126.064
4869,33826.062
4870,34996.062
4871,34846.059
4872,34071.058000000005
4873,34211.059
4874,34376.06
4875,32806.062
4876,32416.062000000005
4877,32246.062000000005
4878,30846.064000000002
4879,31036.065000000002
4880,30646.065000000002
4881,31446.066000000006
4882,32231.066000000003
4883,31141.067000000006
4884,31558.067000000003
4885,30768.069000000007
4886,31008.070000000007
4887,33118.07200000001
4888,34263.072
4889,34483.073000000004
4890,34555.068999999996
4891,33545.071
4892,34120.073
4893,34770.071
4894,33235.071
4895,34820.071
4896,34065.071
4897,34825.07
4898,34995.07
4899,34158.072
4900,34573.072
4901,34463.07000000001
4902,33698.067
4903,33868.067
4904,35013.067
4905,34103.065
4906,34298.065
4907,34103.065
4908,33943.063
4909,34303.064
4910,34113.063
4911,35178.060999999994
4912,35583.063
4913,36268.057
4914,36628.058000000005
4915,36063.05900000001
4916,36258.05900000001
4917,35838.06
4918,36223.061
4919,36423.062000000005
4920,36445.063
4921,34930.062
4922,35315.064
4923,35300.066
4924,34090.069
4925,35205.070999999996
4926,34890.066
4927,40190.067
4928,39970.067
4929,39750.067
4930,40400.064
4931,35290.067
4932,34565.066
4933,34680.063
4934,34665.066
4935,33290.06800000001
4936,34165.066
4937,34165.066
4938,34000.066
4939,33790.071
4940,34610.068999999996
4941,34965.072
4942,35060.068999999996
4943,34880.066
4944,34675.07
4945,34285.07
4946,33920.071
4947,34345.068999999996
4948,35120.07
4949,35155.068999999996
4950,34720.064
4951,33915.064
4952,35180.06
4953,35955.060999999994
4954,35345.060999999994
4955,36855.060999999994
4956,35705.062999999995
4957,35450.064999999995
4958,34928.062
4959,34958.060999999994
4960,35218.058
4961,35208.06
4962,34818.06
4963,34590.062
4964,35570.060999999994
4965,34950.062999999995
4966,36355.06
4967,36010.062
4968,36440.058999999994
4969,36275.058
4970,36245.06
4971,36460.062
4972,36100.061
4973,35350.06
4974,34945.062999999995
4975,34325.065
4976,34560.063
4977,34330.065
4978,34780.063
4979,34780.063
4980,34205.061
4981,33565.062
4982,34055.066
4983,35260.064000000006
4984,34550.060000000005
4985,36180.056000000004
4986,35315.059
4987,35505.060000000005
4988,34670.061
4989,34960.067
4990,35515.068999999996
4991,36155.069
4992,36080.067
4993,36105.06800000001
4994,36730.07
4995,35985.06800000001
4996,36570.069
4997,36390.066
4998,36195.066
4999,35770.06800000001
5000,36065.064000000006
5001,36210.064999999995
5002,36570.065
5003,36023.063
5004,36188.064
5005,35268.063
5006,35273.062
5007,35503.060000000005
5008,35893.062
5009,35698.062
5010,35168.061
5011,34358.063
5012,35023.062000000005
5013,36318.062
5014,35693.056
5015,37438.058
5016,37178.051999999996
5017,37573.051
5018,36783.054000000004
5019,36508.06
5020,36268.064999999995
5021,36848.06599999999
5022,36228.069
5023,36603.066999999995
5024,37473.064
5025,36598.068
5026,37253.064000000006
5027,36843.064
5028,36798.064999999995
5029,34658.067
5030,34368.072
5031,34343.074
5032,34173.075000000004
5033,33393.075000000004
5034,33648.07400000001
5035,33008.075000000004
5036,33143.079000000005
5037,33613.08000000001
5038,33858.079000000005
5039,33528.077000000005
5040,33678.077000000005
5041,33180.075000000004
5042,33790.075000000004
5043,34100.081000000006
5044,33100.081000000006
5045,34555.079000000005
5046,34725.079000000005
5047,34720.08000000001
5048,34745.08200000001
5049,34450.08000000001
5050,34935.07600000001
5051,34820.075000000004
5052,34630.07400000001
5053,34040.07600000001
5054,34815.07700000001
5055,34660.07400000001
5056,34520.07300000001
5057,34110.07200000001
5058,33780.07000000001
5059,35220.06800000001
5060,34820.070000000014
5061,35170.07400000001
5062,34615.075
5063,33955.07600000001
5064,33925.077000000005
5065,32780.077000000005
5066,35410.075
5067,35965.075999999994
5068,36365.08
5069,35890.083000000006
5070,35900.086
5071,35190.084
5072,35770.085000000014
5073,36520.086
5074,35905.083
5075,36350.081
5076,36550.08
5077,35990.08
5078,35635.077999999994
5079,34795.079
5080,34625.081000000006
5081,35565.083
5082,35045.08
5083,35050.079
5084,35965.07600000001
5085,36030.072
5086,36440.068
5087,34940.07
5088,35380.06900000001
5089,35765.07000000001
5090,36145.06700000001
5091,36255.06900000001
5092,36930.066000000006
5093,38090.061
5094,37725.061
5095,37350.059
5096,37235.062
5097,37265.060999999994
5098,37230.062000000005
5099,37910.058000000005
5100,37365.059
5101,36325.062
5102,37495.062
5103,37900.063
5104,37055.066000000006
5105,38030.066
5106,38060.064
5107,37885.064999999995
5108,37245.066
5109,36830.066
5110,37310.062999999995
5111,38260.062999999995
5112,36525.064
5113,35490.06599999999
5114,34085.063
5115,33625.065
5116,34095.065
5117,33495.07000000001
5118,33290.073000000004
5119,33260.07400000001
5120,33150.07200000001
5121,33020.079000000005
5122,32925.08200000001
5123,33520.08
5124,33020.079000000005
5125,35210.081000000006
5126,35620.082
5127,35460.08
5128,35880.079000000005
5129,36385.081000000006
5130,37035.078
5131,35960.074
5132,37270.076
5133,37430.078
5134,36455.079000000005
5135,38145.073000000004
5136,37405.07
5137,37195.073000000004
5138,36580.075000000004
5139,36550.076
5140,36685.079000000005
5141,37499.079
5142,36619.077
5143,35475.075
5144,36785.077
5145,36060.075999999994
5146,36200.077
5147,36735.077
5148,37155.078
5149,36625.078
5150,36430.078
5151,36630.077
5152,36850.077
5153,37614.077
5154,37005.081
5155,36330.084
5156,37495.085
5157,37042.087999999996
5158,37377.08900000001
5159,37294.08700000001
5160,37124.088
5161,35916.086
5162,36165.08200000001
5163,36645.079000000005
5164,36051.079000000005
5165,36801.081000000006
5166,35851.082
5167,35365.087999999996
5168,34420.087999999996
5169,34515.085
5170,34500.083999999995
5171,35885.087
5172,35465.088
5173,34687.089
5174,35697.087
5175,35032.085
5176,34902.083999999995
5177,35385.09
5178,36186.09
5179,36966.087
5180,38169.08599999999
5181,37544.08899999999
5182,37944.086999999985
5183,38184.083
5184,38249.079999999994
5185,38084.079
5186,38462.081
5187,38462.079999999994
5188,39052.082
5189,39412.084
5190,39497.082
5191,38322.086
5192,38886.086
5193,39351.090000000004
5194,38745.09300000001
5195,39335.094000000005
5196,38365.101
5197,38414.098000000005
5198,36935.097
5199,36610.096000000005
5200,35320.103
5201,36225.11200000001
5202,35308.115000000005
5203,34709.121
5204,35311.12
5205,34544.125
5206,34824.127
5207,34634.13100000001
5208,35448.134
5209,35388.139
5210,36158.141
5211,36425.14000000001
5212,36668.142
5213,37523.137
5214,37736.139
5215,37405.139
5216,38316.144
5217,38207.145
5218,38677.14599999999
5219,39183.143
5220,38727.151
5221,38208.149
5222,38958.152
5223,39142.152
5224,38946.155
5225,39419.163
5226,38694.163
5227,38462.169
5228,37550.172
5229,36951.176
5230,35600.176
5231,36281.18
5232,35511.183
5233,34857.179
5234,35143.174
5235,34253.181000000004
5236,33242.18600000001
5237,33598.187000000005
5238,34007.188
5239,34586.187000000005
5240,35756.19
5241,36705.188
5242,37446.183000000005
5243,38751.185000000005
5244,39058.188
5245,38301.194
5246,38907.196
5247,39406.198000000004
5248,39876.198000000004
5249,40556.195
5250,40477.202999999994
5251,39344.206
5252,39555.208
5253,39670.206999999995
5254,39108.20999999999
5255,39926.210999999996
5256,39193.219
5257,39070.219999999994
5258,37890.223
5259,37345.22600000001
5260,36066.228
5261,36983.22600000001
5262,36303.231
5263,35133.236000000004
5264,35248.236000000004
5265,35215.238000000005
5266,35499.234000000004
5267,34944.234000000004
5268,36523.22900000001
5269,36709.23
5270,37292.231
5271,37408.23300000001
5272,37753.235
5273,39536.238000000005
5274,39354.239
5275,38498.242
5276,39476.241
5277,40182.242
5278,40391.242000000006
5279,41396.244
5280,41281.246999999996
5281,39977.25
5282,41286.244999999995
5283,40424.252
5284,40153.258
5285,41075.257000000005
5286,41040.261000000006
5287,41653.263
5288,40510.263
5289,40180.262
5290,44949.262
5291,45635.265
5292,44572.274000000005
5293,43964.275
5294,43802.275
5295,43304.279
5296,42332.282000000014
5297,42330.280000000006
5298,44078.275
5299,43838.274000000005
5300,44453.274000000005
5301,44995.278000000006
5302,45033.28200000001
5303,46748.27900000001
5304,46910.28100000001
5305,46344.28700000001
5306,46872.297000000006
5307,46896.298
5308,47185.298
5309,48168.3
5310,47624.305
5311,47003.308000000005
5312,42160.311
5313,41920.315
5314,42541.31100000001
5315,43395.31100000001
5316,43265.31600000001
5317,42954.321
5318,41411.31700000001
5319,40365.31600000002
5320,39667.32300000001
5321,40006.32500000001
5322,38997.33100000001
5323,37964.33100000001
5324,37450.33400000001
5325,36989.330000000016
5326,35974.33400000001
5327,36796.337000000014
5328,37615.337000000014
5329,37506.34400000001
5330,37958.34900000001
5331,37765.35100000001
5332,37745.35700000001
5333,39143.356000000014
5334,39296.35500000002
5335,39963.35300000001
5336,40815.35300000001
5337,40883.35500000002
5338,41858.35100000002
5339,42616.35300000002
5340,42870.359000000004
5341,41986.365000000005
5342,42455.36200000001
5343,42425.367
5344,42324.371
5345,42168.379
5346,42058.382000000005
5347,41786.384999999995
5348,41100.389
5349,40126.393000000004
5350,40483.394
5351,41172.403000000006
5352,40796.406
5353,40542.40700000001
5354,40347.41400000001
5355,40100.41100000001
5356,39113.40900000001
5357,39891.407000000014
5358,40671.41400000002
5359,40410.41300000002
5360,40522.412000000026
5361,41279.42700000002
5362,42003.42500000002
5363,43699.43200000002
5364,43053.44100000002
5365,43044.446000000025
5366,44378.45200000001
5367,44094.46100000001
5368,43859.464000000014
5369,45413.46500000002
5370,45641.469000000005
5371,44969.46800000001
5372,44626.477000000006
5373,44667.47700000001
5374,44923.485000000015
5375,45923.475000000006
5376,46101.46800000001
5377,45808.47900000001
5378,45075.482
5379,44891.477000000006
5380,44587.48200000001
5381,44890.491000000016
5382,44172.49800000002
5383,43209.49600000002
5384,42947.498000000014
5385,42635.49500000002
5386,40652.49300000002
5387,41004.495000000024
5388,41632.49100000002
5389,41304.491000000016
5390,40858.48800000003
5391,41627.49400000002
5392,43257.493000000024
5393,44110.50000000003
5394,43789.50300000003
5395,43658.509000000035
5396,45361.51400000003
5397,45830.51700000003
5398,46688.522000000026
5399,47601.53100000003
5400,48650.53800000003
5401,48183.53400000003
5402,47261.54200000002
5403,47700.54200000002
5404,48445.539000000026
5405,49449.548000000024
5406,49380.54900000003
5407,49509.54400000003
5408,47552.55400000003
5409,47390.55600000003
5410,47313.56400000002
5411,46995.56600000003
5412,46371.56600000002
5413,46443.565000000024
5414,45820.57500000002
5415,44521.58700000003
5416,42200.591000000015
5417,41564.591000000015
5418,42933.58400000002
5419,41839.58100000003
5420,41777.578000000016
5421,42028.587000000014
5422,43692.587000000014
5423,44099.58600000002
5424,43665.591000000015
5425,43576.59000000002
5426,45562.58400000002
5427,46008.578000000016
5428,47369.58400000001
5429,48684.58500000001
5430,48710.58400000001
5431,47920.58700000001
5432,47793.58100000001
5433,47447.58100000001
5434,44470.599
5435,44784.606000000014
5436,44642.610000000015
5437,45093.625000000015
5438,43368.623000000014
5439,44373.62500000001
5440,44191.62400000002
5441,43979.627000000015
5442,43664.63500000002
5443,43937.62500000002
5444,43743.62100000002
5445,43010.62600000002
5446,41901.62200000002
5447,41659.629000000015
5448,42848.62700000002
5449,41716.63500000002
5450,41696.63300000001
5451,41557.638
5452,42256.651999999995
5453,43417.642
5454,43359.646
5455,43320.65700000001
5456,44752.652
5457,44539.655000000006
5458,45490.646
5459,45183.644
5460,44491.647
5461,43494.653000000006
5462,43003.669
5463,42445.67299999999
5464,43184.674999999996
5465,43529.672
5466,43125.66599999999
5467,43745.653999999995
5468,41976.657999999996
5469,43750.657
5470,43230.65700000001
5471,43374.65200000001
5472,43131.649999999994
5473,43200.644
5474,42355.647000000004
5475,41694.653
5476,40125.645000000004
5477,39700.648
5478,40635.64300000001
5479,39602.638000000006
5480,39944.64200000001
5481,40093.647999999994
5482,41711.642
5483,42767.634
5484,42363.633
5485,42668.625
5486,44320.625
5487,44788.623
5488,46257.62200000001
5489,45596.624
5490,46081.622
5491,45702.611000000004
5492,44724.616
5493,43892.63000000001
5494,44276.636000000006
5495,44143.641
5496,44223.638
5497,44450.632
5498,42806.62600000001
5499,44027.61800000001
5500,42359.62000000001
5501,42665.614000000016
5502,42036.615000000005
5503,41726.619000000006
5504,41323.615000000005
5505,41302.61000000001
5506,40281.607
5507,40246.60900000001
5508,40160.619000000006
5509,39567.60600000001
5510,39767.61100000001
5511,40678.613000000005
5512,42767.62000000001
5513,43103.61700000001
5514,42659.628000000004
5515,43204.632000000005
5516,45427.619000000006
5517,45955.626000000004
5518,46876.636000000006
5519,46543.648
5520,46999.64300000001
5521,46441.64200000001
5522,45540.63400000001
5523,45392.63500000002
5524,46262.63000000001
5525,45943.62500000001
5526,45950.61800000002
5527,45726.60900000002
5528,43832.614000000016
5529,44427.61000000001
5530,42895.615
5531,47563.61
5532,46706.609
5533,46447.609
5534,46723.614
5535,45572.61600000001
5536,43044.62700000001
5537,42264.622
5538,42707.621
5539,41954.61499999999
5540,42289.61
5541,42749.60799999999
5542,44548.61099999999
5543,44613.61099999999
5544,43149.603
5545,43831.606
5546,44471.603
5547,44525.60400000001
5548,45572.60700000002
5549,45685.592000000004
5550,46036.59999999999
5551,45821.596000000005
5552,44765.596999999994
5553,44553.592000000004
5554,45262.584
5555,45016.58900000002
5556,45598.580000000016
5557,45455.57800000002
5558,43843.582000000024
5559,44152.58400000002
5560,44055.58400000002
5561,43896.57500000001
5562,43058.573000000004
5563,42228.56400000001
5564,42207.56200000002
5565,41835.56200000002
5566,40073.56600000002
5567,34100.56800000002
5568,33871.56300000002
5569,37740.57000000002
5570,37844.55800000002
5571,37160.56600000002
5572,38745.57300000002
5573,39239.57900000001
5574,38720.580000000016
5575,38605.58400000002
5576,40040.580000000016
5577,39685.57900000002
5578,41163.572
5579,42506.56700000001
5580,37021.561
5581,37047.559
5582,36327.556
5583,36009.558000000005
5584,35096.561
5585,34826.55900000001
5586,34391.56300000001
5587,34862.54900000001
5588,33936.54300000002
5589,34277.54100000001
5590,34953.537000000004
5591,34360.54000000001
5592,33141.532000000014
5593,32503.534000000018
5594,32983.53500000001
5595,32392.531000000017
5596,31581.532000000017
5597,31392.528000000013
5598,31258.524000000016
5599,29396.524000000016
5600,28911.524000000016
5601,28243.52400000002
5602,29768.52300000002
5603,29928.52200000002
5604,30259.51200000002
5605,30669.50900000002
5606,31472.511000000017
5607,31760.508000000016
5608,32909.50100000001
5609,35138.492
5610,35253.48499999999
5611,34839.488999999994
5612,34563.48700000001
5613,34142.487000000016
5614,32714.49300000002
5615,32097.500000000015
5616,32346.48900000002
5617,31497.495000000024
5618,31218.492000000024
5619,31166.48500000002
5620,32033.491000000024
5621,32737.49000000002
5622,31084.48800000002
5623,31569.492000000017
5624,31508.492000000017
5625,31465.488000000016
5626,30527.483000000015
5627,30633.487000000016
5628,30107.48700000002
5629,28079.48900000002
5630,27164.47900000002
5631,26978.475000000017
5632,28549.47000000002
5633,27733.477000000017
5634,27729.475000000017
5635,27392.480000000014
5636,27711.472000000016
5637,27161.476000000017
5638,27175.473000000016
5639,29254.471000000016
5640,29213.471000000016
5641,30203.458000000017
5642,29530.450000000015
5643,29526.44800000002
5644,28413.447000000015
5645,28706.450000000015
5646,28253.45000000001
5647,27577.454000000016
5648,27897.456000000017
5649,27583.462000000018
5650,29216.462000000014
5651,29434.454000000012
5652,28829.443000000014
5653,29616.448000000015
5654,29959.446000000014
5655,29804.447000000015
5656,28103.450000000015
5657,28142.458000000013
5658,27356.46400000001
5659,25624.460000000014
5660,24206.457000000013
5661,23988.458000000013
5662,24959.454000000012
5663,24365.451000000012
5664,24221.46400000001
5665,24617.451000000012
5666,25236.446000000014
5667,24620.44700000001
5668,24458.436000000012
5669,25327.44100000001
5670,24666.441000000013
5671,25341.445000000014
5672,25686.434000000012
5673,24718.43300000001
5674,23808.43100000001
5675,24197.42500000001
5676,23866.422000000013
5677,24955.42100000001
5678,25195.42400000001
5679,25174.42700000001
5680,25302.42900000001
5681,25067.42700000001
5682,22852.42600000001
5683,22816.41600000001
5684,23146.42100000001
5685,23315.427000000003
5686,23247.425000000003
5687,23112.420000000006
5688,22352.426000000007
5689,21833.426000000003
5690,22265.426000000003
5691,21838.432000000004
5692,23227.430000000004
5693,22880.425000000007
5694,23385.427000000003
5695,22947.421000000006
5696,22895.421000000006
5697,21417.427000000007
5698,21478.430000000004
5699,21762.429000000007
5700,21183.427000000007
5701,21911.417000000005
5702,22663.41700000001
5703,22703.424000000006
5704,21955.429000000004
5705,22785.424000000006
5706,22820.41800000001
5707,23218.427000000007
5708,23845.42200000001
5709,24517.41800000001
5710,25280.408000000007
5711,24373.413000000004
5712,22596.407000000003
5713,22024.410000000003
5714,22719.405000000002
5715,21755.409
5716,21491.407
5717,20995.407000000003
5718,20063.413000000004
5719,18298.409000000003
5720,17116.410000000003
5721,16544.415000000008
5722,17010.399
5723,16459.403000000002
5724,15892.402000000004
5725,15482.403
5726,15622.399
5727,15918.402
5728,16307.389000000001
5729,18402.39
5730,18966.356999999996
5731,18326.362999999998
5732,18777.364999999998
5733,18193.363999999998
5734,17746.363999999998
5735,17402.365
5736,17370.372
5737,16379.369
5738,15905.369
5739,14775.380000000003
5740,14889.385000000004
5741,15146.377000000006
5742,15331.378000000006
5743,15492.377000000006
5744,15664.377000000006
5745,15705.389000000005
5746,15566.395000000008
5747,14875.40300000001
5748,14634.411000000011
5749,13640.41700000001
5750,15063.424000000012
5751,14366.430000000008
5752,12589.44900000001
5753,11489.470000000014
5754,10528.482000000016
5755,9380.496000000017
5756,7977.508000000016
5757,6568.538000000021
5758,4812.5630000000165
5759,2276.5999999999963
5760,1281.4549999999956
5761,4079.4290000000096
5762,5692.423000000021
5763,6202.419000000019
5764,7837.412000000019
5765,8806.40400000002
5766,9871.397000000023
5767,10966.396000000019
5768,11874.389000000017
5769,13389.378000000015
5770,16634.372000000014
5771,15092.373000000014
5772,14927.360000000013
5773,15793.35500000001
5774,15028.36100000001
5775,14772.355000000009
5776,14222.351000000008
5777,14560.345000000007
5778,13936.343000000006
5779,12603.345000000007
5780,10613.348000000004
5781,12983.345000000005
5782,13046.338000000003
5783,13961.333000000002
5784,14609.328
5785,16240.323
5786,17185.321
5787,17403.318
5788,17754.313000000002
5789,18604.310999999998
5790,18084.317999999996
5791,17906.32
5792,19016.321999999996
5793,18392.327999999998
5794,18900.335
5795,19110.338
5796,19475.338
5797,19225.339999999997
5798,20400.342999999997
5799,20440.34
5800,22648.334
5801,21298.331
5802,19963.328
5803,19260.328
5804,19925.327
5805,18292.325
5806,16842.325
5807,17670.318000000003
5808,16250.319000000003
5809,14830.314000000004
5810,13415.316000000003
5811,14225.307000000006
5812,14795.303000000005
5813,15150.297000000004
5814,14170.290000000003
5815,14770.287000000004
5816,15123.287000000004
5817,15243.280000000004
5818,14890.274000000003
5819,15650.267000000003
5820,15508.259000000004
5821,15748.251000000002
5822,16270.247000000003
5823,17273.242
5824,18423.238
5825,19848.24
5826,20453.238
5827,20128.239
5828,19773.234000000004
5829,19188.231
5830,20350.229000000007
5831,19508.228000000006
5832,18106.224000000002
5833,17906.222000000005
5834,18061.218000000008
5835,16511.209000000006
5836,15528.203000000005
5837,15463.204000000005
5838,16043.199000000006
5839,15668.200000000004
5840,13828.197000000004
5841,14608.196000000005
5842,13798.203000000007
5843,14988.201000000005
5844,14193.202000000005
5845,14168.208000000006
5846,15170.206000000006
5847,15390.203000000005
5848,16388.202000000005
5849,15761.207000000006
5850,17364.20100000001
5851,18529.200000000004
5852,18377.197000000004
5853,18597.196000000007
5854,19767.199000000004
5855,19547.202
5856,19734.203
5857,20124.203000000005
5858,19162.204000000005
5859,19172.203
5860,17979.206000000006
5861,17429.204000000005
5862,16828.204000000005
5863,15676.205000000005
5864,15861.204000000005
5865,15671.205000000005
5866,15114.201000000005
5867,15679.203000000005
5868,15684.202000000005
5869,16104.198000000004
5870,16112.194000000003
5871,16092.196000000004
5872,16636.200000000004
5873,18601.197
5874,17834.196
5875,18044.193000000003
5876,18039.195000000003
5877,17623.197000000004
5878,18031.195000000003
5879,17054.197000000004
5880,18229.196000000004
5881,17869.196000000004
5882,17869.197000000004
5883,18436.198
5884,19824.195
5885,19829.194000000003
5886,20622.193000000003
5887,21217.192000000006
5888,20032.194
5889,19037.198
5890,18246.199000000004
5891,18854.196
5892,17484.196000000004
5893,16919.193000000003
5894,17294.195000000003
5895,17666.196000000004
5896,17099.194000000003
5897,18454.196000000004
5898,19799.197000000004
5899,20369.196
5900,20564.196
5901,19784.195000000003
5902,20777.193000000007
5903,21965.19
5904,21157.192000000003
5905,20759.194
5906,20592.191
5907,18607.194000000003
5908,17804.196000000004
5909,16237.199000000004
5910,16612.200000000004
5911,17397.201
5912,17192.203000000005
5913,17582.205
5914,18177.203
5915,18172.206000000006
5916,19157.205
5917,19737.206000000006
5918,18982.20600000001
5919,18574.210000000003
5920,18591.20700000001
5921,19201.203
5922,17988.207000000006
5923,16789.210000000006
5924,17531.213000000003
5925,17176.213000000007
5926,16991.211000000007
5927,18184.206000000006
5928,19557.204
5929,19722.209000000006
5930,18920.213000000007
5931,18360.214000000004
5932,18550.211000000003
5933,19325.212000000007
5934,19745.208000000006
5935,20175.205
5936,19615.203
5937,18460.203
5938,17792.211000000007
5939,17427.209000000006
5940,18420.207000000002
5941,20000.203000000005
5942,20197.201
5943,20564.204
5944,20804.199
5945,21022.196
5946,22199.194000000003
5947,23164.196000000004
5948,22349.200000000004
5949,21534.205
5950,21356.204
5951,20617.199000000004
5952,20432.2
5953,19627.203000000005
5954,19597.203000000005
5955,19190.205
5956,18995.202000000005
5957,19005.199000000008
5958,20000.194000000003
5959,20132.196000000004
5960,19344.194000000007
5961,19123.194000000003
5962,18972.190000000006
5963,20350.189000000002
5964,21155.184
5965,21514.187000000005
5966,20889.185000000005
5967,20094.184
5968,19324.184
5969,19109.185
5970,19299.184000000005
5971,20697.178
5972,21532.172000000006
5973,20937.174000000006
5974,20947.174000000006
5975,21357.169
5976,21132.175000000003
5977,22676.177000000003
5978,22109.174000000003
5979,22509.173000000006
5980,23872.172000000006
5981,23289.173000000006
5982,21957.171000000006
5983,21747.172000000006
5984,21927.173000000003
5985,20962.171000000002
5986,20942.171000000002
5987,20367.171000000002
5988,21337.172000000006
5989,20124.177000000003
5990,19549.176000000007
5991,20129.177000000003
5992,20091.179
5993,21246.180000000004
5994,21844.177000000003
5995,22419.178
5996,22084.173000000003
5997,20899.174000000006
5998,20304.177000000007
5999,21149.171000000002
6000,21198.168000000005
6001,21818.16900000001
6002,22965.173000000003
6003,22973.176000000007
6004,22175.180000000004
6005,22150.182000000008
6006,22537.181000000004
6007,23907.178000000007
6008,22947.178
6009,22360.178000000004
6010,22970.174
6011,23350.174
6012,22012.172000000006
6013,21423.175000000007
6014,22236.174000000003
6015,21638.174000000006
6016,21038.175
6017,20908.174
6018,21878.18
6019,21186.176
6020,21017.179
6021,21437.180000000004
6022,21439.18
6023,22777.186
6024,22972.183000000005
6025,22557.190000000002
6026,22023.184
6027,21849.183000000005
6028,21311.184
6029,21481.187000000005
6030,22481.185
6031,22661.187
6032,24383.187000000005
6033,24963.187000000005
6034,24602.186000000005
6035,24427.186
6036,24682.188000000002
6037,25664.190000000006
6038,24844.194000000007
6039,25243.196000000007
6040,25688.197000000007
6041,26652.2
6042,26045.209000000003
6043,26224.209000000003
6044,27451.210000000003
6045,27086.212000000007
6046,26915.210000000003
6047,25970.209000000006
6048,26372.207000000006
6049,25937.211000000007
6050,24426.213000000003
6051,25048.211000000003
6052,24851.214000000004
6053,25453.21900000001
6054,24313.221000000005
6055,24127.225000000006
6056,22572.226000000002
6057,22191.224000000006
6058,22062.22300000001
6059,22729.217000000008
6060,23984.215000000007
6061,23944.214000000007
6062,25550.211000000003
6063,27002.204
6064,26827.206000000002
6065,26276.205
6066,26686.207000000002
6067,26913.211
6068,26385.205
6069,26826.204
6070,27174.208000000002
6071,28478.212000000003
6072,27871.211000000003
6073,27465.214000000004
6074,27856.216000000004
6075,27629.218000000004
6076,27679.218000000004
6077,26506.217000000004
6078,26467.223000000005
6079,25675.221000000005
6080,25943.215000000004
6081,25868.209000000003
6082,26041.210000000003
6083,26095.211000000003
6084,25484.213000000003
6085,26244.215000000004
6086,24359.219
6087,23996.219
6088,23845.218
6089,24677.211000000003
6090,25860.211
6091,26033.217
6092,27224.219
6093,28023.219
6094,28864.217
6095,27681.22
6096,28294.225000000002
6097,29034.221
6098,28270.222
6099,27301.225000000002
6100,26678.225000000002
6101,28056.225
6102,27742.219
6103,27706.216
6104,28408.21
6105,27723.208
6106,27413.202999999998
6107,26685.209
6108,27827.212
6109,26419.212
6110,26637.214
6111,26685.211
6112,26406.212
6113,26766.211
6114,26456.209000000003
6115,27048.212000000003
6116,25683.214000000004
6117,24929.214000000004
6118,24978.214000000004
6119,26129.204
6120,27186.197
6121,27450.191000000003
6122,28240.187
6123,28043.186000000005
6124,28709.182000000004
6125,28349.181000000004
6126,29812.173000000003
6127,31280.176000000003
6128,29772.169
6129,29179.170000000002
6130,28314.183
6131,29675.184
6132,29097.188000000002
6133,28922.188000000002
6134,29293.198000000004
6135,29037.202
6136,29278.205
6137,28790.203
6138,29648.198000000008
6139,28904.208000000006
6140,28993.20200000001
6141,28443.202000000005
6142,28047.203000000005
6143,29571.205
6144,28806.206000000002
6145,28851.208000000002
6146,27851.200000000004
6147,27660.206000000002
6148,27673.211000000003
6149,28074.209000000003
6150,28991.213000000003
6151,28988.217
6152,29575.221
6153,30370.226000000002
6154,31162.225000000002
6155,30865.233000000004
6156,31636.238000000005
6157,32650.235000000004
6158,30830.239000000005
6159,30715.238
6160,30144.239000000005
6161,31140.236000000004
6162,30372.245000000003
6163,29878.244000000002
6164,29972.255
6165,29805.249000000003
6166,30548.255
6167,30605.255
6168,30510.252000000004
6169,29676.259000000002
6170,29801.262000000002
6171,29374.270000000004
6172,29146.271
6173,30228.276
6174,29059.269
6175,29508.264000000003
6176,28811.259000000002
6177,29059.256
6178,29929.262
6179,31173.254
6180,31568.263000000003
6181,31282.257000000005
6182,31537.251000000004
6183,32006.250000000004
6184,32724.252000000004
6185,31666.263000000006
6186,32110.261000000006
6187,32532.266000000003
6188,31598.265000000007
6189,31074.268000000007
6190,30285.265000000007
6191,31038.258000000005
6192,30256.251000000004
6193,29210.244000000006
6194,28959.244000000006
6195,30042.242000000006
6196,30308.236000000004
6197,30465.232000000004
6198,30204.234000000004
6199,29672.240000000005
6200,30633.247000000003
6201,30576.242000000006
6202,30498.242000000006
6203,30903.237000000005
6204,29935.231000000003
6205,30652.22
6206,30036.213000000003
6207,30065.206000000002
6208,30264.208000000002
6209,31088.212000000003
6210,30835.199000000004
6211,30562.202000000005
6212,30786.195000000003
6213,31697.189000000002
6214,32441.187
6215,31772.183
6216,31841.180000000004
6217,32769.182
6218,32570.179
6219,31803.174000000006
6220,30788.171000000006
6221,31017.169000000005
6222,31483.161000000004
6223,31658.154000000006
6224,31048.153000000006
6225,31889.144000000004
6226,31597.147000000004
6227,31642.155000000006
6228,32205.142000000003
6229,32052.137000000006
6230,32640.131000000005
6231,32186.127000000004
6232,31650.122000000003
6233,32053.121000000006
6234,30474.121000000006
6235,30888.122000000007
6236,30935.119000000006
6237,30567.117000000006
6238,30085.123000000007
6239,30625.126000000007
6240,30639.123000000003
6241,31355.121000000003
6242,33847.123
6243,30574.123000000003
6244,31721.121000000003
6245,30690.123000000003
6246,31235.124000000003
6247,31836.125000000004
6248,31476.123000000003
6249,31315.117000000002
6250,30707.116
6251,31082.118000000002
6252,31050.119000000002
6253,30442.119000000002
6254,31030.115
6255,30879.112000000005
6256,30662.115000000005
6257,30446.116000000005
6258,30734.118000000002
6259,31633.114000000005
6260,32494.121000000003
6261,31310.121000000003
6262,31379.120000000003
6263,32003.118000000002
6264,30437.122000000003
6265,31824.117000000002
6266,31374.117000000002
6267,31182.11
6268,31019.106000000003
6269,30875.105000000003
6270,30023.11500000001
6271,29947.116
6272,30497.116
6273,30544.109000000004
6274,31978.102000000006
6275,31370.103000000003
6276,31543.102000000006
6277,32417.102000000006
6278,32151.106000000007
6279,32347.103000000006
6280,31369.104000000007
6281,32219.101000000006
6282,31206.103000000006
6283,30871.097000000005
6284,30841.091000000008
6285,30393.093000000008
6286,30363.092000000008
6287,30203.088000000007
6288,31193.080000000005
6289,31778.076000000005
6290,33183.072
6291,34928.07
6292,34893.06800000001
6293,35878.066
6294,33888.068
6295,34533.065
6296,34465.070999999996
6297,34165.069
6298,33935.069
6299,33400.068999999996
6300,33670.069
6301,34070.066
6302,34030.069
6303,33770.07200000001
6304,35455.07200000001
6305,34890.074
6306,34665.076
6307,35480.074
6308,34700.074
6309,34395.07200000001
6310,33005.07200000001
6311,33180.07200000001
6312,32200.073000000008
6313,31810.074000000008
6314,32490.070000000007
6315,32095.071000000007
6316,31755.071000000007
6317,31950.071000000007
6318,33125.07
6319,33985.069
6320,34820.068
6321,34200.07
6322,34125.070999999996
6323,35325.073000000004
6324,33405.071
6325,33825.07
6326,33725.067
6327,33145.066000000006
6328,33565.065
6329,32975.066000000006
6330,33565.066
6331,34320.068999999996
6332,35160.067
6333,34320.068999999996
6334,34955.068999999996
6335,34525.072
6336,34720.073
6337,35105.076
6338,34020.074
6339,33265.07400000001
6340,31920.075000000008
6341,32145.07500000001
6342,31395.074000000008
6343,31730.07500000001
6344,32255.07800000001
6345,32055.07900000001
6346,32460.07600000001
6347,32610.075000000008
6348,34150.074
6349,34930.07399999999
6350,35845.077
6351,35285.077
6352,35115.077000000005
6353,35735.075
6354,34175.076
6355,34570.075
6356,34955.068
6357,34400.069
6358,34495.066
6359,34530.064
6360,35365.062
6361,35200.061
6362,36440.057
6363,36250.057
6364,37425.056000000004
6365,36835.057
6366,36835.058
6367,37515.064999999995
6368,36150.066
6369,35760.066
6370,34460.064
6371,34675.064999999995
6372,33755.064
6373,33750.065
6374,34110.066
6375,34280.067
6376,33885.068
6377,33860.068999999996
6378,35495.073
6379,35495.073
6380,36110.073
6381,34890.078
6382,34830.081
6383,34205.085
6384,32415.08700000001
6385,33630.083000000006
6386,33670.081
6387,31550.08200000001
6388,31565.07900000001
6389,31615.08000000001
6390,32030.08000000001
6391,31965.08000000001
6392,33360.07900000001
6393,32645.07600000001
6394,34035.07600000001
6395,33320.07300000001
6396,33810.07700000001
6397,34710.073000000004
6398,34320.07400000001
6399,34525.07200000001
6400,33945.07100000001
6401,34400.069
6402,33630.06800000001
6403,33985.07000000001
6404,33625.06900000001
6405,33640.06700000001
6406,33865.066000000006
6407,33375.06300000001
6408,34800.061
6409,35235.058000000005
6410,34895.058000000005
6411,34690.061
6412,34470.061
6413,36680.064000000006
6414,35540.06300000001
6415,36505.065
6416,36165.061
6417,35775.061
6418,35180.064000000006
6419,35600.06300000001
6420,36980.061
6421,36905.062000000005
6422,37200.066000000006
6423,36080.06700000001
6424,37815.066000000006
6425,36680.064000000006
6426,37445.06300000001
6427,37825.065
6428,37990.064
6429,37515.066
6430,36775.064
6431,37625.061
6432,37065.061
6433,37540.059
6434,37450.062000000005
6435,38885.059
6436,38825.057
6437,38205.059
6438,39055.06
6439,38630.062000000005
6440,38405.063
6441,38245.06
6442,38470.059
6443,38470.061
6444,37330.06
6445,37720.06
6446,36905.062000000005
6447,37310.059
6448,37070.063
6449,37435.063
6450,38830.063
6451,39260.06
6452,38850.064
6453,38380.066
6454,39370.066999999995
6455,38160.07
6456,38230.066
6457,38845.065
6458,38265.06399999999
6459,37415.068999999996
6460,36255.06799999999
6461,36655.06799999999
6462,35505.06999999999
6463,35895.06999999999
6464,35700.06999999999
6465,36350.06799999999
6466,37005.06399999999
6467,36550.066999999995
6468,37900.06999999999
6469,38535.06599999999
6470,38790.065
6471,38630.062999999995
6472,39415.06199999999
6473,39250.062999999995
6474,37875.06599999999
6475,38315.066
6476,38605.062
6477,38360.062999999995
6478,38365.062
6479,38885.064999999995
6480,39925.062999999995
6481,39310.07
6482,39930.068
6483,38485.074
6484,39510.076
6485,39380.074
6486,38765.075
6487,39920.073000000004
6488,38385.073000000004
6489,37970.073000000004
6490,36790.071
6491,35845.07200000001
6492,35460.069
6493,35780.074
6494,35685.069
6495,35720.072
6496,35130.075000000004
6497,34930.07700000001
6498,36270.077000000005
6499,36755.073000000004
6500,37580.07600000001
6501,38220.07000000001
6502,38805.07000000001
6503,38760.066
6504,38070.063
6505,38460.063
6506,38815.068
6507,38160.073000000004
6508,38580.072
6509,38415.072
6510,38500.07
6511,39645.06999999999
6512,39810.07099999999
6513,38685.072
6514,40145.073
6515,39495.075999999994
6516,39665.075999999994
6517,40420.075999999994
6518,38510.078
6519,39395.077000000005
6520,38625.074
6521,38375.075
6522,37485.073000000004
6523,37865.07100000001
6524,38345.073000000004
6525,38130.072
6526,37525.070999999996
6527,36400.071
6528,37965.07000000001
6529,37925.073000000004
6530,38250.070999999996
6531,37095.072
6532,37520.07000000001
6533,37125.075000000004
6534,35770.07200000001
6535,36745.072
6536,36600.07200000001
6537,36735.073
6538,36960.07200000001
6539,37390.069
6540,37550.07000000001
6541,38545.07000000001
6542,38675.073000000004
6543,37755.072
6544,38495.075000000004
6545,38310.073000000004
6546,38345.071
6547,39575.069
6548,38510.072
6549,39260.072
6550,38625.072
6551,44350.07
6552,44240.06800000001
6553,44950.06800000001
6554,44945.068999999996
6555,44600.071
6556,44050.071
6557,43050.071
6558,44110.07
6559,42940.07
6560,43345.073000000004
6561,41990.07100000001
6562,41390.07400000001
6563,41775.07600000001
6564,40555.077000000005
6565,40130.07800000001
6566,40880.08
6567,41425.083
6568,41640.081000000006
6569,41855.077
6570,42121.076
6571,43296.077000000005
6572,43491.079000000005
6573,42706.08200000001
6574,43696.079000000005
6575,43636.08200000001
6576,43471.081000000006
6577,43696.08
6578,42481.08500000001
6579,43931.083000000006
6580,43551.081
6581,43581.081
6582,43611.081
6583,43340.083000000006
6584,42730.085999999996
6585,43075.091
6586,42845.094
6587,41916.09400000001
6588,44041.09300000001
6589,43876.091
6590,44601.09300000001
6591,43501.09
6592,43771.094
6593,44182.09300000001
6594,42746.100000000006
6595,36251.100000000006
6596,36206.105
6597,37056.102000000006
6598,36526.102000000006
6599,35191.102
6600,35056.100000000006
6601,36196.101
6602,36322.103
6603,36157.102000000006
6604,36350.102000000006
6605,36752.101
6606,35947.096
6607,36777.097
6608,35641.097
6609,37336.098999999995
6610,37161.098999999995
6611,37376.094999999994
6612,36856.102
6613,36336.100000000006
6614,36431.105
6615,36924.105
6616,37599.10300000001
6617,36546.10400000001
6618,37879.10600000001
6619,38059.11100000001
6620,38697.109000000004
6621,37914.10700000001
6622,37469.10800000001
6623,37510.11
6624,36786.108
6625,35816.10700000001
6626,35983.10700000001
6627,36323.11000000001
6628,35901.11100000001
6629,34434.10600000001
6630,34454.10800000001
6631,35859.105
6632,36634.10700000001
6633,36624.11000000001
6634,43113.10900000001
6635,43898.10900000001
6636,41873.11600000001
6637,42685.11600000001
6638,42700.11700000001
6639,44539.11499999999
6640,43938.118
6641,43363.117
6642,42968.122
6643,41521.130000000005
6644,41571.133
6645,41936.134000000005
6646,43780.132
6647,43939.130000000005
6648,44654.138000000006
6649,45084.137
6650,45864.14200000001
6651,44646.14700000001
6652,44131.15700000001
6653,44616.15800000001
6654,43588.162000000004
6655,42474.16100000001
6656,42374.162000000004
6657,42434.162000000004
6658,41835.167
6659,41000.161
6660,41239.158
6661,41620.159999999996
6662,42182.164
6663,42630.165
6664,44023.166000000005
6665,44486.168
6666,43018.175
6667,43398.18200000001
6668,43486.183
6669,44257.185000000005
6670,48921.182
6671,42808.18400000001
6672,42629.187000000005
6673,41524.191000000006
6674,41918.186
6675,41586.19
6676,42968.19600000001
6677,42469.198000000004
6678,42786.194
6679,43366.204
6680,43511.21000000001
6681,38344.21700000001
6682,38167.222
6683,38256.22000000001
6684,37306.218
6685,36321.224
6686,36144.226
6687,36961.228
6688,36865.227000000006
6689,36267.226
6690,37192.229
6691,37225.234000000004
6692,37206.238000000005
6693,37986.242000000006
6694,40512.242999999995
6695,40013.246999999996
6696,40202.238999999994
6697,40758.234000000004
6698,41729.23499999999
6699,41525.23599999999
6700,40359.239
6701,39909.23299999999
6702,40140.23399999999
6703,38979.23699999999
6704,38770.241
6705,38697.246999999996
6706,40075.249999999985
6707,38480.25499999999
6708,38964.257
6709,40091.25499999999
6710,39970.261
6711,39570.26099999999
6712,39600.26
6713,40528.259000000005
6714,38488.26
6715,38721.261999999995
6716,38862.26099999999
6717,39235.26499999999
6718,38488.264
6719,37995.267
6720,38168.27300000001
6721,38073.267
6722,38129.26800000001
6723,39327.261
6724,40708.261
6725,39884.258
6726,39523.25800000001
6727,39542.267
6728,40082.272000000004
6729,40098.27300000001
6730,39499.279
6731,39958.27800000001
6732,39807.286
6733,38618.28800000001
6734,38739.28900000001
6735,39772.28900000001
6736,39914.293000000005
6737,38834.29099999999
6738,39395.293
6739,39829.29099999999
6740,40577.286
6741,40511.289
6742,40340.295999999995
6743,41236.299999999996
6744,39801.299999999996
6745,40159.297999999995
6746,39944.304000000004
6747,40629.30500000001
6748,41191.30699999999
6749,40245.313
6750,38204.316
6751,37557.325
6752,36741.327
6753,36769.325
6754,38937.325000000004
6755,37023.337
6756,36925.341
6757,37914.340000000004
6758,37244.34100000001
6759,37583.348000000005
6760,36745.356
6761,36924.36200000001
6762,37798.36200000001
6763,37542.361000000004
6764,38714.359000000004
6765,38955.36100000001
6766,37992.36400000001
6767,36867.366
6768,38147.35600000001
6769,39091.35200000001
6770,38486.35800000001
6771,38063.357
6772,39533.35300000001
6773,40338.35100000002
6774,38333.35500000001
6775,38653.36500000001
6776,38687.37300000001
6777,38922.37500000001
6778,39078.37
6779,38562.368
6780,39666.372
6781,42898.372
6782,41881.37300000001
6783,41527.38100000001
6784,41915.38600000001
6785,41578.38700000001
6786,42298.38400000001
6787,42978.39100000001
6788,42654.396000000015
6789,42291.402
6790,42203.409000000014
6791,43259.40800000001
6792,43256.40700000001
6793,42920.40700000001
6794,43952.40800000001
6795,44916.40800000001
6796,44812.406
6797,44088.41
6798,45385.414000000004
6799,45861.42100000002
6800,44957.431000000004
6801,43392.431000000004
6802,44668.436
6803,45702.43700000002
6804,44239.43200000001
6805,43926.43100000002
6806,43985.430000000015
6807,44300.427
6808,44657.43300000001
6809,44289.431000000004
6810,46168.43200000001
6811,45220.436
6812,43733.435000000005
6813,44173.436
6814,45380.442
6815,44487.44900000001
6816,44628.44900000001
6817,45256.448000000004
6818,45165.44900000001
6819,45140.456000000006
6820,44462.45700000001
6821,44879.46300000002
6822,43840.46300000002
6823,43040.46500000002
6824,43068.45900000001
6825,43470.46700000002
6826,42829.47100000001
6827,42467.46900000002
6828,42229.47500000002
6829,43390.48000000001
6830,42198.48300000001
6831,42020.481000000014
6832,43120.481000000014
6833,43749.479000000014
6834,42141.48700000001
6835,43053.48900000001
6836,43088.490000000005
6837,44118.49200000002
6838,45361.49300000002
6839,44231.498000000014
6840,45662.50500000001
6841,46395.50900000002
6842,46129.505
6843,45956.508
6844,48185.515000000014
6845,47945.52600000001
6846,48057.52300000001
6847,47912.52400000001
6848,47236.52900000001
6849,46556.53200000002
6850,45868.53300000001
6851,45807.53200000001
6852,45630.53500000001
6853,45117.53900000001
6854,44063.53900000001
6855,43506.544000000016
6856,43312.548000000024
6857,43257.55200000001
6858,43274.550000000025
6859,44219.554000000026
6860,43677.54300000002
6861,43885.55200000002
6862,43482.56900000002
6863,43246.57900000001
6864,42200.580000000016
6865,42620.57800000001
6866,42648.57800000001
6867,44246.573000000004
6868,44603.57100000001
6869,44364.57500000001
6870,51588.576
6871,51454.578000000016
6872,50495.578000000016
6873,50957.574000000015
6874,52416.57700000001
6875,52410.574000000015
6876,52505.583000000006
6877,52216.587
6878,51148.59500000001
6879,49980.607
6880,49332.609000000004
6881,48741.608
6882,48429.60900000001
6883,48163.609000000004
6884,47727.61400000001
6885,47588.62100000002
6886,47143.63000000002
6887,46752.629000000015
6888,47053.631
6889,48182.625000000015
6890,47460.62500000001
6891,48135.63100000001
6892,42656.632000000005
6893,41724.638000000006
6894,40237.63700000001
6895,40415.642000000014
6896,39886.64300000001
6897,41296.642
6898,42131.64300000001
6899,42366.64000000001
6900,43193.646
6901,42835.651
6902,42784.648
6903,43461.649000000005
6904,44569.643000000004
6905,49702.641
6906,50462.641
6907,50588.633
6908,50309.63200000001
6909,49806.63500000001
6910,49971.630999999994
6911,49843.629
6912,49713.628
6913,49266.634999999995
6914,48848.638999999996
6915,48332.648
6916,47803.647
6917,46742.648000000016
6918,45991.65000000001
6919,46886.65100000001
6920,45988.65200000002
6921,46100.65000000001
6922,46344.639000000025
6923,45979.648000000016
6924,45132.652
6925,44844.65500000001
6926,44565.640000000014
6927,45118.64100000002
6928,40034.64200000002
6929,39102.64900000002
6930,39722.65300000001
6931,39184.65600000001
6932,38933.664000000004
6933,45269.655000000006
6934,47033.647000000004
6935,47106.644
6936,47559.638
6937,47826.640999999996
6938,47883.64300000001
6939,47536.65000000001
6940,47859.64800000001
6941,48291.641
6942,49127.635
6943,49156.63300000001
6944,49548.629
6945,50176.62500000001
6946,49529.627
6947,48837.634000000005
6948,48002.632000000005
6949,47835.63500000002
6950,46501.64500000002
6951,47746.64200000001
6952,46392.65200000002
6953,47230.65100000001
6954,46215.64500000001
6955,45861.65100000001
6956,45740.64500000001
6957,46073.64600000001
6958,46851.647000000004
6959,45868.648000000016
6960,47015.64700000001
6961,46856.65000000001
6962,47421.643
6963,47240.645000000004
6964,48010.65
6965,47417.647000000004
6966,47952.64200000001
6967,47948.639
6968,47315.63700000001
6969,47781.63900000002
6970,42141.63600000001
6971,41672.639
6972,41747.63400000001
6973,40105.645000000004
6974,40253.64400000001
6975,40443.643000000004
6976,39965.637
6977,39606.629
6978,39224.63100000001
6979,38920.630000000005
6980,38869.623
6981,39894.619000000006
6982,39360.615000000005
6983,39727.611000000004
6984,37659.59600000001
6985,37379.59600000001
6986,37181.589000000014
6987,37398.58600000001
6988,37611.58100000002
6989,36668.57700000001
6990,36062.58800000001
6991,35456.59200000001
6992,36049.59400000001
6993,36915.58900000001
6994,37544.58400000001
6995,37310.58
6996,36886.58000000001
6997,36342.57700000001
6998,36300.58200000002
6999,36837.58800000002
7000,35854.58600000002
7001,36360.57700000001
7002,35978.58300000001
7003,35735.57800000001
7004,35009.58300000001
7005,34909.576000000015
7006,34802.57100000001
7007,34208.57000000002
7008,34651.56300000002
7009,34384.566000000006
7010,35368.560000000005
7011,35731.560000000005
7012,34734.562000000005
7013,34311.56200000001
7014,33122.557000000015
7015,32850.55800000002
7016,33285.570000000014
7017,33689.570000000014
7018,33444.57400000002
7019,33418.57300000002
7020,33082.568000000014
7021,32523.56300000002
7022,33034.56600000002
7023,33798.56900000001
7024,34712.569
7025,34601.57
7026,33213.57800000001
7027,33416.57500000001
7028,32984.57000000001
7029,32300.57300000002
7030,31039.56900000002
7031,31764.567000000017
7032,31790.56100000002
7033,31391.55500000002
7034,31331.55800000002
7035,31563.548000000017
7036,31582.545000000016
7037,31386.534000000018
7038,31178.538000000015
7039,31360.535000000018
7040,31419.54000000002
7041,31659.532000000017
7042,31190.534000000018
7043,30974.53700000002
7044,29702.537000000022
7045,29372.54000000002
7046,30413.543000000016
7047,31238.53700000002
7048,31582.53900000002
7049,31990.532000000017
7050,32004.514000000017
7051,30794.514000000017
7052,31599.512000000013
7053,32035.51800000001
7054,32194.519000000015
7055,31583.518000000015
7056,29681.523000000016
7057,29925.528000000017
7058,29891.533000000018
7059,29156.530000000017
7060,27841.528000000017
7061,29067.526000000016
7062,28521.529000000013
7063,27739.519000000015
7064,27830.52100000001
7065,28707.510000000013
7066,29388.505000000012
7067,27684.507000000012
7068,26634.504000000015
7069,26601.500000000015
7070,27866.500000000015
7071,27767.488000000012
7072,26855.48400000001
7073,27366.473000000013
7074,26917.470000000012
7075,25887.468000000015
7076,26407.459000000013
7077,27916.44500000001
7078,28645.443000000014
7079,29026.440000000013
7080,28970.437000000013
7081,28527.440000000017
7082,30644.43200000001
7083,32078.42700000001
7084,31472.43000000001
7085,31341.436000000012
7086,29952.427000000007
7087,29965.42200000001
7088,29782.429000000007
7089,30407.428000000007
7090,28649.43100000001
7091,28480.43100000001
7092,27484.42500000001
7093,25616.42200000001
7094,26637.42000000001
7095,26911.430000000008
7096,28068.432000000008
7097,26969.43500000001
7098,25403.433000000008
7099,25196.43800000001
7100,26294.433000000008
7101,26058.43400000001
7102,24422.439000000006
7103,25534.437000000005
7104,24346.436000000005
7105,23372.442000000003
7106,24205.434000000005
7107,24371.438000000006
7108,24870.440000000006
7109,24365.431000000004
7110,24431.424000000006
7111,24766.425000000007
7112,26319.428000000007
7113,25425.432000000008
7114,25471.428000000007
7115,25605.429000000007
7116,24525.421000000006
7117,24319.42100000001
7118,25352.408000000007
7119,25932.406000000006
7120,25894.405000000006
7121,26000.404000000002
7122,25118.415000000005
7123,24674.406000000003
7124,25261.402000000002
7125,25286.404000000002
7126,25597.4
7127,25314.403000000002
7128,24578.405000000002
7129,24610.400000000005
7130,24283.409000000003
7131,23907.405000000002
7132,23261.408000000003
7133,24322.408000000003
7134,23444.406000000003
7135,22607.411000000004
7136,22587.406
7137,22005.403000000002
7138,21863.397000000004
7139,21163.402000000002
7140,20797.402000000002
7141,21781.395000000004
7142,22293.396
7143,22009.395
7144,21808.387000000002
7145,21618.395
7146,21475.387
7147,20041.387
7148,20503.39
7149,20114.39
7150,19458.393
7151,19003.394
7152,18986.39
7153,19307.395
7154,19274.388
7155,19851.382999999998
7156,19461.389000000003
7157,20358.389
7158,19919.392
7159,20174.383000000005
7160,21126.378000000004
7161,21063.371000000003
7162,21163.364
7163,20625.368000000002
7164,20351.368
7165,19069.373
7166,19838.369
7167,20278.362999999998
7168,20294.362999999998
7169,19850.356999999996
7170,19889.348999999995
7171,20021.345999999994
7172,19722.354999999996
7173,18893.363999999998
7174,18912.362999999998
7175,17403.367999999995
7176,15742.37
7177,13690.375000000002
7178,12857.372000000003
7179,12072.382000000003
7180,10568.388000000004
7181,10734.387000000004
7182,11285.386000000006
7183,12290.395000000004
7184,11508.406000000004
7185,12853.409000000007
7186,13360.412000000008
7187,14678.414000000006
7188,15769.41800000001
7189,17458.418000000012
7190,17713.423000000013
7191,15385.437000000014
7192,13582.45300000002
7193,11438.465000000018
7194,10569.47100000002
7195,10985.478000000021
7196,10602.492000000022
7197,7988.516000000019
7198,4989.558000000012
7199,1151.6089999999997
7200,2050.411999999995
7201,3870.398000000014
7202,5640.3870000000115
7203,6723.380000000015
7204,8186.369000000017
7205,8976.363000000018
7206,10701.355000000018
7207,10966.350000000015
7208,12021.347000000018
7209,12626.339000000014
7210,16166.336000000016
7211,15416.337000000014
7212,14306.338000000012
7213,14542.338000000012
7214,14160.339000000013
7215,14085.33900000001
7216,12982.340000000007
7217,13327.337000000009
7218,13669.331000000006
7219,13696.336000000007
7220,11064.331000000002
7221,11779.33
7222,12802.324999999999
7223,13624.322
7224,14337.312
7225,16337.306
7226,16957.308
7227,18153.306
7228,18459.3
7229,19929.296
7230,19639.296
7231,20412.301
7232,21482.297
7233,20512.303
7234,20680.295
7235,19495.297
7236,19230.302
7237,17410.304
7238,17815.303
7239,18405.292
7240,19680.29
7241,19760.290999999997
7242,18345.284
7243,19065.288
7244,18955.288
7245,18057.284000000003
7246,17809.287000000004
7247,17504.293
7248,16816.297000000002
7249,16356.296000000002
7250,15484.293000000003
7251,14380.291000000003
7252,13965.288000000002
7253,13625.281000000003
7254,14040.275000000003
7255,15772.272000000004
7256,16297.267000000002
7257,16392.268
7258,15967.265000000001
7259,16174.264000000003
7260,15964.263000000003
7261,16759.259000000002
7262,18099.252
7263,17409.249000000003
7264,16452.245000000003
7265,16007.244000000004
7266,16220.234000000004
7267,16380.233000000004
7268,17300.230000000003
7269,18670.224000000002
7270,19050.226000000002
7271,19263.223
7272,19068.223
7273,20216.223
7274,20171.221
7275,19186.212000000003
7276,17811.209000000003
7277,17626.207000000002
7278,18411.197000000004
7279,16871.191000000006
7280,15901.186000000003
7281,14938.181000000004
7282,14946.184000000005
7283,13566.188000000006
7284,14746.186000000005
7285,16091.189000000006
7286,15460.194000000007
7287,15280.196000000007
7288,14698.198000000006
7289,15848.202000000007
7290,16828.201000000005
7291,17031.201000000005
7292,16646.205000000005
7293,16828.208000000006
7294,16841.208000000006
7295,15679.209000000004
7296,16649.210000000006
7297,17041.210000000006
7298,18039.208000000002
7299,19781.210000000003
7300,19626.205
7301,20211.205
7302,20657.197
7303,21442.2
7304,20312.197
7305,19879.202
7306,19292.203
7307,18727.201
7308,17917.203
7309,16397.196000000004
7310,15417.197000000004
7311,15252.193000000003
7312,14639.197000000004
7313,14234.199000000004
7314,15627.195000000003
7315,17187.195000000003
7316,16977.200000000004
7317,17752.201000000005
7318,17184.198000000004
7319,17559.199000000004
7320,18164.201000000005
7321,17789.199000000004
7322,18159.202000000005
7323,18409.197000000004
7324,18214.195000000003
7325,17057.194000000003
7326,18009.195000000003
7327,18594.195000000003
7328,19496.204000000005
7329,20841.204
7330,20466.201
7331,19456.204
7332,20674.198
7333,20692.198
7334,18742.198
7335,18149.2
7336,16597.202000000005
7337,16049.200000000004
7338,14879.200000000004
7339,13939.197000000004
7340,13749.196000000004
7341,15309.195000000003
7342,15284.196000000004
7343,15666.197000000004
7344,17434.197000000004
7345,19219.194
7346,19791.195
7347,20199.193
7348,19599.193
7349,19989.192
7350,20602.19
7351,20392.193
7352,20572.193
7353,20982.189
7354,20972.19
7355,20167.193
7356,19742.197
7357,20114.197
7358,20689.198999999997
7359,21674.197
7360,21099.196999999996
7361,19739.198
7362,19349.198999999997
7363,19744.198
7364,17594.198
7365,17209.199000000004
7366,16611.2
7367,16236.197000000002
7368,15261.198000000002
7369,13916.196000000002
7370,13901.199000000002
7371,15859.198000000002
7372,17019.197000000004
7373,17214.198000000004
7374,17979.201
7375,19967.195
7376,20509.198
7377,20494.201
7378,20139.198
7379,20724.197
7380,21144.194000000003
7381,21362.191000000003
7382,21509.193
7383,21514.192
7384,22099.192
7385,21866.194
7386,21526.191
7387,22262.194
7388,23235.195
7389,23441.194
7390,22246.196
7391,21068.197
7392,19308.198
7393,19898.197
7394,18202.193
7395,18582.193
7396,18392.191
7397,18022.187
7398,17827.186
7399,16662.187
7400,17029.190000000002
7401,18384.192000000003
7402,19754.192000000003
7403,20427.185
7404,21412.181
7405,21979.183
7406,22374.182
7407,22149.187
7408,21534.187
7409,22939.184
7410,23481.184
7411,24028.186
7412,24491.179
7413,23501.182
7414,23679.181
7415,22476.182
7416,21664.184
7417,21269.183
7418,21639.185
7419,21629.183
7420,20684.179
7421,19456.183
7422,18139.178
7423,18314.181
7424,17314.18
7425,17069.185000000005
7426,16864.185
7427,18026.185
7428,18388.187
7429,17783.188000000002
7430,18186.186000000005
7431,19163.186000000005
7432,20336.184000000005
7433,20911.184000000005
7434,21471.186000000005
7435,22456.182000000004
7436,22613.186000000005
7437,21658.184000000005
7438,20651.185000000005
7439,21259.185000000005
7440,21244.186000000005
7441,22641.187000000005
7442,23658.177000000003
7443,22868.179000000004
7444,22688.178
7445,22311.179
7446,21311.182
7447,21496.186
7448,21701.184
7449,22106.182
7450,21385.183
7451,20457.182
7452,19652.185
7453,20260.187
7454,19895.188000000002
7455,20292.188000000002
7456,19723.188000000002
7457,20525.187
7458,20945.189000000002
7459,20964.188000000002
7460,20356.190000000002
7461,21210.188000000002
7462,21980.189000000002
7463,22970.187
7464,24520.189000000002
7465,24305.196000000004
7466,24661.202
7467,23506.205
7468,22890.208000000002
7469,22669.210000000003
7470,23273.212000000003
7471,24309.205
7472,24141.203
7473,23432.203
7474,23243.202
7475,22580.208000000002
7476,22023.209000000003
7477,22403.208000000002
7478,22386.212000000003
7479,22663.208000000002
7480,22511.205
7481,21932.204
7482,22729.203
7483,23112.207000000002
7484,23148.209000000003
7485,23534.209000000003
7486,22787.211000000003
7487,22843.210000000003
7488,23026.211000000003
7489,23831.205
7490,24430.202
7491,25871.199
7492,26254.201
7493,26469.203
7494,27349.193000000003
7495,27175.197
7496,27188.197
7497,26233.201
7498,25627.203
7499,25679.2
7500,26031.202
7501,27088.201
7502,26764.196
7503,26382.195000000003
7504,26372.196000000004
7505,25639.197
7506,24484.196
7507,23531.199
7508,24000.197000000004
7509,23625.198
7510,23804.199000000004
7511,23071.201
7512,23839.205
7513,24775.209000000003
7514,24760.208000000002
7515,24155.212000000003
7516,23394.210000000003
7517,24551.208000000002
7518,24525.207000000002
7519,25155.205
7520,24953.203
7521,25977.201999999997
7522,26742.201999999997
7523,26694.203999999998
7524,27585.209
7525,27572.208
7526,28282.199
7527,27951.196
7528,27373.195
7529,27607.192
7530,27803.191
7531,27572.192
7532,26992.189
7533,27173.193
7534,26993.189
7535,26761.193
7536,25456.189
7537,24898.189
7538,25927.186
7539,24759.186999999998
7540,25339.189
7541,24872.184999999998
7542,25063.188
7543,25716.183
7544,26090.184999999998
7545,26340.185999999998
7546,26613.178999999996
7547,26999.18
7548,26562.184
7549,26700.192
7550,25912.197999999997
7551,27156.191999999995
7552,27714.191999999995
7553,27091.194999999996
7554,28331.192999999996
7555,27904.197999999997
7556,28647.200999999997
7557,28488.196999999996
7558,27929.194999999996
7559,27555.193999999996
7560,28715.200999999997
7561,29113.202999999998
7562,28441.204999999998
7563,28424.206
7564,28906.199999999997
7565,28783.189999999995
7566,27252.189
7567,26552.19
7568,27308.189000000002
7569,26213.191
7570,26795.194
7571,26192.196999999996
7572,25921.194000000003
7573,26693.199
7574,26502.201
7575,26530.208000000002
7576,25934.209000000003
7577,27136.206000000002
7578,26909.197
7579,27737.193
7580,26331.198
7581,27870.201
7582,28656.203
7583,27856.203
7584,27972.214
7585,27956.219
7586,29420.222
7587,29269.219
7588,28522.221
7589,28682.224000000002
7590,29274.225000000002
7591,29989.221
7592,28898.230000000003
7593,29298.227000000003
7594,29285.228000000003
7595,29478.228000000003
7596,27714.234
7597,27099.238
7598,28163.234
7599,28023.232
7600,28594.238
7601,27275.247000000003
7602,26843.245000000003
7603,28052.243000000002
7604,27314.24
7605,27695.245000000003
7606,27350.244000000002
7607,28035.245000000003
7608,27264.244000000002
7609,27722.242000000002
7610,26292.251
7611,27270.258
7612,28330.256
7613,27925.256
7614,27277.254000000004
7615,27404.258
7616,28980.253000000004
7617,29145.255
7618,28952.259000000002
7619,29628.269000000004
7620,30402.266000000003
7621,31054.251
7622,30513.244000000002
7623,30365.243000000002
7624,30535.253
7625,30744.253000000004
7626,29766.252000000004
7627,29581.252000000004
7628,29772.252000000004
7629,29754.245000000003
7630,29718.247000000003
7631,28969.245000000003
7632,28904.24
7633,29903.238000000005
7634,28704.236000000004
7635,29077.234000000004
7636,28156.230000000003
7637,28400.229000000003
7638,27583.228000000003
7639,28081.226000000006
7640,26170.225000000006
7641,26826.226000000006
7642,27812.225000000002
7643,27965.221000000005
7644,27556.221000000005
7645,27356.219000000005
7646,28084.217000000004
7647,28021.218000000004
7648,27915.211000000007
7649,28721.210000000006
7650,29263.214000000007
7651,29990.217000000004
7652,29390.207000000006
7653,29285.211000000007
7654,29626.209000000003
7655,29973.204000000005
7656,29565.198000000004
7657,28986.194000000003
7658,29522.182000000004
7659,28932.182000000004
7660,29285.181000000004
7661,28562.163000000004
7662,28222.158000000003
7663,28283.154000000002
7664,27690.149000000005
7665,28194.146000000004
7666,28528.141000000003
7667,29591.131
7668,29599.124000000003
7669,30838.111000000004
7670,29684.112
7671,30197.110000000004
7672,31412.107000000004
7673,31874.102000000003
7674,32073.106000000003
7675,32050.108000000004
7676,32827.11200000001
7677,32639.109000000004
7678,32502.106000000003
7679,32880.109000000004
7680,33277.105
7681,33126.106
7682,32448.108000000004
7683,31261.108000000004
7684,31578.112000000005
7685,31007.110000000004
7686,30401.108000000004
7687,29712.102000000003
7688,29498.106000000003
7689,28450.112000000005
7690,28187.117000000006
7691,27057.113000000005
7692,27072.108000000004
7693,27926.104000000003
7694,26768.101000000002
7695,26828.098
7696,26962.103000000003
7697,27877.105000000003
7698,28279.101000000002
7699,29059.101000000002
7700,28691.096
7701,29939.09
7702,31046.093
7703,31826.092000000004
7704,31963.094
7705,32590.090000000004
7706,33705.091
7707,33812.083999999995
7708,33586.083999999995
7709,34438.08
7710,35229.081
7711,34438.083
7712,33412.083
7713,32442.081000000002
7714,33197.076
7715,32561.076
7716,31911.077000000005
7717,31021.078000000005
7718,31012.076000000005
7719,29628.077000000005
7720,28827.077000000005
7721,27489.077000000005
7722,27891.075000000004
7723,28262.075000000004
7724,27438.074000000004
7725,27528.070000000003
7726,27533.070000000003
7727,27762.070000000003
7728,27711.070000000003
7729,28101.068000000003
7730,27047.073000000004
7731,28391.073000000004
7732,29556.072000000004
7733,30691.076
7734,30234.076
7735,30484.074
7736,31889.07
7737,31884.070000000003
7738,32304.069000000003
7739,33249.067
7740,34784.064
7741,34210.065
7742,32485.062000000005
7743,30810.061000000005
7744,31350.065000000006
7745,31965.060000000005
7746,31795.060000000005
7747,30975.064000000006
7748,30415.064000000006
7749,29860.063000000006
7750,29615.063000000006
7751,28015.066000000006
7752,28245.065000000006
7753,29085.063000000006
7754,28345.061000000005
7755,28430.059000000005
7756,27535.062000000005
7757,28130.062000000005
7758,27440.059000000005
7759,27860.058000000005
7760,27270.059000000005
7761,28435.061000000005
7762,29855.060000000005
7763,30500.059000000005
7764,30670.060000000005
7765,30285.059000000005
7766,31425.062000000005
7767,31200.065000000006
7768,31805.066000000006
7769,32060.064000000006
7770,32475.064000000006
7771,32305.065000000006
7772,31110.065000000006
7773,30115.064000000006
7774,31075.067000000006
7775,31895.064000000006
7776,32085.060000000005
7777,31930.057000000004
7778,31805.054000000004
7779,30685.055000000004
7780,30430.057000000004
7781,29290.056000000004
7782,28880.060000000005
7783,29340.061000000005
7784,28225.060000000005
7785,28155.055000000008
7786,28025.052000000007
7787,28980.052000000007
7788,28815.051000000007
7789,29350.051000000007
7790,29500.050000000003
7791,30405.054000000004
7792,31545.058000000005
7793,32050.056000000004
7794,31695.056000000004
7795,31105.059000000005
7796,31710.060000000005
7797,31525.059000000005
7798,32500.060000000005
7799,32850.06300000001
7800,33290.06300000001
7801,33720.06300000001
7802,32805.061
7803,31860.060000000005
7804,33030.060000000005
7805,34045.057
7806,33635.056000000004
7807,32655.057000000004
7808,31190.063000000006
7809,30450.062000000005
7810,29720.063000000006
7811,28090.067000000006
7812,28625.064000000006
7813,29225.066000000006
7814,28870.064000000006
7815,28640.067000000006
7816,29230.067000000006
7817,29815.067000000006
7818,29025.069000000007
7819,29215.071000000007
7820,29245.070000000007
7821,29490.070000000007
7822,30885.064000000006
7823,31250.064000000006
7824,30565.060000000005
7825,29785.060000000005
7826,30540.060000000005
7827,30335.063000000006
7828,31295.061000000005
7829,31905.061000000005
7830,32355.059000000005
7831,33235.056000000004
7832,32655.055000000008
7833,31870.057000000004
7834,33625.057
7835,33810.05900000001
7836,33160.062000000005
7837,32520.06400000001
7838,32960.065
7839,31480.06400000001
7840,31255.065000000006
7841,30110.065000000006
7842,30955.06200000001
7843,31695.06500000001
7844,30935.06600000001
7845,30945.06400000001
7846,31375.06100000001
7847,31970.05900000001
7848,31305.06000000001
7849,31500.06000000001
7850,30915.06000000001
7851,31980.058000000008
7852,32035.058000000008
7853,31760.057000000008
7854,30850.054000000007
7855,30215.054000000007
7856,30640.052000000007
7857,31485.049000000006
7858,31160.052000000007
7859,32150.057000000008
7860,31970.054000000007
7861,31750.054000000007
7862,30995.055000000008
7863,30705.06000000001
7864,33000.05900000001
7865,33600.06100000001
7866,33415.06000000001
7867,32480.057000000008
7868,32985.049000000006
7869,32300.045000000006
7870,33450.04400000001
7871,32080.046000000006
7872,32665.046000000006
7873,33365.046
7874,32695.048000000006
7875,32855.05100000001
7876,32700.055000000008
7877,33175.05500000001
7878,32760.055000000008
7879,32800.05300000001
7880,32075.05300000001
7881,33665.05200000001
7882,34085.05200000001
7883,34440.054000000004
7884,33070.05500000001
7885,31915.057000000008
7886,32900.05500000001
7887,33315.05700000001
7888,33885.05600000001
7889,34700.054000000004
7890,33685.059
7891,32750.06100000001
7892,31550.06300000001
7893,31360.062000000005
7894,33580.05700000001
7895,33675.06300000001
7896,32360.06400000001
7897,31405.06600000001
7898,31610.06400000001
7899,31425.06300000001
7900,32225.06400000001
7901,31090.06200000001
7902,31705.06100000001
7903,32255.05900000001
7904,32085.05900000001
7905,32680.057000000008
7906,32845.058000000005
7907,32645.06000000001
7908,32700.05900000001
7909,32635.06200000001
7910,31690.06100000001
7911,33840.060000000005
7912,34145.058000000005
7913,34560.06100000001
7914,32775.06300000001
7915,32190.06300000001
7916,33665.061
7917,34205.061
7918,34270.060000000005
7919,33245.06500000001
7920,33090.066000000006
7921,32620.06700000001
7922,31815.06800000001
7923,31360.071000000007
7924,33280.07200000001
7925,33185.07200000001
7926,32630.07100000001
7927,31880.07100000001
7928,32205.067000000006
7929,32180.06800000001
7930,33210.067
7931,31815.06800000001
7932,31980.07000000001
7933,32635.06600000001
7934,31695.06700000001
7935,31885.06800000001
7936,31720.06700000001
7937,31915.06700000001
7938,31380.06700000001
7939,31630.06600000001
7940,31395.06600000001
7941,32985.066000000006
7942,34130.06700000001
7943,34760.064000000006
7944,33750.066000000006
7945,32780.06900000001
7946,33595.06800000001
7947,34545.067
7948,34380.066000000006
7949,33905.06600000001
7950,33635.06200000001
7951,34035.060000000005
7952,33590.06200000001
7953,33575.06100000001
7954,34210.06100000001
7955,34410.060000000005
7956,34700.05500000001
7957,33500.05600000001
7958,33250.05600000001
7959,33370.05200000001
7960,33845.05500000001
7961,33435.054000000004
7962,32715.056000000008
7963,32725.058000000008
7964,32685.057000000008
7965,32875.058000000005
7966,32645.056000000008
7967,31915.056000000008
7968,31340.058000000008
7969,30640.06100000001
7970,31825.057000000008
7971,32225.055000000008
7972,33270.051
7973,33435.052
7974,32820.05300000001
7975,32265.052000000007
7976,32865.05
7977,34925.043
7978,34300.046
7979,34480.04400000001
7980,33325.04500000001
7981,33910.045000000006
7982,33310.047000000006
7983,32985.04400000001
7984,33995.04200000001
7985,34190.04200000001
7986,34980.04
7987,34345.04
7988,34915.039
7989,34915.039
7990,34560.037
7991,34510.038
7992,34700.042
7993,35195.045000000006
7994,34420.048
7995,35135.053
7996,33740.05400000001
7997,32880.05500000001
7998,32538.05500000001
7999,32873.056000000004
8000,33878.055
8001,34073.054
8002,34648.05500000001
8003,34833.057
8004,34288.05500000001
8005,34078.05500000001
8006,34518.051999999996
8007,35973.04899999999
8008,35638.05299999999
8009,35268.05499999999
8010,34848.05699999999
8011,34358.062
8012,33520.064000000006
8013,32408.063000000006
8014,32648.066000000006
8015,32693.073000000008
8016,32941.073000000004
8017,31833.07100000001
8018,32048.06700000001
8019,31463.06900000001
8020,31303.06900000001
8021,31513.071000000007
8022,31248.07600000001
8023,32048.078000000012
8024,32108.07700000001
8025,32343.074000000008
8026,31853.070000000007
8027,30908.070000000007
8028,31438.07100000001
8029,31958.07700000001
8030,32603.075000000008
8031,33225.074
8032,35062.068
8033,35518.068999999996
8034,34791.069
8035,33811.071
8036,34756.072
8037,37044.071
8038,37214.07100000001
8039,36959.07300000001
8040,36959.07400000001
8041,35851.073000000004
8042,35821.07400000001
8043,34761.07600000001
8044,34816.075000000004
8045,35449.075000000004
8046,35628.075000000004
8047,34183.077000000005
8048,33593.07800000001
8049,32629.07900000001
8050,32066.08000000001
8051,32361.07600000001
8052,31209.073000000008
8053,31994.072000000007
8054,31553.075000000004
8055,31829.072000000007
8056,30649.075000000004
8057,29841.077000000005
8058,30261.07700000001
8059,30646.07900000001
8060,31096.07700000001
8061,32382.081000000006
8062,34603.079000000005
8063,34968.079000000005
8064,35298.081000000006
8065,34135.08200000001
8066,35455.08200000001
8067,36769.084
8068,35734.088
8069,35309.09100000001
8070,34951.09300000001
8071,34076.088
8072,33886.089
8073,33471.090000000004
8074,33696.090000000004
8075,34318.092
8076,34548.097
8077,33497.102000000006
8078,33114.102000000006
8079,33464.103
8080,33636.10500000001
8081,33524.10600000001
8082,32356.108000000007
8083,33163.111000000004
8084,32614.113000000005
8085,32902.11
8086,31887.11500000001
8087,30538.11700000001
8088,30953.120000000006
8089,31963.121000000006
8090,31975.12000000001
8091,32662.12700000001
8092,34603.12700000001
8093,34943.13100000001
8094,34340.132000000005
8095,33722.134000000005
8096,34394.138000000006
8097,35754.14000000001
8098,35024.14200000001
8099,34717.14200000001
8100,35300.14300000001
8101,34002.14400000001
8102,33904.14400000001
8103,33274.147000000004
8104,34504.145000000004
8105,35379.144
8106,35558.148
8107,34775.15
8108,35173.149000000005
8109,35045.15
8110,34845.158
8111,34645.15700000001
8112,33538.16500000001
8113,34009.16200000001
8114,33437.159000000014
8115,33665.163
8116,32435.171000000006
8117,31659.172000000006
8118,32355.177000000007
8119,32729.181000000004
8120,32065.184000000005
8121,33432.185000000005
8122,35445.182
8123,35857.181
8124,35840.181
8125,35750.183
8126,36730.183
8127,37685.182
8128,37062.182
8129,36484.183000000005
8130,37513.182
8131,36154.183000000005
8132,35895.188
8133,35660.188
8134,36425.184
8135,35961.192
8136,36325.194
8137,35384.203
8138,34753.20000000001
8139,35314.201
8140,35257.209
8141,34703.21000000001
8142,33595.213
8143,33623.213
8144,32662.219000000005
8145,33200.221000000005
8146,32521.219000000005
8147,30296.226000000006
8148,31873.228000000006
8149,31858.234000000004
8150,31018.233000000004
8151,32392.236000000004
8152,34147.23100000001
8153,34298.23200000001
8154,35958.229
8155,35828.23499999999
8156,36881.241
8157,38992.241
8158,37678.244000000006
8159,37734.23900000001
8160,38215.238000000005
8161,37143.243
8162,36488.247
8163,36143.247
8164,36901.247
8165,37235.25800000001
8166,37294.264
8167,36612.274000000005
8168,36229.276000000005
8169,35870.283
8170,36859.287000000004
8171,37499.28400000001
8172,37253.28200000001
8173,37688.283
8174,36268.283
8175,35613.287000000004
8176,34073.295000000006
8177,32734.296000000006
8178,34334.303
8179,34689.304000000004
8180,34425.30300000001
8181,34963.30500000001
8182,37453.30400000001
8183,37029.30500000001
8184,37941.307000000015
8185,37652.30900000001
8186,39985.311000000016
8187,41545.312000000005
8188,40061.31400000001
8189,39084.31600000001
8190,39565.312000000005
8191,38431.31600000001
8192,38302.31500000001
8193,38470.31500000001
8194,38802.31300000001
8195,39185.314000000006
8196,39526.316000000006
8197,38590.31800000001
8198,38384.322000000015
8199,38816.32200000001
8200,39041.32900000001
8201,40094.33200000001
8202,38696.343000000015
8203,38507.34600000001
8204,37979.34400000001
8205,38082.34200000001
8206,36312.34900000001
8207,35273.34800000001
8208,36611.35000000001
8209,36490.35000000002
8210,36196.34600000002
8211,36603.347000000016
8212,38483.347000000016
8213,37550.354000000014
8214,39313.35500000001
8215,38201.36300000001
8216,39493.36700000001
8217,40212.37400000002
8218,39410.371000000014
8219,39362.36800000001
8220,40221.367000000006
8221,38188.373000000014
8222,37342.38200000001
8223,37820.38100000001
8224,38312.384000000005
8225,39588.39400000001
8226,40008.39400000001
8227,39699.397000000004
8228,39661.396
8229,40234.404
8230,41199.399000000005
8231,42462.40700000001
8232,40976.418000000005
8233,40925.422000000006
8234,39009.43100000001
8235,38788.43200000001
8236,37213.434000000016
8237,36426.432000000015
8238,38128.436000000016
8239,37870.43500000003
8240,37875.44600000002
8241,38051.44100000002
8242,39773.44500000002
8243,39348.451000000015
8244,39873.44700000003
8245,38257.45200000002
8246,40502.44500000002
8247,41983.45200000002
8248,40581.46400000002
8249,40640.46700000002
8250,40523.46400000003
8251,39536.47000000003
8252,39070.467000000026
8253,39618.47100000002
8254,40884.47000000001
8255,41183.47600000002
8256,40825.47900000002
8257,40722.47400000002
8258,39746.47500000002
8259,40735.476000000024
8260,41645.47800000002
8261,41627.48100000003
8262,40492.48600000002
8263,41207.48300000002
8264,40323.48500000002
8265,40151.49200000002
8266,39029.49600000002
8267,38195.495000000024
8268,40081.49800000002
8269,39633.498000000036
8270,39767.501000000026
8271,40005.501000000026
8272,41947.499000000025
8273,42414.50000000003
8274,41610.51000000002
8275,41174.51300000001
8276,43209.519000000015
8277,44132.520000000026
8278,43483.52600000001
8279,43236.53100000002
8280,42567.54100000002
8281,41555.54500000001
8282,41116.540000000015
8283,40659.54600000001
8284,42102.549000000006
8285,42537.545000000006
8286,42095.54500000001
8287,40888.553000000014
8288,39618.56300000002
8289,40694.56000000001
8290,40245.56300000002
8291,41374.553000000014
8292,40349.55200000001
8293,40518.55400000001
8294,39998.55800000001
8295,40781.55800000001
8296,39257.56500000001
8297,39670.56900000002
8298,41682.563000000024
8299,41985.56100000002
8300,42144.55800000002
8301,42504.56000000001
8302,44252.562000000005
8303,45018.56600000001
8304,43290.57900000001
8305,42826.58800000002
8306,44517.595000000016
8307,45454.595000000016
8308,44645.59600000001
8309,44426.595000000016
8310,44834.60200000002
8311,44001.59100000003
8312,43750.58700000002
8313,42963.590000000026
8314,43957.593000000015
8315,43186.59800000003
8316,43047.59600000002
8317,41676.60000000001
8318,40366.599000000024
8319,41638.59900000002
8320,41200.60500000002
8321,41420.61700000002
8322,41181.61800000002
8323,42158.629000000015
8324,41923.63300000001
8325,41798.638000000006
8326,41271.638000000006
8327,40696.649000000005
8328,42013.65400000001
8329,41803.647000000004
8330,41707.64400000001
8331,41226.63700000001
8332,42346.64800000001
8333,42330.64300000001
8334,41023.649000000005
8335,41519.63500000002
8336,42949.63600000001
8337,43819.64200000001
8338,43103.64600000001
8339,43446.64600000001
8340,44056.638000000006
8341,43464.64200000001
8342,42692.64300000001
8343,41969.65400000001
8344,42924.654
8345,43061.646
8346,42254.649000000005
8347,41835.64
8348,40681.631
8349,41919.62900000001
8350,42718.62800000001
8351,44033.63000000001
8352,44184.624
8353,45099.62600000001
8354,45509.61500000001
8355,45261.616000000016
8356,43910.621
8357,43425.61800000001
8358,44739.61900000001
8359,43586.614000000016
8360,42622.61800000002
8361,41314.61900000001
8362,42387.62200000002
8363,41686.62700000001
8364,41327.61500000001
8365,40763.61400000001
8366,41714.616000000016
8367,42239.61800000001
8368,41881.62400000001
8369,41695.61900000001
8370,42080.62500000002
8371,42173.62100000002
8372,41713.61900000002
8373,41414.61700000002
8374,42595.614000000016
8375,42705.61100000001
8376,42424.610000000015
8377,42017.60700000001
8378,41600.60500000001
8379,41517.61000000002
8380,41522.61500000002
8381,42256.62600000002
8382,42449.61800000002
8383,42975.625000000015
8384,43786.62300000001
8385,43564.62300000002
8386,42678.62600000002
8387,42621.625
8388,42880.634000000005
8389,42053.655000000006
8390,41641.65300000001
8391,41099.646000000015
8392,42245.644000000015
8393,41805.63400000001
8394,41727.63800000001
8395,41149.65300000001
8396,41792.65100000001
8397,42174.64700000001
8398,40921.65400000002
8399,40403.643000000004
8400,41078.64599999999
8401,41522.648
8402,40832.651
8403,40776.65
8404,40568.654
8405,40119.657999999996
8406,41406.647999999994
8407,40876.647000000004
8408,40477.647
8409,41199.644
8410,40072.648
8411,40013.654
8412,39411.64600000001
8413,39830.64400000001
8414,40281.641
8415,40330.637
8416,38641.637
8417,37889.634000000005
8418,38452.63000000001
8419,38779.62500000001
8420,37931.61700000001
8421,36826.61800000002
8422,37890.62600000001
8423,37423.616000000016
8424,37480.61500000001
8425,36994.60700000002
8426,37311.60400000002
8427,37864.59900000001
8428,37923.60000000001
8429,37282.59700000001
8430,38001.595000000016
8431,38048.58400000002
8432,37499.578000000016
8433,36550.59200000001
8434,35551.58400000002
8435,35800.595000000016
8436,36679.58900000001
8437,35663.59400000001
8438,34139.589000000014
8439,33989.59000000002
8440,34948.572000000015
8441,34640.56700000002
8442,34361.56600000002
8443,34490.563000000024
8444,35466.56000000001
8445,34564.55900000001
8446,34430.56700000002
8447,34547.55800000002
8448,35147.55300000001
8449,34316.55900000001
8450,32495.568000000017
8451,32590.57000000002
8452,33768.57100000002
8453,34869.57100000001
8454,34630.55800000001
8455,34861.55100000001
8456,34694.548
8457,34963.53600000001
8458,35220.54100000002
8459,34473.53600000001
8460,34807.53400000001
8461,33918.543
8462,33488.54600000001
8463,32632.542000000012
8464,32385.544000000016
8465,32624.53700000002
8466,33481.530000000006
8467,32511.531000000017
8468,31888.527000000013
8469,32391.532000000014
8470,32767.54100000002
8471,32178.549000000017
8472,31883.541000000016
8473,31917.53400000001
8474,32515.530000000017
8475,32292.529000000013
8476,32010.51900000001
8477,31744.526000000016
8478,31762.53600000001
8479,31552.53300000001
8480,31031.531000000014
8481,31261.53600000001
8482,32152.528000000017
8483,33193.534000000014
8484,32479.524000000012
8485,31959.531000000017
8486,31621.527000000013
8487,31651.52400000002
8488,30901.52200000002
8489,28933.52700000002
8490,29291.52700000002
8491,29018.52800000002
8492,28902.531000000017
8493,28029.53600000002
8494,28350.541000000016
8495,28333.54000000002
8496,30194.527000000013
8497,30226.523000000012
8498,29898.52100000001
8499,29876.523000000012
8500,30006.525000000012
8501,29921.52200000001
8502,29447.516000000014
8503,29392.50800000001
8504,29637.50100000001
8505,28979.502000000015
8506,27095.511000000013
8507,27211.511000000013
8508,27492.51000000001
8509,27558.510000000013
8510,26761.511000000013
8511,26508.503000000015
8512,27510.50000000001
8513,28337.496000000014
8514,26308.499000000014
8515,26474.494000000017
8516,26067.478000000014
8517,26133.47300000002
8518,25842.46900000002
8519,25241.476000000013
8520,25523.480000000018
8521,26013.46500000002
8522,26849.458000000017
8523,25926.459000000017
8524,25877.461000000018
8525,25825.46500000002
8526,27129.46400000001
8527,26948.463000000014
8528,26460.454000000016
8529,25777.451000000015
8530,25019.45600000002
8531,25741.44800000002
8532,24705.447000000015
8533,24929.454000000012
8534,25836.448000000015
8535,25327.439000000013
8536,24684.439000000017
8537,24284.437000000013
8538,24031.443000000014
8539,24660.443000000014
8540,24718.44800000001
8541,23987.452000000012
8542,24425.445000000014
8543,24443.449000000008
8544,23859.447000000007
8545,23788.44600000001
8546,23027.443000000007
8547,22842.44400000001
8548,23729.442000000003
8549,23810.43700000001
8550,23514.442000000006
8551,23005.444000000007
8552,23471.446000000007
8553,22111.444000000007
8554,21823.445000000007
8555,22552.444000000007
8556,24193.43900000001
8557,24207.43500000001
8558,23707.428000000007
8559,23722.425000000003
8560,24367.428000000007
8561,24542.421000000006
8562,22914.42200000001
8563,23849.427000000007
8564,24184.428000000007
8565,23461.42900000001
8566,22543.437000000005
8567,22361.428000000007
8568,20896.429000000007
8569,20274.439000000006
8570,19617.431000000004
8571,19646.439000000006
8572,20571.438000000006
8573,21110.433000000005
8574,20135.429
8575,20233.427000000003
8576,19853.423000000003
8577,19575.414000000004
8578,20608.412
8579,20803.404000000002
8580,20912.404000000002
8581,21155.408
8582,20798.403000000002
8583,19854.397
8584,20322.402
8585,20582.402
8586,20897.400999999998
8587,21582.406
8588,22623.394
8589,22383.395
8590,22724.396
8591,23231.401
8592,22213.397
8593,22008.399
8594,21574.4
8595,20928.402000000002
8596,20592.395
8597,20038.398
8598,18629.395
8599,19051.388
8600,18167.382
8601,17062.383
8602,17294.38
8603,17349.387000000002
8604,16605.375
8605,15947.379000000003
8606,16935.366
8607,16672.361
8608,17440.354
8609,18126.339999999997
8610,19621.338999999996
8611,19506.344999999998
8612,19694.346999999998
8613,18102.357
8614,18191.362
8615,19282.367000000002
8616,18445.369
8617,18055.384000000002
8618,16751.38
8619,15478.387000000002
8620,14685.388000000004
8621,14691.393000000004
8622,14311.391000000005
8623,13732.392000000005
8624,14230.398000000007
8625,12942.40200000001
8626,13295.398000000007
8627,12417.407000000007
8628,12538.411000000007
8629,13208.418000000009
8630,13503.42300000001
8631,11519.43600000001
8632,11508.44900000001
8633,11249.459000000012
8634,9813.478000000012
8635,9340.501000000013
8636,7415.524000000014
8637,5381.542000000013
8638,3938.57400000001
8639,304.6260000000003
8640,1085.4179999999965
8641,2325.4149999999963
8642,3625.406000000016
8643,4130.403000000017
8644,5445.3950000000195
8645,6515.39300000002
8646,7835.384000000016
8647,8665.387000000015
8648,9445.382000000018
8649,11178.378000000017
8650,14188.374000000016
8651,14655.367000000015
8652,13797.363000000014
8653,14642.362000000012
8654,14343.356000000013
8655,13560.355000000012
8656,13120.35100000001
8657,13250.35100000001
8658,13158.35100000001
8659,12618.352000000008
8660,11903.350000000006
8661,12318.351000000006
8662,13968.347000000005
8663,14208.343000000004
8664,15266.336000000003
8665,17036.333000000002
8666,17581.331000000002
8667,17828.324
8668,18260.318
8669,18590.310999999998
8670,16334.313999999998
8671,17380.313
8672,16543.316
8673,16658.321
8674,16238.324
8675,15863.326
8676,15263.328
8677,15643.325999999997
8678,15264.329
8679,15794.32
8680,16099.317
8681,16546.314
8682,16521.310999999998
8683,15636.318000000001
8684,15771.315
8685,15171.312000000002
8686,16004.301
8687,16024.295
8688,16397.292999999998
8689,16992.285
8690,16877.28
8691,15527.282000000001
8692,16752.285000000003
8693,17727.278000000002
8694,18142.272
8695,18442.27
8696,18782.266
8697,18542.266000000007
8698,18392.268000000004
8699,18414.262000000002
8700,16759.264000000003
8701,17241.257000000005
8702,17366.248000000003
8703,17524.243000000002
8704,16782.239000000005
8705,16767.232
8706,15377.230000000001
8707,14377.224000000004
8708,14527.223000000004
8709,14517.220000000003
8710,15662.222000000005
8711,16807.219000000005
8712,15805.211000000005
8713,14795.207000000004
8714,15137.204000000005
8715,15145.206000000006
8716,16125.201000000003
8717,16705.195000000003
8718,16542.192000000003
8719,16567.188000000002
8720,16377.183000000003
8721,15172.182000000003
8722,15769.181000000004
8723,15369.185000000003
8724,15567.187000000004
8725,15764.190000000004
8726,16129.196000000005
8727,16780.190000000006
8728,17225.189000000006
8729,17785.192000000006
8730,16600.195000000003
8731,16785.198000000004
8732,17792.198000000004
8733,18330.200000000004
8734,17960.198000000004
8735,17960.201000000005
8736,16049.201000000001
8737,16074.196000000002
8738,17079.192
8739,16489.196
8740,17444.198
8741,18624.199000000004
8742,18629.200000000004
8743,17654.199000000004
8744,17482.197000000004
8745,17872.197000000004
8746,17642.200000000004
8747,18022.202
8748,17237.203000000005
8749,17842.199000000004
8750,18424.200000000004
8751,17274.197000000004
8752,16246.203000000005
8753,15656.204000000005
8754,16436.203000000005
8755,17224.200000000004
8756,17819.198000000004
8757,18019.196000000004
8758,18394.198000000004
8759,18227.195000000003
8760,15667.199000000004
8761,15872.196000000004
8762,16502.191000000003
8763,17241.193000000003
8764,16861.194000000003
8765,15676.195000000003
8766,15289.196000000004
8767,14874.198000000004
8768,16049.197000000004
8769,16239.200000000004
8770,17406.197000000004
8771,18389.196000000004
8772,18199.195000000003
8773,17799.197000000004
8774,17799.194000000003
8775,18971.193000000003
8776,18801.191000000006
8777,19391.190000000002
8778,18416.192000000006
8779,19024.189000000006
8780,19214.189000000006
8781,19242.185000000005
8782,18452.188000000006
8783,17882.188000000002
8784,18857.188000000002
8785,18647.192000000003
8786,19007.195000000003
8787,19017.193000000003
8788,19807.191000000003
8789,19612.191000000003
8790,19239.189000000006
8791,18857.189000000006
8792,18621.194000000007
8793,18441.193000000007
8794,18264.192000000003
8795,18256.192000000003
8796,18106.189000000002
8797,17921.188000000002
8798,18701.189000000006
8799,19311.187000000005
8800,19519.185
8801,19534.185000000005
8802,19499.187
8803,19069.190000000002
8804,19264.190000000002
8805,18844.194000000003
8806,19249.193000000003
8807,19219.197000000004
8808,18634.196000000004
8809,18781.198000000004
8810,19358.196000000004
8811,19386.195000000003
8812,18426.192000000003
8813,18418.190000000006
8814,16623.195000000003
8815,17656.190000000002
8816,18226.193000000003
8817,19966.193000000003
8818,20784.191000000003
8819,20427.188000000002
8820,19837.189000000002
8821,19639.189000000002
8822,20007.191000000003
8823,20822.190000000002
8824,21579.192000000003
8825,21574.192000000003
8826,21144.195000000003
8827,19599.193000000003
8828,19769.198000000004
8829,19389.198000000004
8830,19564.201000000005
8831,18569.204000000005
8832,18324.209000000006
8833,18339.208000000006
8834,19524.205000000005
8835,18529.206000000006
8836,18549.205000000005
8837,18949.202000000005
8838,19336.201000000005
8839,20904.198000000008
8840,21112.195000000007
8841,21712.192000000006
8842,20542.189000000006
8843,19377.189000000006
8844,17437.192000000003
8845,18047.189000000002
8846,18639.186000000005
8847,20399.186000000005
8848,20599.185000000005
8849,19389.189000000006
8850,18654.183000000005
8851,18834.184000000005
8852,19426.180000000004
8853,20596.179000000004
8854,21779.177000000003
8855,21959.177000000003
8856,20584.181000000004
8857,18606.182000000004
8858,19009.180000000004
8859,18976.182000000004
8860,20184.178000000004
8861,19601.175000000003
8862,20771.176000000003
8863,20176.176000000003
8864,21001.171000000002
8865,21201.170000000006
8866,21573.171000000006
8867,22338.172000000006
8868,21920.176000000003
8869,23478.178000000004
8870,23081.179000000004
8871,23876.177000000003
8872,22443.183000000005
8873,22068.180000000004
8874,20891.180000000004
8875,20661.186000000005
8876,20884.181000000004
8877,22424.181000000004
8878,22409.180000000004
8879,21181.187000000005
8880,21203.186000000005
8881,20993.188000000006
8882,20226.187000000005
8883,21239.184000000005
8884,21591.192000000006
8885,21766.197000000007
8886,21396.195000000007
8887,20246.196000000007
8888,21031.197000000007
8889,20735.191000000006
8890,21119.191000000006
8891,20328.192000000006
8892,20708.193000000007
8893,20136.194000000007
8894,20121.197000000007
8895,20205.191000000006
8896,20780.194000000007
8897,21616.192000000006
8898,20831.195000000007
8899,22204.195000000007
8900,21651.194000000007
8901,23196.193000000007
8902,23239.189000000006
8903,23249.189000000006
8904,23054.192000000006
8905,23484.193000000007
8906,23071.195000000007
8907,24625.195000000007
8908,25429.193000000007
8909,25039.192000000006
8910,25250.193000000007
8911,24486.196000000007
8912,23918.194000000007
8913,24185.190000000006
8914,24835.183000000005
8915,24853.184000000005
8916,24467.186000000005
8917,23309.184000000005
8918,24096.184000000005
8919,24073.187000000005
8920,25672.185000000005
8921,24565.183000000005
8922,25021.183000000005
8923,24616.189000000002
8924,23867.193000000003
8925,24296.191000000003
8926,24452.194000000003
8927,25642.194
8928,24058.198000000004
8929,25081.196
8930,24750.192000000003
8931,26382.190000000002
8932,26154.194000000003
8933,26963.189000000002
8934,26273.186
8935,25840.190000000002
8936,26058.191000000003
8937,26994.194000000003
8938,27259.193000000003
8939,27398.197
8940,26810.2
8941,26218.204
8942,25111.202
8943,24735.204
8944,25110.208000000002
8945,25560.208000000002
8946,25383.205000000005
8947,25011.205
8948,26166.207000000002
8949,26450.204
8950,27272.200000000004
8951,26908.197000000004
8952,26534.2
8953,26160.2
8954,25566.198000000004
8955,25194.197000000004
8956,25271.192000000003
8957,26885.191000000003
8958,25564.191000000003
8959,26025.192000000003
8960,25458.193000000003
8961,27128.195
8962,27378.188
8963,27409.192000000003
8964,26599.192
8965,26773.194
8966,26108.200999999997
8967,25947.198999999997
8968,26732.198999999997
8969,26152.202999999998
8970,26187.201999999997
8971,25597.199
8972,25261.194
8973,25603.197
8974,26386.198
8975,26744.203
8976,27402.199
8977,27051.2
8978,27237.203
8979,27249.204
8980,27415.202
8981,27484.194
8982,28218.199
8983,28391.198
8984,27630.197
8985,26476.197
8986,26008.205
8987,27595.204
8988,26081.204
8989,26801.201
8990,27084.199
8991,28755.201999999997
8992,27581.207000000002
8993,27724.212
8994,26801.220999999998
8995,26647.218
8996,26956.214000000004
8997,26679.215
8998,27848.213
8999,27514.212000000003
9000,26951.212000000003
9001,26000.209000000003
9002,24626.213000000003
9003,24856.207000000002
9004,26417.202
9005,26434.2
9006,27251.199
9007,27812.198
9008,28790.2
9009,28207.201
9010,27845.206000000002
9011,26617.215000000004
9012,26984.215000000004
9013,26649.218000000004
9014,26882.215000000004
9015,27292.215000000004
9016,27018.221
9017,28769.22
9018,27696.216
9019,28326.218
9020,28154.219
9021,29524.22
9022,28989.217
9023,29356.227
9024,29237.226000000002
9025,30033.228
9026,30001.227000000003
9027,28786.238999999998
9028,29791.234
9029,29006.234
9030,28551.235
9031,27310.24
9032,27692.245000000003
9033,27235.253000000004
9034,28014.260000000002
9035,27254.262000000002
9036,27382.274000000005
9037,27163.273000000005
9038,27804.273000000005
9039,27256.271000000004
9040,27296.276000000005
9041,26664.285000000003
9042,27487.279000000002
9043,27079.282000000003
9044,27720.272
9045,28187.271
9046,28376.277000000002
9047,28771.285
9048,27667.285
9049,28440.29
9050,28707.298000000003
9051,30289.302
9052,29948.300000000003
9053,30190.296000000002
9054,30186.296000000002
9055,30739.294
9056,30796.289
9057,29534.286
9058,30465.283
9059,30007.288
9060,29413.276000000005
9061,28271.271000000004
9062,28822.276
9063,28460.274000000005
9064,29137.278000000002
9065,28366.278000000002
9066,28717.281
9067,28129.281000000003
9068,28578.279000000002
9069,28020.276
9070,28195.267
9071,27873.27
9072,28878.263000000003
9073,28590.259000000002
9074,28292.251
9075,28314.246000000003
9076,29181.243000000002
9077,30622.235
9078,29198.241
9079,29756.239
9080,29575.236
9081,31707.234
9082,31939.226000000006
9083,32933.225000000006
9084,32504.219000000005
9085,32568.215000000004
9086,32694.207000000006
9087,31500.206000000002
9088,32010.205000000005
9089,31701.192000000003
9090,30661.194000000003
9091,28750.194000000003
9092,28570.197000000004
9093,28564.195000000003
9094,28916.193000000003
9095,29098.189000000006
9096,29278.183000000005
9097,29072.179000000004
9098,29355.168
9099,28774.164000000004
9100,29638.156000000003
9101,29499.149
9102,29974.15
9103,29000.147
9104,28766.153000000002
9105,28724.152000000002
9106,28893.146000000004
9107,29864.147000000004
9108,28246.148000000005
9109,28582.147000000004
9110,28348.141000000003
9111,30526.133
9112,30423.138
9113,31170.138000000003
9114,30735.142000000003
9115,31310.138
9116,30789.137000000002
9117,29283.138000000003
9118,30114.134000000002
9119,29828.133000000005
9120,29431.131000000005
9121,28412.132000000005
9122,29434.125000000004
9123,29348.127
9124,29866.128
9125,29779.123000000003
9126,30639.112000000005
9127,30632.109
9128,31034.108000000004
9129,30043.11
9130,30816.109
9131,30256.106
9132,29823.110000000004
9133,29643.106000000003
9134,29661.105000000003
9135,29328.098
9136,29881.102000000003
9137,30217.104
9138,29123.100000000002
9139,30114.099000000006
9140,29739.100000000006
9141,31331.100000000006
9142,31327.097000000005
9143,31970.096000000005
9144,31770.097000000005
9145,32364.095000000005
9146,31889.097000000005
9147,31451.095000000005
9148,31825.093000000004
9149,31471.091000000004
9150,31271.090000000004
9151,30108.085000000003
9152,30375.087000000003
9153,29735.089000000004
9154,29941.088000000003
9155,29767.087000000007
9156,29948.086000000003
9157,30004.083000000002
9158,30403.084000000003
9159,28961.087000000003
9160,30361.086000000003
9161,30182.087000000003
9162,30264.081000000002
9163,30859.076000000005
9164,31042.078000000005
9165,30213.082000000002
9166,30383.082000000002
9167,30986.081000000002
9168,29623.080000000005
9169,30226.078000000005
9170,29836.077000000005
9171,31681.075000000004
9172,31663.079000000005
9173,31811.083000000006
9174,31612.080000000005
9175,31962.081000000002
9176,32729.079000000005
9177,31398.078000000005
9178,32563.076000000005
9179,31783.074000000008
9180,31008.068000000007
9181,29730.064000000006
9182,30295.060000000005
9183,29875.061000000005
9184,30230.064000000006
9185,30065.065000000002
9186,30470.063000000002
9187,30465.064000000006
9188,30410.065000000002
9189,29625.068000000003
9190,30685.066000000006
9191,29965.064000000006
9192,29370.066000000006
9193,29205.065000000002
9194,28995.069000000003
9195,28770.061000000005
9196,29150.058000000005
9197,30345.059000000005
9198,29525.062000000005
9199,30630.066000000006
9200,29910.064000000002
9201,31665.064000000002
9202,31450.063000000006
9203,31500.064000000002
9204,31050.067000000006
9205,31440.067000000006
9206,32390.067000000003
9207,30965.070000000003
9208,31935.071000000004
9209,31435.069000000007
9210,31890.066000000003
9211,31040.062
9212,32640.059000000005
9213,32750.052000000003
9214,32830.051
9215,32880.051
9216,32635.051000000003
9217,32800.052
9218,32500.049000000003
9219,31350.050000000007
9220,32180.051000000007
9221,31430.050000000007
9222,31005.052000000007
9223,30915.056000000004
9224,31225.057000000004
9225,29890.056000000004
9226,30285.055000000004
9227,30835.058000000005
9228,29855.059000000005
9229,31680.055000000004
9230,30260.062000000005
9231,31655.061000000005
9232,30340.061000000005
9233,30375.059000000005
9234,30210.058000000008
9235,30580.058000000008
9236,31755.057000000004
9237,30695.058000000005
9238,31660.061000000005
9239,31395.056000000004
9240,31390.057000000004
9241,29995.058000000005
9242,30940.059000000005
9243,31340.059000000005
9244,31515.054000000004
9245,32455.056000000004
9246,31800.060000000005
9247,32250.058000000005
9248,31860.059000000005
9249,30840.063000000006
9250,31585.065000000006
9251,31360.066000000006
9252,31735.064000000006
9253,31580.062000000005
9254,32000.063000000006
9255,30930.059000000005
9256,30210.057000000004
9257,30625.057000000004
9258,29680.057000000004
9259,30790.060000000005
9260,30040.059000000005
9261,31415.057000000004
9262,31165.058000000005
9263,31360.059000000005
9264,30975.058000000005
9265,31465.053000000004
9266,32175.058000000005
9267,31970.058000000005
9268,33235.054000000004
9269,33015.054000000004
9270,32980.052
9271,32235.050000000003
9272,32420.052000000003
9273,32555.054000000004
9274,33735.052
9275,34715.052
9276,34910.054000000004
9277,35315.047000000006
9278,35145.047000000006
9279,33950.047000000006
9280,34525.049000000006
9281,34165.05
9282,33575.05100000001
9283,33245.049000000006
9284,33435.05100000001
9285,32425.053000000007
9286,31360.057000000008
9287,31755.057000000008
9288,30810.056000000008
9289,32305.05900000001
9290,31520.06100000001
9291,32310.05900000001
9292,32470.052000000007
9293,32210.055000000008
9294,30995.05900000001
9295,30610.058000000008
9296,31450.056000000008
9297,30730.054000000007
9298,31750.056000000008
9299,30405.057000000008
9300,30340.06000000001
9301,30380.057000000008
9302,31080.05900000001
9303,31310.057000000008
9304,32880.05500000001
9305,33485.056000000004
9306,33880.05500000001
9307,33805.052
9308,33980.052
9309,33030.052
9310,33845.05
9311,33270.048
9312,32455.050000000007
9313,32260.050000000007
9314,32510.049000000006
9315,31730.049000000006
9316,31200.049000000006
9317,31955.049000000006
9318,31200.049000000006
9319,32565.050000000007
9320,32540.051000000007
9321,33655.05500000001
9322,33485.056000000004
9323,33350.05500000001
9324,31755.057000000008
9325,31705.057000000008
9326,32070.057000000008
9327,31280.05900000001
9328,32340.053000000004
9329,31555.054000000007
9330,31785.052000000007
9331,31585.053000000004
9332,32230.052000000007
9333,31515.057000000004
9334,32950.054000000004
9335,33890.057
9336,34090.057
9337,33945.057
9338,34295.060999999994
9339,33380.059
9340,33575.060000000005
9341,32565.062000000005
9342,32790.061
9343,33005.062000000005
9344,33845.060000000005
9345,32105.062000000005
9346,30745.06200000001
9347,30515.065000000006
9348,30520.06400000001
9349,31710.065000000006
9350,32340.06100000001
9351,34275.059
9352,33460.06100000001
9353,33035.06300000001
9354,31865.06400000001
9355,31475.067000000006
9356,32095.066000000006
9357,31765.06500000001
9358,32195.06300000001
9359,31810.061000000005
9360,32320.062000000005
9361,32155.06100000001
9362,32400.06100000001
9363,31625.06000000001
9364,31745.065000000006
9365,32660.066000000006
9366,32955.07100000001
9367,33070.06900000001
9368,33065.07000000001
9369,31990.075000000008
9370,32440.073000000008
9371,31400.076000000012
9372,31960.07700000001
9373,32955.07800000001
9374,33580.075000000004
9375,32730.07000000001
9376,32015.06800000001
9377,31730.07200000001
9378,30590.07100000001
9379,31830.06800000001
9380,31815.06700000001
9381,33575.066000000006
9382,32785.068000000014
9383,32545.07200000001
9384,32095.07100000001
9385,31955.06900000001
9386,33035.07000000001
9387,33075.06700000001
9388,33850.069
9389,33625.071
9390,33880.069
9391,33265.07200000001
9392,33040.07300000001
9393,31845.06800000001
9394,31785.07000000001
9395,32620.06900000001
9396,33300.064000000006
9397,34175.065
9398,33640.064
9399,32605.066000000006
9400,32775.066000000006
9401,31370.069000000007
9402,31840.07200000001
9403,33070.069
9404,33435.06900000001
9405,32825.06500000001
9406,31525.06100000001
9407,30890.06100000001
9408,30250.06200000001
9409,31700.06000000001
9410,31660.06300000001
9411,33275.062000000005
9412,33315.05900000001
9413,33510.05900000001
9414,32475.06100000001
9415,32280.06100000001
9416,33055.062000000005
9417,33045.06400000001
9418,33990.06500000001
9419,33730.06800000001
9420,33690.07100000001
9421,33605.06400000001
9422,33215.06500000001
9423,31700.06500000001
9424,32290.06400000001
9425,33040.06500000001
9426,33055.066000000006
9427,34400.064999999995
9428,34640.060999999994
9429,33240.06300000001
9430,32895.05900000001
9431,32560.058000000008
9432,33395.05900000001
9433,34570.05800000001
9434,34935.05900000001
9435,34015.060000000005
9436,32640.057000000008
9437,31500.055000000008
9438,31500.057000000008
9439,32330.059000000005
9440,32885.062000000005
9441,34145.059
9442,34044.057
9443,33854.057
9444,33086.056000000004
9445,32910.054000000004
9446,34410.057
9447,34000.057
9448,34585.057
9449,34320.061
9450,34480.06300000001
9451,33465.06700000001
9452,32980.071
9453,31545.075000000004
9454,32450.070000000007
9455,32752.074000000008
9456,32982.073000000004
9457,34117.075000000004
9458,33565.076
9459,32930.07800000001
9460,32345.080000000005
9461,31725.082000000006
9462,32795.07900000001
9463,34390.077000000005
9464,34316.081000000006
9465,34061.083
9466,32721.083000000006
9467,31824.07700000001
9468,32248.07700000001
9469,32673.08000000001
9470,32661.08100000001
9471,34334.081000000006
9472,33916.08400000001
9473,33616.081000000006
9474,33406.079000000005
9475,32823.079000000005
9476,33819.07800000001
9477,34560.079000000005
9478,34555.08200000001
9479,33865.07900000001
9480,34057.081000000006
9481,32943.07900000001
9482,32760.07700000001
9483,31445.07700000001
9484,31800.08000000001
9485,32206.08200000001
9486,32826.081000000006
9487,34422.077000000005
9488,33582.08200000001
9489,32962.084
9490,33002.08200000001
9491,33348.084
9492,34019.090000000004
9493,35163.094000000005
9494,34523.09500000001
9495,34073.098000000005
9496,31986.096000000005
9497,30651.095000000005
9498,31041.09500000001
9499,32114.10200000001
9500,32548.10000000001
9501,33714.101
9502,33026.09900000001
9503,32596.093000000008
9504,32798.092000000004
9505,32793.09400000001
9506,34925.092000000004
9507,33780.092000000004
9508,34049.09000000001
9509,33668.09000000001
9510,33863.09000000001
9511,33058.09000000001
9512,32310.091000000008
9513,31888.095000000005
9514,32453.095000000005
9515,33212.097
9516,33815.1
9517,35069.098
9518,34189.105
9519,33729.10600000001
9520,34113.109000000004
9521,33458.116
9522,34647.115000000005
9523,36197.12100000001
9524,35879.118
9525,35104.12100000001
9526,32514.126000000007
9527,32714.126000000007
9528,32319.130000000005
9529,33340.132000000005
9530,32913.137
9531,33479.13900000001
9532,33349.13900000001
9533,32780.14400000001
9534,33065.143000000004
9535,33007.14600000001
9536,34592.149000000005
9537,33606.151000000005
9538,34828.148
9539,33519.15000000001
9540,33946.15700000001
9541,33538.16
9542,33583.16300000001
9543,32448.164000000008
9544,33054.166000000005
9545,33702.168000000005
9546,34302.171
9547,35158.171
9548,34689.18
9549,34729.182
9550,34698.189000000006
9551,35397.187999999995
9552,34933.193999999996
9553,36781.193999999996
9554,36279.195
9555,35444.199
9556,33769.19900000001
9557,34024.196
9558,32984.19600000001
9559,33854.19900000001
9560,33977.19900000001
9561,33961.205
9562,32466.213000000007
9563,32515.213000000007
9564,33433.21100000001
9565,33468.21200000001
9566,35105.20999999999
9567,34881.212999999996
9568,35854.212999999996
9569,35316.21399999999
9570,34680.219
9571,34088.224
9572,35070.223
9573,33643.228
9574,34620.231
9575,35625.231
9576,36371.22900000001
9577,37611.233
9578,37296.244000000006
9579,37006.243
9580,36703.242000000006
9581,37958.236000000004
9582,37626.242000000006
9583,38836.248
9584,37904.24600000001
9585,37397.239
9586,35764.244999999995
9587,34848.249
9588,33858.254
9589,34455.256
9590,35020.253000000004
9591,35307.251000000004
9592,34186.256
9593,33760.25800000001
9594,33680.26
9595,33519.259000000005
9596,34678.263000000006
9597,34060.26700000001
9598,35077.26900000001
9599,34545.263
9600,34847.269
9601,33800.27300000001
9602,34780.275
9603,33914.271
9604,34692.271
9605,35741.27
9606,37075.268
9607,38619.274000000005
9608,38496.275
9609,38447.280000000006
9610,38093.29
9611,39385.285
9612,39017.295000000006
9613,40566.29
9614,39512.293000000005
9615,38925.297000000006
9616,37471.302
9617,36643.303
9618,35823.305
9619,36345.308000000005
9620,36362.305
9621,37108.305
9622,36882.307
9623,36687.308000000005
9624,36570.314000000006
9625,35886.322
9626,36546.319
9627,35132.324
9628,36335.32800000001
9629,36512.32800000001
9630,37058.329000000005
9631,36605.32800000001
9632,37070.33500000001
9633,36390.34700000001
9634,37285.35100000001
9635,37784.360000000015
9636,38852.36200000001
9637,40251.36400000001
9638,39997.36600000001
9639,40045.36400000001
9640,39938.363000000005
9641,40480.35800000001
9642,40620.35900000001
9643,41694.36400000001
9644,40810.367000000006
9645,40645.378000000004
9646,39738.384000000005
9647,39528.385
9648,39199.38100000001
9649,39304.38100000001
9650,39409.38100000001
9651,39269.38600000001
9652,39926.38500000001
9653,39651.38200000001
9654,39661.37900000001
9655,38810.38200000001
9656,39432.37800000001
9657,38792.374
9658,39543.377000000015
9659,38144.38600000001
9660,38408.38800000001
9661,38009.388000000006
9662,38055.38900000001
9663,38056.39900000001
9664,39046.40400000001
9665,40231.40000000001
9666,40710.40800000001
9667,41171.40900000001
9668,41990.41000000001
9669,42452.40800000001
9670,42150.41400000001
9671,42158.41500000002
9672,42013.41800000001
9673,42673.41400000001
9674,41943.41000000001
9675,42264.413000000015
9676,41045.41800000002
9677,40720.42500000002
9678,40037.43000000001
9679,41079.43400000001
9680,41018.439000000006
9681,41808.43800000001
9682,41667.43900000001
9683,40846.451000000015
9684,40738.44100000002
9685,40183.44100000002
9686,40652.44600000002
9687,40045.45100000002
9688,39563.44900000002
9689,39024.451000000015
9690,40139.44700000002
9691,39343.44500000002
9692,39395.44500000003
9693,39059.45200000003
9694,40436.459000000024
9695,40052.45900000002
9696,40230.461000000025
9697,41021.47300000002
9698,41768.478000000025
9699,41852.474000000024
9700,41426.480000000025
9701,41568.479000000014
9702,42363.481000000014
9703,43045.485000000015
9704,42060.48300000001
9705,41464.48900000001
9706,41053.48700000001
9707,40349.48700000002
9708,40052.49600000001
9709,41648.500000000015
9710,41750.50600000002
9711,42694.51000000002
9712,42343.519000000015
9713,42395.51600000002
9714,42448.51000000002
9715,41993.51100000002
9716,42395.52000000002
9717,41204.52600000002
9718,41905.52000000002
9719,41211.521000000015
9720,41884.52100000001
9721,40640.52700000001
9722,41408.53300000001
9723,41402.523000000016
9724,42856.52900000002
9725,43084.52800000001
9726,43667.53700000002
9727,45047.54000000003
9728,45001.551000000014
9729,44590.55100000002
9730,43516.555000000015
9731,42986.56300000001
9732,43195.565000000024
9733,43174.574000000015
9734,42903.580000000016
9735,42390.58200000001
9736,42489.57100000001
9737,41678.57900000001
9738,40846.57500000002
9739,42279.56700000002
9740,42057.56600000001
9741,43212.56300000002
9742,41360.570000000014
9743,41391.572000000015
9744,40590.57400000001
9745,41271.575
9746,40998.575000000004
9747,40713.57800000001
9748,40533.597
9749,40067.593000000015
9750,41141.59500000001
9751,39796.596000000005
9752,40399.62
9753,40682.633
9754,41989.64000000001
9755,41304.643000000004
9756,41613.638000000006
9757,42165.64100000001
9758,44143.63200000001
9759,44353.63600000001
9760,43473.63900000002
9761,43967.63800000002
9762,44183.63200000001
9763,45208.62600000002
9764,45009.62900000002
9765,44111.62900000002
9766,44246.63700000002
9767,43109.64300000001
9768,43030.642000000014
9769,43670.64100000002
9770,43285.64400000002
9771,44379.64000000002
9772,42599.64200000002
9773,42111.63800000002
9774,41326.644000000015
9775,42556.63200000002
9776,42830.62200000002
9777,43491.61800000002
9778,42596.62600000001
9779,40906.63600000001
9780,41762.639
9781,40737.644000000015
9782,41768.64300000001
9783,41463.63900000001
9784,41629.649000000005
9785,41315.645
9786,41331.63900000001
9787,42195.63600000001
9788,42246.62900000001
9789,42102.633000000016
9790,41614.62600000002
9791,41747.630000000005
9792,42676.638000000006
9793,42952.63300000001
9794,41482.63900000001
9795,41441.62800000001
9796,40539.63000000002
9797,40634.623000000014
9798,40618.62600000001
9799,41755.621000000014
9800,41673.61600000002
9801,42961.616000000016
9802,41863.61700000002
9803,41693.625000000015
9804,41782.62800000001
9805,42572.631000000016
9806,42656.62100000002
9807,42280.62700000002
9808,40874.62700000001
9809,39597.632000000005
9810,40546.62700000001
9811,39569.61900000002
9812,39498.62200000002
9813,39354.630000000005
9814,40426.631000000016
9815,40133.629000000015
9816,41015.62200000002
9817,40771.62200000002
9818,40795.629000000015
9819,41898.62800000001
9820,41756.61900000001
9821,42244.61000000001
9822,43177.61100000002
9823,43608.610000000015
9824,42498.60300000001
9825,42009.59800000002
9826,40849.60800000002
9827,41373.59400000003
9828,41547.59400000001
9829,42089.600000000006
9830,42000.59600000001
9831,43696.58700000001
9832,42515.58600000001
9833,41626.59800000001
9834,41233.612
9835,41826.609000000004
9836,41197.61000000001
9837,41397.61100000001
9838,40803.62600000001
9839,39578.62300000002
9840,40588.62600000002
9841,39036.623000000014
9842,39414.614000000016
9843,38984.61300000001
9844,39692.619000000006
9845,39983.60100000002
9846,40988.60200000002
9847,40780.59200000002
9848,41545.59800000001
9849,42202.59700000002
9850,42023.597000000016
9851,42246.59300000001
9852,42421.576000000015
9853,42187.58800000001
9854,40796.595000000016
9855,40640.593
9856,39084.583
9857,39193.58700000001
9858,38890.57900000003
9859,39376.58600000002
9860,38457.582000000024
9861,38746.586000000025
9862,38300.59100000002
9863,37468.59100000002
9864,36876.59400000001
9865,36449.59600000001
9866,35662.59800000001
9867,36752.591000000015
9868,36039.60300000001
9869,34939.60200000002
9870,35273.59100000002
9871,34169.58800000001
9872,34680.589000000014
9873,35047.58400000002
9874,36729.57000000002
9875,36876.569000000025
9876,37737.58000000002
9877,36718.584000000024
9878,37630.589000000014
9879,38081.578000000016
9880,38008.57100000002
9881,38803.566000000006
9882,38748.56200000001
9883,39196.56500000001
9884,37932.559000000016
9885,37426.56100000002
9886,36337.557000000015
9887,36384.55400000001
9888,35853.55000000001
9889,36306.54900000001
9890,35784.54500000002
9891,35606.54300000002
9892,34912.538000000015
9893,34106.540000000015
9894,33440.54000000001
9895,33246.538000000015
9896,32383.537000000022
9897,33676.538000000015
9898,33861.53100000001
9899,33452.52800000001
9900,33868.531
9901,32604.528000000013
9902,32552.527000000016
9903,32622.524000000016
9904,33768.52500000001
9905,34044.51900000001
9906,35982.519
9907,35061.524000000005
9908,34594.52700000001
9909,34873.530000000006
9910,34674.52600000001
9911,35273.541000000005
9912,35384.54800000001
9913,35832.54000000001
9914,34010.53200000001
9915,34239.529
9916,32435.530000000017
9917,32165.53200000002
9918,30970.53200000002
9919,30893.53000000002
9920,30947.51800000002
9921,31176.51600000002
9922,30322.509000000016
9923,30048.51100000002
9924,30253.50600000002
9925,29101.50200000002
9926,27864.512000000017
9927,28921.510000000017
9928,29392.516000000014
9929,29283.515000000018
9930,29635.513000000014
9931,27737.523000000016
9932,28282.512000000013
9933,27762.51900000002
9934,29639.513000000017
9935,29893.517000000014
9936,31935.512000000017
9937,30238.516000000014
9938,30531.50600000002
9939,30588.512000000017
9940,30501.513000000017
9941,31622.499000000014
9942,31832.495000000014
9943,31968.49300000001
9944,30859.494000000013
9945,30050.498000000014
9946,27952.504000000015
9947,28207.50000000001
9948,27720.491000000013
9949,27877.48400000001
9950,27604.487000000012
9951,27412.485000000015
9952,27788.48200000001
9953,27533.481000000014
9954,26497.478000000014
9955,25869.478000000014
9956,25566.476000000013
9957,27165.471000000012
9958,26945.476000000013
9959,27386.47300000001
9960,27480.47600000001
9961,26237.47800000001
9962,26262.474000000013
9963,25885.474000000013
9964,27427.46700000001
9965,28072.46700000001
9966,29538.46800000001
9967,28226.46300000001
9968,28729.464000000014
9969,28021.46700000001
9970,27521.460000000014
9971,27650.47300000001
9972,26422.47400000001
9973,26728.47600000001
9974,25519.47400000001
9975,24861.47600000001
9976,23563.47400000001
9977,23460.47900000001
9978,23240.471000000005
9979,23715.476000000006
9980,23745.478000000006
9981,23112.468000000004
9982,23750.458000000006
9983,23378.455000000005
9984,23530.456000000006
9985,23195.448000000004
9986,23879.439000000002
9987,24780.442000000006
9988,24862.432000000008
9989,24827.428000000004
9990,24173.431000000008
9991,23923.427000000003
9992,24775.423000000003
9993,23769.423000000003
9994,24178.427000000003
9995,25286.429000000004
9996,25598.43
9997,24836.437
9998,25166.437000000005
9999,24478.442000000003
10000,24639.438000000006
10001,23868.436
10002,23283.434000000005
10003,24694.428000000004
10004,24139.422000000002
10005,23038.423
10006,22145.421000000002
10007,21805.411000000004
10008,21983.408000000003
10009,22378.410000000003
10010,22119.414
10011,23273.411000000004
10012,23141.411
10013,22187.416
10014,22008.419
10015,21593.425000000003
10016,20914.426
10017,21721.417
10018,21151.415
10019,21167.411
10020,21006.416
10021,20348.410000000003
10022,21061.408000000003
10023,19939.414000000004
10024,19980.418000000005
10025,21295.401
10026,22660.396000000004
10027,21980.396000000004
10028,22350.386000000002
10029,21325.386000000002
10030,21223.385000000002
10031,20782.386000000002
10032,19703.386000000002
10033,20347.386000000002
10034,19937.390000000003
10035,19408.379
10036,19092.37
10037,19485.365
10038,18912.367000000002
10039,18971.372
10040,18004.387000000002
10041,18773.383
10042,20547.375
10043,20768.379
10044,20318.388000000003
10045,19753.385000000002
10046,18768.384000000002
10047,19325.376
10048,19689.371
10049,20721.358999999997
10050,21023.348999999995
10051,19780.347999999998
10052,18731.351999999995
10053,17653.358
10054,16900.352
10055,16609.351
10056,17119.351
10057,16658.354
10058,16358.357
10059,13867.362000000001
10060,12205.369000000002
10061,12344.372000000001
10062,12089.376000000002
10063,11673.372000000003
10064,11832.374000000003
10065,12552.381000000005
10066,13128.390000000007
10067,13264.396000000008
10068,14858.39400000001
10069,15138.40400000001
10070,16332.40100000001
10071,16021.411000000011
10072,15139.424000000015
10073,14421.445000000014
10074,13513.470000000018
10075,12123.486000000017
10076,9794.50100000002
10077,8255.532000000023
10078,4709.56400000002
10079,1134.6099999999963
10080,3380.4400000000173
10081,4478.427000000015
10082,5723.423000000016
10083,6483.417000000016
10084,8004.403000000016
10085,9697.393000000018
10086,10867.39100000002
10087,11184.38800000002
10088,11669.38500000002
10089,12911.380000000016
10090,14576.379000000014
10091,13856.375000000013
10092,13481.369000000013
10093,13530.365000000014
10094,12644.359000000013
10095,18659.350000000013
10096,17682.34500000001
10097,17887.34400000001
10098,17922.342000000008
10099,17142.341000000008
10100,14278.339000000004
10101,16453.340000000004
10102,17203.334000000003
10103,18423.331000000002
10104,20208.326
10105,20851.321000000004
10106,21196.311
10107,22274.306
10108,22734.304
10109,23218.298999999995
10110,23798.305
10111,23448.307999999997
10112,23483.309999999998
10113,23260.317
10114,23610.307999999997
10115,23438.308999999997
10116,24658.313
10117,24013.314
10118,24433.311999999998
10119,25140.313
10120,24793.314
10121,23628.317
10122,23221.316000000003
10123,22463.32
10124,21883.314000000006
10125,23228.309
10126,22458.306000000004
10127,22281.300000000003
10128,21386.295000000006
10129,20926.292
10130,15191.289000000004
10131,16506.287000000004
10132,15641.287000000004
10133,14976.288000000004
10134,16179.285000000003
10135,15716.290000000005
10136,15109.286000000004
10137,15656.284000000005
10138,15879.271000000004
10139,14549.265000000005
10140,13719.264000000005
10141,12759.263000000004
10142,13304.261000000004
10143,14909.249000000005
10144,14884.249000000005
10145,14274.249000000005
10146,15599.249000000005
10147,14629.240000000007
10148,14969.235000000006
10149,16884.229000000007
10150,17899.221000000005
10151,18529.216000000008
10152,18724.215000000007
10153,18119.211000000007
10154,17119.208000000006
10155,17078.211000000007
10156,16666.209000000006
10157,17046.208000000006
10158,17056.200000000004
10159,17038.200000000008
10160,16048.200000000008
10161,17228.198000000008
10162,16843.199000000008
10163,16878.192000000006
10164,16888.195000000007
10165,17285.196000000007
10166,16138.194000000007
10167,16348.193000000005
10168,15578.192000000005
10169,14208.191000000004
10170,14633.187000000004
10171,13858.186000000003
10172,14645.187000000004
10173,15795.191000000004
10174,16972.189000000002
10175,16372.192000000005
10176,17335.195
10177,17135.195
10178,17555.191000000003
10179,17938.194000000003
10180,17759.195000000003
10181,18146.197000000004
10182,18149.198000000004
10183,17977.199
10184,17392.202000000005
10185,18382.200000000004
10186,18017.197000000004
10187,18242.194000000003
10188,17055.197000000004
10189,17640.194000000003
10190,18207.194000000003
10191,19192.195000000003
10192,18617.194000000003
10193,19007.191000000003
10194,19040.187
10195,18050.190000000002
10196,17480.190000000002
10197,17657.190000000002
10198,18394.196000000004
10199,17200.200000000004
10200,16410.200000000004
10201,15455.199000000004
10202,16065.194000000003
10203,16065.193000000003
10204,16640.195000000003
10205,17012.197000000004
10206,17990.198000000004
10207,18012.198000000004
10208,17652.196000000004
10209,17647.197
10210,18247.196000000007
10211,18277.193000000003
10212,24172.191000000003
10213,23964.194000000007
10214,23794.192000000003
10215,24214.188000000002
10216,24014.188000000002
10217,24586.190000000002
10218,23636.186
10219,23819.187
10220,24194.188000000002
10221,25709.188000000002
10222,25089.193000000003
10223,26059.194
10224,26642.195
10225,26052.196
10226,25657.197
10227,25447.199
10228,25437.202
10229,24839.203
10230,24234.203000000005
10231,24024.204
10232,23959.209000000003
10233,23964.208000000002
10234,24169.207000000002
10235,24359.208000000006
10236,25527.207000000002
10237,25489.210000000003
10238,25484.211000000003
10239,24699.212000000003
10240,24892.213000000003
10241,24712.211000000003
10242,24727.208000000002
10243,24727.207000000002
10244,24304.210000000003
10245,23702.215000000004
10246,17452.212000000003
10247,18589.213000000007
10248,16761.221000000005
10249,17336.221000000005
10250,18311.221000000005
10251,18683.22100000001
10252,19521.215000000004
10253,19914.216000000004
10254,20687.216000000004
10255,20682.218000000004
10256,20707.214000000004
10257,20517.211000000003
10258,20922.208000000002
10259,20147.207000000002
10260,19934.209000000003
10261,19749.209000000003
10262,20549.207000000002
10263,20929.208000000002
10264,21129.207000000002
10265,20534.209000000003
10266,21899.209000000003
10267,21874.212000000003
10268,21676.212000000003
10269,21114.209000000003
10270,20119.215000000004
10271,19936.211000000003
10272,18751.213000000003
10273,19361.211000000003
10274,18766.213000000003
10275,19528.212000000003
10276,18756.209000000006
10277,18769.208000000002
10278,18032.203000000005
10279,19607.201000000005
10280,20387.2
10281,20752.2
10282,21134.201000000005
10283,21149.201000000005
10284,22359.198000000004
10285,21992.198000000004
10286,21572.202000000005
10287,22000.195000000003
10288,21835.190000000002
10289,21457.190000000002
10290,21647.187
10291,21057.188000000002
10292,21652.185
10293,22847.182
10294,23252.176
10295,22664.173
10296,23819.173000000003
10297,22844.173000000003
10298,22814.173000000003
10299,22057.172000000002
10300,22074.169
10301,20924.170000000002
10302,20084.174000000003
10303,19884.173000000003
10304,19081.174000000006
10305,20234.173000000003
10306,19439.171000000006
10307,19214.175000000007
10308,18246.175000000007
10309,20183.173000000006
10310,20591.168000000005
10311,21611.164000000004
10312,22348.166000000005
10313,22335.167000000005
10314,23095.167000000005
10315,23131.166000000005
10316,24086.166000000005
10317,25676.162000000004
10318,25681.162000000004
10319,24296.165000000005
10320,24709.164000000004
10321,23752.162000000004
10322,23527.168
10323,24517.168
10324,23947.170000000002
10325,22754.171000000006
10326,23559.173000000006
10327,22184.176000000003
10328,22606.176
10329,21976.179
10330,21531.188000000002
10331,27072.189000000002
10332,26734.183
10333,26716.188000000002
10334,26431.184
10335,27451.184
10336,26661.189000000002
10337,26097.191000000003
10338,24923.191000000006
10339,26555.184
10340,27120.187
10341,27310.189000000002
10342,28120.187000000005
10343,28509.187
10344,28875.188000000002
10345,28704.189000000002
10346,28708.194000000003
10347,30476.192000000003
10348,30076.197000000004
10349,29484.200000000004
10350,29093.198000000004
10351,28324.198000000004
10352,28743.199000000004
10353,29706.195000000003
10354,30136.192000000003
10355,28596.196000000004
10356,28980.197000000004
10357,28416.195000000003
10358,27992.204000000005
10359,28429.204000000005
10360,28990.206000000006
10361,28387.210000000006
10362,27853.204000000005
10363,28088.203000000005
10364,28729.197000000004
10365,24024.197000000004
10366,24789.202000000005
10367,24055.200000000004
10368,24073.199000000004
10369,25449.198000000004
10370,26064.199000000004
10371,26872.199000000004
10372,27490.201000000005
10373,27555.201000000005
10374,27036.200000000004
10375,27086.200000000004
10376,26992.201000000005
10377,28372.201000000005
10378,27951.205000000005
10379,27398.202000000005
10380,27965.204000000005
10381,26632.204000000005
10382,27616.206000000002
10383,28020.205000000005
10384,27844.202000000005
10385,26291.203000000005
10386,26596.208000000006
10387,26022.21
10388,26061.212
10389,26251.215
10390,25621.218
10391,24813.222000000005
10392,23614.223
10393,23226.227000000003
10394,24042.224000000002
10395,25208.223
10396,26400.221
10397,25202.222
10398,25052.221
10399,26897.214
10400,27860.217
10401,29297.215
10402,29962.211
10403,30582.212
10404,29861.214
10405,29877.213
10406,29860.215
10407,31308.208000000002
10408,30876.210000000003
10409,29800.207
10410,30182.206000000002
10411,29879.2
10412,30067.202
10413,30418.209
10414,29297.208
10415,26817.209000000003
10416,26534.212
10417,25954.216
10418,26376.213
10419,25998.213
10420,26431.212
10421,24871.212
10422,24267.212
10423,23837.214
10424,24253.214
10425,24920.218
10426,25939.22
10427,25408.218
10428,25207.22
10429,26763.221000000005
10430,27590.223
10431,28542.226000000002
10432,28684.226000000002
10433,29709.224000000002
10434,29954.221
10435,29859.215
10436,30671.212
10437,31433.213
10438,30407.216
10439,30031.216
10440,30241.212000000003
10441,29715.206000000002
10442,29093.210000000003
10443,29717.204
10444,29035.197
10445,26866.194000000003
10446,26124.195000000003
10447,26321.197000000004
10448,26403.193000000003
10449,25737.191000000003
10450,26481.197000000004
10451,24216.199000000004
10452,23828.199000000004
10453,24095.201000000005
10454,24276.204000000005
10455,25295.199
10456,26572.203
10457,26549.204
10458,26986.206000000002
10459,27911.213000000003
10460,28738.213000000003
10461,29552.213000000003
10462,29921.215000000004
10463,30064.218000000004
10464,30112.209000000003
10465,30360.212000000003
10466,30751.217000000004
10467,31571.220000000005
10468,30803.213000000003
10469,29793.223
10470,29258.22
10471,28994.216000000004
10472,28742.221
10473,29487.220000000005
10474,29716.220000000005
10475,28195.225000000006
10476,28034.226000000006
10477,27867.221000000005
10478,28700.221000000005
10479,28150.221000000005
10480,28004.222000000005
10481,27428.218000000004
10482,27431.221000000005
10483,32815.22
10484,32702.217000000004
10485,34736.213
10486,35440.22200000001
10487,35179.232
10488,29493.226000000002
10489,30737.226000000002
10490,31170.223000000005
10491,31637.237000000005
10492,31614.239
10493,31648.232000000004
10494,31459.237000000005
10495,31773.245000000006
10496,32128.250000000004
10497,32799.252
10498,31083.260000000006
10499,30071.258000000005
10500,28861.258
10501,28274.263000000003
10502,28209.265000000003
10503,29762.259000000002
10504,30115.258
10505,28938.259000000002
10506,27931.263000000003
10507,27515.270000000004
10508,28149.277000000006
10509,27539.267000000003
10510,27184.264000000003
10511,26067.258000000005
10512,26552.250000000004
10513,25593.254000000004
10514,26096.258000000005
10515,27062.251000000004
10516,28717.243000000002
10517,28727.236000000004
10518,29157.227000000003
10519,30506.222
10520,30980.222
10521,31987.214000000004
10522,31600.211000000003
10523,31554.214000000004
10524,30979.205
10525,31538.202000000005
10526,31140.198000000008
10527,32253.197000000007
10528,31623.193000000007
10529,30031.192000000003
10530,30219.188000000002
10531,29019.187
10532,28456.188000000006
10533,29670.193000000003
10534,29913.197000000004
10535,28574.189000000006
10536,27838.182000000004
10537,28020.182000000004
10538,28765.179000000004
10539,29203.173000000006
10540,28623.165000000005
10541,29399.157000000003
10542,30444.151000000005
10543,29415.152000000006
10544,28894.149000000005
10545,28904.148000000005
10546,29844.142000000003
10547,28938.144000000004
10548,29823.140000000003
10549,31048.133000000005
10550,30354.134000000005
10551,31434.133000000005
10552,31283.132000000005
10553,31704.129000000004
10554,30686.135000000006
10555,32021.136000000002
10556,31605.134000000002
10557,32561.139000000003
10558,31848.132
10559,30646.136000000002
10560,31426.135000000002
10561,30704.131000000005
10562,30311.130000000005
10563,31496.125000000004
10564,32155.118000000006
10565,31099.117000000006
10566,30356.117000000006
10567,30731.114
10568,30333.118000000002
10569,30000.118000000002
10570,30275.113000000005
10571,30181.120000000003
10572,30362.121000000003
10573,30530.116
10574,30298.116
10575,29685.118000000002
10576,30456.117000000002
10577,29673.116
10578,30471.116
10579,31211.109000000004
10580,30286.105000000007
10581,30297.106000000007
10582,30522.101000000006
10583,30355.100000000006
10584,30107.101000000006
10585,31656.100000000006
10586,31525.100000000006
10587,32909.095
10588,34373.087999999996
10589,33883.087
10590,34696.083999999995
10591,34118.083999999995
10592,33295.085
10593,33861.085999999996
10594,33701.083000000006
10595,33352.084
10596,32596.079000000005
10597,32647.075000000004
10598,33404.073000000004
10599,32887.083000000006
10600,33282.081000000006
10601,33461.081000000006
10602,33851.079
10603,34301.072
10604,34540.07
10605,34257.074
10606,35292.072
10607,34994.075
10608,34824.072
10609,34789.073000000004
10610,33844.070999999996
10611,34230.069
10612,34209.068
10613,34052.064
10614,33903.058999999994
10615,34283.058999999994
10616,34678.056
10617,35878.056
10618,35728.056
10619,35728.055
10620,36708.054000000004
10621,36723.047999999995
10622,36143.047
10623,36530.047999999995
10624,36105.04999999999
10625,35385.049999999996
10626,34035.051999999996
10627,34420.054
10628,34815.05299999999
10629,35010.054
10630,34605.05699999999
10631,34965.059
10632,34600.060999999994
10633,34770.060999999994
10634,34775.06
10635,34940.063
10636,35125.066
10637,34415.064999999995
10638,34670.063
10639,34550.066
10640,34395.064999999995
10641,34595.064
10642,34725.067
10643,34500.068999999996
10644,34400.066999999995
10645,34715.062999999995
10646,35300.062999999995
10647,36470.064
10648,35990.06699999999
10649,35195.069999999985
10650,36565.068
10651,36435.066999999995
10652,36585.06199999999
10653,37010.060999999994
10654,36810.062
10655,36030.062
10656,34920.06
10657,34535.058999999994
10658,32835.063
10659,33020.065
10660,32890.063
10661,33350.059
10662,32515.062000000005
10663,32480.055000000004
10664,32840.058000000005
10665,33030.060000000005
10666,33445.061
10667,32610.062000000005
10668,32175.067000000006
10669,33260.060000000005
10670,32935.057
10671,33305.056000000004
10672,33610.058
10673,34195.058
10674,33370.063
10675,33275.067
10676,34930.063
10677,36095.064999999995
10678,35345.064999999995
10679,34995.062
10680,36000.062
10681,34815.064999999995
10682,35205.066
10683,34750.068999999996
10684,34940.07
10685,34495.071
10686,33460.073000000004
10687,33100.07200000001
10688,33945.068999999996
10689,32960.073000000004
10690,33165.071
10691,33025.071
10692,31955.075000000008
10693,31060.07800000001
10694,31100.07700000001
10695,31740.07600000001
10696,31800.074000000008
10697,30570.07600000001
10698,31705.07600000001
10699,32545.074000000008
10700,32570.074000000008
10701,32335.07700000001
10702,31940.08000000001
10703,33470.081000000006
10704,32660.08200000001
10705,32300.08100000001
10706,34095.078
10707,36120.073
10708,35180.072
10709,36695.066
10710,37115.064999999995
10711,36355.07
10712,37335.068999999996
10713,37365.068
10714,37840.066
10715,37375.072
10716,36660.07
10717,36500.068
10718,37115.067
10719,37115.068
10720,37180.064999999995
10721,37240.063
10722,36655.063
10723,35675.064999999995
10724,35220.068999999996
10725,35475.067
10726,35050.07
10727,33875.07200000001
10728,34115.073000000004
10729,35030.075000000004
10730,34885.075000000004
10731,34435.078
10732,33460.07800000001
10733,34915.076
10734,33985.077000000005
10735,34780.074
10736,35735.079000000005
10737,36730.08
10738,36165.077000000005
10739,35585.076
10740,36180.075
10741,35540.077
10742,37310.074
10743,37680.073000000004
10744,38485.075000000004
10745,38300.073000000004
10746,38375.064000000006
10747,35585.067
10748,35965.068999999996
10749,35340.073000000004
10750,35615.068
10751,35065.072
10752,34245.077000000005
10753,33245.07800000001
10754,33060.07600000001
10755,32505.07500000001
10756,32300.07800000001
10757,31415.07500000001
10758,32025.07100000001
10759,33740.073000000004
10760,33775.07200000001
10761,34000.071
10762,33215.07200000001
10763,33940.073000000004
10764,33280.07300000001
10765,34490.066000000006
10766,35430.06800000001
10767,36160.065
10768,35990.066
10769,35635.064000000006
10770,36060.062000000005
10771,35335.062000000005
10772,36055.064000000006
10773,36555.067
10774,37430.063
10775,36605.067
10776,36220.067
10777,35820.069
10778,36115.066
10779,35520.069
10780,35775.067
10781,35135.06800000001
10782,34985.06900000001
10783,33730.07100000001
10784,33570.06900000001
10785,33515.07000000001
10786,33510.07100000001
10787,32695.07400000001
10788,32915.07600000001
10789,33720.07600000001
10790,33330.07600000001
10791,34415.07400000001
10792,33865.07300000001
10793,35520.068999999996
10794,35350.07
10795,35045.07300000001
10796,36480.07000000001
10797,37805.064
10798,36775.06500000001
10799,36375.06800000001
10800,36380.067
10801,35775.066000000006
10802,36325.069
10803,36535.067
10804,37405.064
10805,37435.062999999995
10806,38365.060999999994
10807,36710.067
10808,36905.067
10809,36715.066000000006
10810,37635.067
10811,36705.06800000001
10812,36285.069
10813,34945.069
10814,33860.06900000001
10815,34280.06700000001
10816,33895.066000000006
10817,33280.06700000001
10818,34285.066000000006
10819,35030.06800000001
10820,35055.06900000001
10821,35605.07100000001
10822,34220.07100000001
10823,35475.069
10824,34950.067
10825,35380.06400000001
10826,35745.06500000001
10827,37285.065
10828,36070.061
10829,35195.06500000001
10830,34915.06300000001
10831,34045.06500000001
10832,34765.06700000001
10833,35045.066000000006
10834,36180.06800000001
10835,35910.06800000001
10836,36275.06800000001
10837,35920.066000000006
10838,37720.062
10839,37685.064
10840,37945.061
10841,37715.063
10842,37220.06
10843,35370.064000000006
10844,33785.068000000014
10845,33905.06400000001
10846,33785.06800000001
10847,32870.066000000006
10848,33875.06500000001
10849,34830.064000000006
10850,34840.066000000006
10851,35295.063
10852,35515.062
10853,36900.062999999995
10854,36150.062000000005
10855,36240.06200000001
10856,36820.06300000001
10857,38050.06
10858,36905.06
10859,36285.062
10860,36345.06
10861,35360.062
10862,36210.058
10863,36570.058
10864,37930.05899999999
10865,37840.06199999999
10866,37485.05999999999
10867,36400.066999999995
10868,35580.07
10869,36040.066
10870,36070.064999999995
10871,36520.063
10872,36745.062999999995
10873,34605.06300000001
10874,34225.06100000001
10875,34060.06100000001
10876,33240.064000000006
10877,32155.06800000001
10878,32470.07400000001
10879,33590.07500000001
10880,33820.07400000001
10881,33810.07600000001
10882,33255.077000000005
10883,35570.07800000001
10884,34565.079000000005
10885,36930.07800000001
10886,36720.084
10887,38320.081999999995
10888,37905.083000000006
10889,36970.083000000006
10890,36765.087
10891,36175.088
10892,36900.090000000004
10893,37830.085
10894,38430.087
10895,38974.087
10896,38959.085999999996
10897,38787.085999999996
10898,38267.084
10899,38482.085
10900,38702.085
10901,38667.08700000001
10902,38047.09000000001
10903,36309.08900000001
10904,36344.08700000001
10905,36281.09100000001
10906,35351.088
10907,33941.092000000004
10908,34798.08700000001
10909,35654.088
10910,34594.09000000001
10911,35349.090000000004
10912,34549.08900000001
10913,36259.08900000001
10914,35742.08500000001
10915,35547.08500000001
10916,36337.083000000006
10917,37052.086
10918,35682.08900000001
10919,34382.08600000001
10920,40072.08700000001
10921,39923.08700000001
10922,42073.088
10923,42638.08700000001
10924,43170.086
10925,43410.083
10926,43171.084
10927,43396.083
10928,43451.083
10929,44365.085999999996
10930,45340.087
10931,45640.086
10932,44598.088
10933,43498.08500000001
10934,42970.084
10935,43035.081000000006
10936,43070.079000000005
10937,41240.084
10938,41075.083000000006
10939,41270.084
10940,40325.084
10941,41185.087
10942,39931.09300000001
10943,41533.090000000004
10944,40755.091
10945,40472.094000000005
10946,40475.09300000001
10947,40995.093
10948,40591.094000000005
10949,39240.093
10950,38840.096000000005
10951,38670.096000000005
10952,40490.093
10953,41063.087
10954,41623.09
10955,41943.096
10956,35803.099
10957,36545.098
10958,36750.097
10959,38006.094
10960,38404.102
10961,37624.103
10962,37118.103
10963,36148.105
10964,36348.106
10965,36720.102999999996
10966,36938.105
10967,35768.106
10968,36743.109
10969,36998.108
10970,35268.113000000005
10971,36245.117000000006
10972,35874.118
10973,36649.121
10974,36549.119999999995
10975,37024.123999999996
10976,37189.12699999999
10977,37762.13
10978,37122.136
10979,35253.137
10980,35629.14
10981,34981.145000000004
10982,36240.144
10983,36374.151
10984,36503.156
10985,36418.153
10986,35830.153
10987,37265.149
10988,36840.153
10989,38489.15099999999
10990,39549.15899999999
10991,39540.162
10992,38994.168
10993,38381.169
10994,37384.171
10995,37314.179000000004
10996,37639.176999999996
10997,36959.181000000004
10998,37702.181000000004
10999,39002.183999999994
11000,37536.183999999994
11001,38297.185999999994
11002,38157.18899999999
11003,38020.195999999996
11004,38268.19899999999
11005,37943.19899999999
11006,37538.204000000005
11007,38105.20599999999
11008,37653.211
11009,34908.214
11010,34560.214
11011,33519.21400000001
11012,33998.21400000001
11013,35052.21600000001
11014,34778.217000000004
11015,34082.21100000001
11016,33875.21500000001
11017,33490.221000000005
11018,34408.215000000004
11019,34903.217
11020,35994.227
11021,35932.22499999999
11022,35738.227
11023,35397.229999999996
11024,34379.231
11025,35529.23099999999
11026,35169.238999999994
11027,35179.240999999995
11028,35774.24599999999
11029,36489.244999999995
11030,35361.24599999999
11031,36969.25399999999
11032,36818.257999999994
11033,36784.263
11034,37757.261
11035,37365.262
11036,38276.266
11037,38844.27099999999
11038,37872.26499999999
11039,37242.263999999996
11040,37323.259999999995
11041,36583.263
11042,37561.26499999999
11043,37882.27
11044,38425.274
11045,37809.275
11046,37318.276999999995
11047,37290.282
11048,37640.28499999999
11049,37813.28999999999
11050,39153.282999999996
11051,39321.282999999996
11052,38525.28
11053,37828.28599999999
11054,36417.289
11055,37757.28999999999
11056,38039.28799999999
11057,37327.296
11058,37668.301
11059,37105.31
11060,36518.31399999999
11061,37894.316
11062,38277.317
11063,37850.324
11064,38683.32399999999
11065,37914.318999999996
11066,38516.323
11067,40331.31799999999
11068,39332.312999999995
11069,38812.32099999999
11070,38319.329999999994
11071,37224.33299999999
11072,38396.329999999994
11073,38979.33499999999
11074,39502.33799999999
11075,39048.34299999999
11076,38150.34999999999
11077,43559.34999999999
11078,44560.35499999999
11079,44670.357999999986
11080,46154.35599999999
11081,46464.35499999999
11082,44370.35799999999
11083,43072.361999999994
11084,42513.35999999999
11085,43825.36699999999
11086,44129.365
11087,43708.369
11088,43981.371999999996
11089,43251.376
11090,42421.37899999999
11091,43440.37799999999
11092,43772.377
11093,44529.378
11094,44385.38199999999
11095,43272.38999999999
11096,44435.39499999999
11097,45650.386999999995
11098,43978.390999999996
11099,45068.388999999996
11100,44775.385
11101,44103.387
11102,45074.391
11103,45371.393000000004
11104,45841.394
11105,44664.401000000005
11106,44220.405000000006
11107,44490.403000000006
11108,45941.40900000001
11109,40928.414
11110,41092.417
11111,41508.418000000005
11112,40729.422000000006
11113,39974.425
11114,39651.429
11115,41000.43
11116,40767.431
11117,40393.435
11118,40849.434
11119,39954.436
11120,39784.435
11121,41640.43
11122,41356.433
11123,42682.426999999996
11124,43141.424999999996
11125,42602.424000000006
11126,43650.423
11127,44912.422000000006
11128,42664.41700000001
11129,42788.422000000006
11130,43082.418
11131,42502.41800000001
11132,43411.419
11133,43398.421
11134,44739.415
11135,44072.416000000005
11136,43885.420000000006
11137,43634.42400000001
11138,44480.43100000001
11139,45565.43200000001
11140,45075.441000000006
11141,44677.44700000001
11142,43877.458000000006
11143,43784.46700000001
11144,44387.465000000026
11145,45164.47100000001
11146,44946.47500000001
11147,44640.47400000002
11148,44802.47800000002
11149,44688.485000000015
11150,45388.48600000002
11151,45582.49800000002
11152,45068.50300000002
11153,45600.50800000002
11154,47000.50800000002
11155,46547.510000000024
11156,46828.50800000003
11157,46760.51200000002
11158,45704.51600000002
11159,45245.516000000025
11160,45590.53200000003
11161,44800.529000000024
11162,45357.53400000003
11163,45680.53400000002
11164,46022.534000000014
11165,45105.54200000003
11166,45276.55800000001
11167,44844.566000000006
11168,46067.572000000015
11169,46458.575000000026
11170,45470.571000000025
11171,45404.571000000025
11172,44927.56900000002
11173,44023.58400000002
11174,42624.578000000016
11175,43767.56500000002
11176,43335.57100000001
11177,44257.56600000001
11178,43780.57900000003
11179,43968.57900000002
11180,44243.591000000015
11181,45011.592000000026
11182,45746.59200000002
11183,46732.595000000016
11184,48188.597000000016
11185,48071.59000000001
11186,48150.58900000001
11187,47207.60800000001
11188,46308.614000000016
11189,51343.614
11190,52272.613
11191,51573.611000000004
11192,52199.615999999995
11193,52220.61700000001
11194,52228.62400000001
11195,51315.63000000002
11196,51177.63600000001
11197,50770.64600000001
11198,50931.644000000015
11199,52058.64100000002
11200,51422.640000000014
11201,50845.648000000016
11202,43451.65300000001
11203,42149.659
11204,41271.656
11205,41556.66100000001
11206,41313.657999999996
11207,41450.66
11208,41102.664000000004
11209,41883.65900000001
11210,42658.659000000014
11211,43598.662000000004
11212,44722.66300000001
11213,46274.665
11214,47837.668000000005
11215,48218.66300000001
11216,47050.664000000004
11217,46416.668000000005
11218,46139.666000000005
11219,44951.666000000005
11220,46268.666000000005
11221,45907.659
11222,46353.656
11223,45179.656
11224,45258.654
11225,44252.66100000001
11226,44080.656
11227,44408.657
11228,44234.653000000006
11229,44231.656
11230,42378.668000000005
11231,42631.66700000001
11232,41796.66700000001
11233,41734.66300000001
11234,39853.66700000001
11235,39914.66400000001
11236,39608.66500000001
11237,39662.65900000001
11238,39807.67000000001
11239,40390.66000000002
11240,38934.667000000016
11241,40563.669000000016
11242,41244.66600000001
11243,41887.66300000002
11244,43581.66000000002
11245,43814.66400000002
11246,43721.652000000024
11247,43985.659000000014
11248,43306.65500000002
11249,42187.650000000016
11250,43733.64800000001
11251,42872.64800000001
11252,43565.639
11253,43564.63500000002
11254,43385.64900000002
11255,43629.63600000001
11256,43672.64500000002
11257,44267.63200000001
11258,44089.62800000002
11259,44114.642000000014
11260,43506.63900000001
11261,43258.63900000001
11262,42252.64600000001
11263,41552.63200000001
11264,39377.62700000001
11265,39702.62500000001
11266,40061.627000000015
11267,40370.61300000001
11268,40681.60800000001
11269,41551.61400000001
11270,40754.617000000006
11271,41925.612000000016
11272,41877.621000000014
11273,42261.62800000001
11274,44088.625
11275,43746.62000000001
11276,42728.61800000002
11277,42726.610000000015
11278,42374.62300000002
11279,41061.62400000001
11280,41912.61900000002
11281,40618.622
11282,40783.63000000001
11283,41242.63000000001
11284,41862.62600000002
11285,41949.62200000001
11286,42617.61100000002
11287,42431.612000000016
11288,42349.60800000001
11289,41905.617000000006
11290,40687.627000000015
11291,40059.635
11292,39215.634999999995
11293,38201.634000000005
11294,35710.626000000004
11295,35324.635
11296,35271.628000000004
11297,36131.62899999999
11298,35400.62699999999
11299,35174.63000000001
11300,35007.623
11301,36753.62000000001
11302,36964.629
11303,36951.629
11304,37774.629000000015
11305,37471.623000000014
11306,36801.62200000001
11307,35800.61700000001
11308,36052.60600000001
11309,35678.595000000016
11310,35961.589000000014
11311,35013.58000000001
11312,34433.58600000001
11313,34587.583000000006
11314,35212.580000000016
11315,36161.57600000001
11316,36056.57800000001
11317,34867.57600000001
11318,35737.578000000016
11319,36260.574000000015
11320,35500.56400000001
11321,35490.55700000001
11322,35074.56500000001
11323,35388.56900000001
11324,34350.565
11325,34482.56300000001
11326,34334.569
11327,35456.568000000014
11328,34645.56100000001
11329,35299.56100000001
11330,36283.57200000001
11331,37516.56700000001
11332,37411.562
11333,36872.56700000002
11334,37463.56200000002
11335,36026.559000000016
11336,35885.55900000001
11337,34915.559
11338,34711.559
11339,33409.55900000001
11340,33803.55700000001
11341,33188.55200000001
11342,32331.550000000025
11343,31730.543000000023
11344,32149.537000000026
11345,34500.53
11346,34334.528
11347,34298.52700000001
11348,34581.52900000001
11349,35191.517
11350,33919.51200000001
11351,32161.51900000002
11352,32727.518000000022
11353,33672.51600000001
11354,31980.51900000002
11355,30490.51800000002
11356,30705.515000000018
11357,31293.509000000016
11358,30249.51300000002
11359,30233.51000000002
11360,30173.51300000002
11361,31399.50600000002
11362,30430.51400000002
11363,30592.51100000002
11364,31488.518000000022
11365,31099.52000000002
11366,30976.52200000002
11367,30781.52800000002
11368,31344.515000000018
11369,30687.514000000017
11370,31175.50700000002
11371,31385.50400000002
11372,30085.50200000002
11373,28854.50200000002
11374,28792.50100000002
11375,30154.494000000017
11376,30677.490000000016
11377,30015.50000000002
11378,30307.501000000015
11379,30604.503000000015
11380,30177.506000000016
11381,29883.501000000015
11382,30770.503000000015
11383,31797.494000000013
11384,30454.497000000018
11385,29668.490000000016
11386,29664.489000000012
11387,30174.489000000016
11388,29728.49500000001
11389,29389.500000000015
11390,29125.499000000014
11391,28611.500000000015
11392,27873.49600000001
11393,28128.48400000001
11394,30110.474000000013
11395,29144.46800000001
11396,28672.46400000001
11397,29343.46600000001
11398,29357.45800000001
11399,28252.463000000014
11400,28390.45700000001
11401,28137.46400000001
11402,27393.46800000001
11403,26630.465000000015
11404,25501.46700000001
11405,26039.46400000001
11406,25954.46500000001
11407,24422.467000000008
11408,24753.47200000001
11409,25412.47800000001
11410,25592.47100000001
11411,24769.473000000013
11412,25396.47100000001
11413,25859.47100000001
11414,24411.47200000001
11415,24470.47100000001
11416,24560.47100000001
11417,24959.47200000001
11418,24423.468000000008
11419,24559.459000000013
11420,24128.457000000013
11421,24755.46100000001
11422,25202.45300000001
11423,25745.44400000001
11424,27915.449000000008
11425,27070.447000000007
11426,27130.450000000008
11427,27998.449000000004
11428,28356.443000000007
11429,27515.445000000007
11430,27690.442000000006
11431,28137.438000000006
11432,27116.434000000005
11433,26109.427000000007
11434,25011.42100000001
11435,24703.421000000006
11436,24200.422000000006
11437,23033.418000000005
11438,22442.42000000001
11439,23066.427000000007
11440,23641.416000000005
11441,22327.420000000006
11442,23012.421000000006
11443,23107.41700000001
11444,22081.412000000008
11445,22339.408000000007
11446,21895.412000000004
11447,23111.416000000005
11448,22820.417000000005
11449,21829.416000000005
11450,21308.422000000006
11451,21820.412000000004
11452,21510.416000000005
11453,21342.420000000006
11454,23403.417000000005
11455,23498.419
11456,24556.413
11457,24659.407000000003
11458,24679.408000000003
11459,24948.406000000003
11460,25297.411
11461,24931.42
11462,25175.416
11463,23823.413
11464,22990.405000000002
11465,21913.401
11466,21332.396
11467,20113.4
11468,20281.4
11469,20917.395
11470,20830.395
11471,20086.399
11472,19474.39
11473,19908.389
11474,19464.385000000002
11475,19937.376000000004
11476,19491.373000000003
11477,18790.378000000004
11478,18654.381000000005
11479,17025.381000000005
11480,16562.384000000005
11481,17329.383000000005
11482,17260.384000000005
11483,16800.384000000005
11484,17556.379
11485,19255.374
11486,20646.368
11487,20704.368000000002
11488,20877.362
11489,21009.359
11490,21667.351999999995
11491,21360.343999999994
11492,20984.340999999997
11493,20343.341999999997
11494,20083.343999999997
11495,18512.353
11496,17017.357
11497,15638.367000000002
11498,14303.374000000003
11499,13967.372000000003
11500,13937.370000000004
11501,12628.380000000005
11502,12773.382000000005
11503,13041.389000000006
11504,13472.390000000005
11505,13189.393000000005
11506,12874.400000000009
11507,14016.399000000009
11508,14500.40300000001
11509,14798.402000000011
11510,15338.405000000012
11511,15567.421000000015
11512,14361.433000000017
11513,13104.44800000002
11514,12111.46600000002
11515,11954.480000000023
11516,10537.497000000025
11517,7874.52900000002
11518,5809.558000000019
11519,1168.6129999999964
11520,2123.439999999996
11521,4043.4230000000143
11522,4953.41900000002
11523,5838.417000000019
11524,6528.411000000018
11525,7886.406000000017
11526,8636.39700000002
11527,9919.391000000018
11528,10796.386000000017
11529,11666.379000000017
11530,12808.386000000017
11531,11624.386000000015
11532,11754.384000000015
11533,11496.377000000013
11534,12303.36900000001
11535,12058.365000000009
11536,12498.358000000007
11537,11873.357000000005
11538,11308.359000000006
11539,11701.358000000004
11540,10095.355000000001
11541,12113.351000000004
11542,13119.349000000004
11543,14695.337000000005
11544,14905.330000000004
11545,15813.323000000002
11546,16808.321
11547,18038.319000000003
11548,18721.319
11549,19856.305999999997
11550,20216.308999999997
11551,19646.311999999994
11552,18741.318999999996
11553,18214.319
11554,17914.319
11555,17689.318
11556,16907.326
11557,16917.324
11558,17897.324
11559,17152.315
11560,17057.32
11561,17067.316000000003
11562,16532.317
11563,17207.315
11564,19152.311999999998
11565,19412.312
11566,19102.312
11567,17597.314000000002
11568,16252.306
11569,17194.307
11570,16259.294
11571,15569.295000000002
11572,14934.294000000002
11573,15224.292000000001
11574,14049.288000000002
11575,14214.287000000002
11576,14254.277
11577,16129.271
11578,17307.266000000003
11579,15932.273000000001
11580,16310.266000000001
11581,16570.267000000003
11582,17240.268000000004
11583,16755.268000000004
11584,16755.267000000007
11585,16500.266000000003
11586,16477.258000000005
11587,16947.250000000007
11588,16887.248000000003
11589,16657.242000000006
11590,17207.241000000005
11591,17030.238000000005
11592,16475.236000000004
11593,16050.236000000004
11594,16997.233000000007
11595,17377.231000000007
11596,17190.227000000006
11597,16530.224000000006
11598,15740.224000000006
11599,16525.224000000006
11600,15390.212000000005
11601,14420.207000000006
11602,13435.207000000006
11603,13648.206000000006
11604,12893.201000000005
11605,13083.201000000005
11606,13868.199000000004
11607,14058.199000000004
11608,15618.200000000003
11609,15433.198000000002
11610,16801.199000000004
11611,17014.201000000005
11612,17999.201000000005
11613,18569.204000000005
11614,19594.200000000004
11615,19209.199000000004
11616,18034.201000000005
11617,18998.202000000005
11618,18408.207000000002
11619,18173.215000000004
11620,18376.215000000004
11621,18206.215000000004
11622,18619.213000000003
11623,17479.209000000003
11624,17671.209000000003
11625,18231.210000000003
11626,19831.205
11627,19981.204
11628,19401.203
11629,20188.203
11630,18666.202
11631,18489.199
11632,16957.198
11633,17937.197000000004
11634,15792.199
11635,16012.195
11636,16192.198
11637,16787.197
11638,18917.193000000003
11639,18742.189000000002
11640,19524.19
11641,19512.191000000003
11642,19914.19
11643,20502.19
11644,21842.191
11645,21242.194
11646,20477.191
11647,21272.19
11648,20867.193
11649,20799.199
11650,20994.198
11651,20212.2
11652,20172.204
11653,18592.207000000002
11654,18967.206000000006
11655,20139.204
11656,20899.208000000002
11657,20491.209000000003
11658,21041.214000000004
11659,21596.217000000004
11660,21011.217000000004
11661,20811.218000000004
11662,20249.214000000004
11663,20804.216000000004
11664,18624.217000000004
11665,18834.216000000004
11666,20024.217000000004
11667,20814.214000000004
11668,20229.214000000004
11669,20609.216000000004
11670,21024.215000000004
11671,19697.216000000004
11672,20469.213000000003
11673,19867.216000000004
11674,20654.216000000004
11675,20484.211000000003
11676,18539.212000000003
11677,18144.214000000004
11678,17964.212000000003
11679,17774.211000000003
11680,17584.212000000003
11681,17784.210000000003
11682,17587.210000000003
11683,16984.212000000003
11684,17397.210000000003
11685,17982.210000000003
11686,19349.210000000003
11687,20309.211000000003
11688,21517.205
11689,21917.205
11690,21299.208000000002
11691,21094.210000000003
11692,20671.212000000003
11693,21849.212000000003
11694,20117.211000000003
11695,20302.213000000003
11696,20864.217000000004
11697,20497.215000000004
11698,19692.217000000004
11699,20284.215000000004
11700,20464.216000000004
11701,21264.213000000003
11702,21859.210000000003
11703,22236.209000000003
11704,29131.202
11705,28589.2
11706,27267.199000000004
11707,27477.198
11708,27252.202
11709,26872.201000000005
11710,26652.203000000005
11711,25482.203000000005
11712,25302.2
11713,24112.204
11714,22952.203000000005
11715,23704.204000000005
11716,24634.209000000003
11717,25551.214000000004
11718,20456.212000000003
11719,21651.208000000006
11720,21049.206000000006
11721,22209.205000000005
11722,21654.202000000005
11723,22034.201000000005
11724,21054.202000000005
11725,21427.201
11726,21627.198
11727,20842.2
11728,20854.195000000003
11729,20864.193000000003
11730,21094.192000000003
11731,20679.195000000003
11732,21684.192000000003
11733,22652.194000000003
11734,23637.194000000003
11735,23227.198000000004
11736,21662.199000000004
11737,22077.199000000004
11738,22072.198000000004
11739,22094.199000000004
11740,21849.203000000005
11741,20861.202000000005
11742,19916.198000000004
11743,19173.196000000004
11744,18626.191000000003
11745,19978.195000000007
11746,21510.196000000007
11747,22100.194000000007
11748,21140.188000000006
11749,22320.184000000005
11750,21520.183000000005
11751,22298.185000000005
11752,22306.184000000005
11753,21511.184000000005
11754,20381.180000000004
11755,20168.181000000004
11756,20186.177
11757,20181.176000000003
11758,20956.177000000003
11759,21711.182
11760,21721.183
11761,21326.188000000002
11762,20566.186
11763,21768.183
11764,22399.179000000004
11765,22229.178000000004
11766,21070.177000000003
11767,21688.173000000003
11768,22298.175000000007
11769,22907.171000000002
11770,22910.169000000005
11771,21747.168000000005
11772,21735.171000000006
11773,21520.172000000002
11774,21735.168
11775,23095.168
11776,24655.170000000002
11777,24665.175000000003
11778,23680.179
11779,24440.18
11780,23465.178
11781,24829.179
11782,23666.181
11783,23858.182
11784,22094.182
11785,21899.18
11786,21944.179
11787,22146.176000000003
11788,23508.178000000004
11789,24108.178
11790,23280.182
11791,23653.184
11792,23485.182000000004
11793,25239.180000000004
11794,24983.186
11795,25553.189000000002
11796,23805.186
11797,24375.185
11798,24782.183000000005
11799,25033.183000000005
11800,25413.183000000005
11801,25821.181000000004
11802,25271.179000000004
11803,23739.181000000004
11804,23729.184000000005
11805,24717.183000000005
11806,25552.181000000004
11807,26163.180000000004
11808,24823.178000000004
11809,25591.180000000004
11810,24052.178000000004
11811,25639.177000000003
11812,25054.181000000004
11813,25651.188000000002
11814,23696.193000000003
11815,24237.202000000005
11816,24865.199000000004
11817,25803.201000000005
11818,27489.195000000003
11819,28295.196000000004
11820,27965.197000000004
11821,28394.197
11822,27415.203
11823,28790.203
11824,29808.203
11825,30236.199
11826,28650.201
11827,28989.203
11828,29340.202
11829,30151.195000000003
11830,30301.198
11831,29725.203
11832,29471.197000000004
11833,27638.202
11834,27243.199
11835,27386.195000000003
11836,27564.2
11837,27039.201
11838,26082.204
11839,26393.207000000002
11840,24646.210000000003
11841,25248.208000000002
11842,24826.213000000003
11843,25595.213000000003
11844,23637.213000000003
11845,24220.213000000003
11846,24259.214000000004
11847,24927.210000000003
11848,25914.210000000003
11849,26812.206000000002
11850,26628.205000000005
11851,26642.207000000002
11852,26884.206000000002
11853,27659.208000000002
11854,28882.209000000003
11855,28904.210000000003
11856,28361.207000000002
11857,27690.219000000005
11858,28111.219000000005
11859,28972.211000000003
11860,29186.213000000003
11861,28355.217000000004
11862,27791.221
11863,26078.223
11864,25166.22
11865,26125.219
11866,26784.214
11867,26865.208000000002
11868,31560.212
11869,31976.211
11870,31286.215
11871,31969.211
11872,31796.211
11873,32988.216
11874,31296.215
11875,30902.219
11876,31528.216
11877,31768.213
11878,32085.217
11879,33121.215
11880,32728.215
11881,33364.213
11882,32669.220000000005
11883,32915.221000000005
11884,34115.219000000005
11885,35214.217000000004
11886,34702.21400000001
11887,34614.209
11888,34610.213
11889,34796.217000000004
11890,35830.21800000001
11891,33786.227000000006
11892,34247.22200000001
11893,32490.225000000006
11894,31269.231000000003
11895,26105.243000000006
11896,26672.247000000007
11897,26885.252000000008
11898,25960.249000000007
11899,27013.249000000007
11900,25281.255000000005
11901,26415.256000000005
11902,26263.256000000005
11903,27033.263000000006
11904,24755.258000000005
11905,25038.253000000004
11906,25611.255000000005
11907,25660.249000000003
11908,26781.256000000005
11909,27644.256000000005
11910,26930.250000000004
11911,27450.256000000005
11912,27167.249000000003
11913,27948.255000000005
11914,29319.259000000002
11915,29838.260000000002
11916,28925.253000000004
11917,29680.250000000004
11918,30754.255000000005
11919,31188.249000000003
11920,36872.252
11921,35426.261000000006
11922,36103.258
11923,34314.26
11924,33938.258
11925,34711.258
11926,35225.267
11927,35731.270000000004
11928,34981.264
11929,35600.265
11930,35068.268000000004
11931,35537.279
11932,34625.278000000006
11933,35410.276000000005
11934,33112.278000000006
11935,33696.277
11936,34242.273
11937,34412.271
11938,34589.273
11939,35402.273
11940,34911.265
11941,34480.269
11942,34586.277
11943,34793.278
11944,35944.280000000006
11945,35798.276000000005
11946,35813.273
11947,36012.270000000004
11948,36247.265
11949,36981.263
11950,38485.256
11951,37435.263000000006
11952,38225.261
11953,37148.253000000004
11954,36787.245
11955,30955.244000000006
11956,30956.245000000006
11957,30497.248000000007
11958,30341.247000000003
11959,30667.245000000003
11960,29715.241
11961,29521.228000000003
11962,29322.224000000006
11963,30090.221
11964,27896.22
11965,28031.223000000005
11966,28515.227000000006
11967,28297.228000000006
11968,28630.224000000006
11969,29362.218000000004
11970,29738.209000000006
11971,28808.212000000007
11972,29223.210000000006
11973,29004.204000000005
11974,30568.192000000003
11975,31188.187000000005
11976,30841.185000000005
11977,30334.191000000006
11978,30550.181000000004
11979,29997.176000000003
11980,30802.167000000005
11981,35629.163
11982,36019.16500000001
11983,36255.16100000001
11984,36546.155
11985,36457.16100000001
11986,36194.159
11987,36690.155
11988,35759.149000000005
11989,36010.144
11990,34816.143000000004
11991,36118.14
11992,35758.13500000001
11993,36682.13500000001
11994,35307.138000000006
11995,35402.14200000001
11996,35570.14000000001
11997,34539.14700000001
11998,34651.14700000001
11999,36039.14700000001
12000,35745.14300000001
12001,35601.14000000001
12002,36198.13500000001
12003,36414.13100000001
12004,37956.128000000004
12005,37766.121
12006,38012.118
12007,37471.11200000001
12008,37490.113000000005
12009,36520.11200000001
12010,38431.111000000004
12011,37555.10800000001
12012,33927.106
12013,32847.108
12014,32970.11
12015,33541.107
12016,33364.105
12017,34515.104
12018,33371.102
12019,32613.099000000006
12020,31475.098000000005
12021,31919.101000000002
12022,30824.109000000004
12023,31225.108000000004
12024,28509.113000000005
12025,27719.114000000005
12026,27898.114000000005
12027,27294.115000000005
12028,29020.114000000005
12029,29885.111000000004
12030,29712.114000000005
12031,29712.114000000005
12032,29533.111000000004
12033,29691.111000000004
12034,30905.108000000007
12035,29827.11500000001
12036,32937.11200000001
12037,32564.109000000008
12038,32429.107000000007
12039,32290.102000000006
12040,33330.097
12041,32915.096000000005
12042,33202.092000000004
12043,34005.089
12044,35586.085999999996
12045,36586.08399999999
12046,36500.08699999999
12047,37055.085
12048,36305.079
12049,37480.074
12050,36670.074
12051,36423.078
12052,36248.075
12053,35888.07199999999
12054,33610.06800000001
12055,33060.066000000006
12056,32875.065
12057,32624.066000000003
12058,39425.067
12059,39793.06300000001
12060,40033.058000000005
12061,41608.05600000001
12062,42033.05100000001
12063,42423.053
12064,43358.05600000001
12065,42373.058000000005
12066,42423.058000000005
12067,42203.058000000005
12068,41313.058000000005
12069,40303.061
12070,41303.061
12071,40913.061
12072,41103.062000000005
12073,40908.062000000005
12074,42273.062999999995
12075,43053.062999999995
12076,43473.062000000005
12077,43063.066000000006
12078,42728.066000000006
12079,43605.061
12080,42710.05900000001
12081,42770.058000000005
12082,42120.061
12083,42385.058000000005
12084,40700.05399999999
12085,40920.05499999999
12086,41145.054000000004
12087,41570.05399999999
12088,42750.05499999999
12089,43395.053
12090,42575.056
12091,36650.059
12092,36255.06
12093,36935.057
12094,35415.05699999999
12095,34050.05700000001
12096,34195.057
12097,33660.057
12098,33245.05700000001
12099,32205.061000000005
12100,33375.063
12101,33155.064000000006
12102,34200.060000000005
12103,33945.062000000005
12104,34955.061
12105,35475.064
12106,36450.065
12107,36675.064
12108,36275.066000000006
12109,36105.066000000006
12110,38260.061
12111,36910.059
12112,36550.058000000005
12113,36790.054000000004
12114,35240.053
12115,35630.053
12116,35835.051
12117,35050.053
12118,35610.053
12119,36630.054000000004
12120,36910.053
12121,36125.054
12122,35535.056000000004
12123,36090.05699999999
12124,37395.06
12125,36250.06
12126,36705.05900000001
12127,36500.061
12128,35970.060000000005
12129,35480.056000000004
12130,35895.056000000004
12131,35330.057
12132,36345.054
12133,35180.053
12134,35560.054000000004
12135,35350.057
12136,35525.056000000004
12137,36065.056000000004
12138,36320.05500000001
12139,35835.05900000001
12140,35575.062000000005
12141,35440.060000000005
12142,35260.06100000001
12143,35500.05700000001
12144,33325.058000000005
12145,33120.060000000005
12146,33050.06500000001
12147,32590.06900000001
12148,32975.07000000001
12149,33705.07200000001
12150,33910.07000000001
12151,32040.068000000007
12152,31445.06600000001
12153,32305.06500000001
12154,33865.06500000001
12155,33080.066000000006
12156,33520.06500000001
12157,33550.064000000006
12158,33730.06700000001
12159,33375.066000000006
12160,33960.06700000001
12161,33790.06700000001
12162,34340.07000000001
12163,33795.06800000001
12164,34680.071
12165,35495.07
12166,35045.073000000004
12167,34935.072
12168,33560.07400000001
12169,33170.075000000004
12170,33070.071
12171,32290.072000000007
12172,31910.073000000008
12173,32340.071000000007
12174,30620.074000000008
12175,30720.068000000007
12176,30850.071000000007
12177,30780.06600000001
12178,34425.065
12179,34845.064000000006
12180,34085.06700000001
12181,34405.071
12182,34985.067
12183,34850.06500000001
12184,35745.062000000005
12185,35300.064000000006
12186,35720.064000000006
12187,36930.061
12188,36570.061
12189,36000.063
12190,36975.064000000006
12191,36065.063
12192,36795.063
12193,36075.061
12194,36625.063
12195,37640.060000000005
12196,37610.06100000001
12197,37415.06100000001
12198,37355.064000000006
12199,37855.066
12200,37900.058000000005
12201,37955.05700000001
12202,37005.059
12203,37950.062000000005
12204,35540.066000000006
12205,35000.064000000006
12206,35225.063
12207,34820.06100000001
12208,35270.064000000006
12209,35510.060000000005
12210,35245.055
12211,35915.059
12212,35990.060000000005
12213,35760.062000000005
12214,36955.062000000005
12215,36155.06800000001
12216,36160.069
12217,37320.071
12218,36870.074
12219,36745.07
12220,37980.067
12221,36135.065
12222,36170.063
12223,35220.063
12224,36365.065
12225,36695.068
12226,37130.069
12227,36770.069
12228,36840.065
12229,37345.062999999995
12230,37350.062
12231,37885.063
12232,37505.061
12233,38650.062
12234,36920.063
12235,36275.065
12236,35885.065
12237,35590.061
12238,35835.061
12239,35450.06
12240,34460.063
12241,35980.063
12242,36420.064000000006
12243,36425.063
12244,37620.063
12245,37310.066
12246,38165.062
12247,38975.06199999999
12248,38620.064
12249,38175.066
12250,39245.06100000001
12251,37890.059
12252,37650.06300000001
12253,37295.062000000005
12254,37540.062000000005
12255,38350.062000000005
12256,38295.06300000001
12257,37570.062000000005
12258,37435.061
12259,38020.062000000005
12260,38060.06
12261,37610.062000000005
12262,36495.061
12263,37080.062000000005
12264,35685.06300000001
12265,35655.064000000006
12266,34515.064000000006
12267,35100.064000000006
12268,35225.07000000001
12269,35665.067
12270,35465.06800000001
12271,37285.066
12272,37740.064
12273,36985.066
12274,38520.066
12275,37265.06300000001
12276,39040.06400000001
12277,39410.06300000001
12278,38585.066000000006
12279,37910.069
12280,38235.07199999999
12281,37085.073
12282,37095.071
12283,36535.071
12284,36310.072
12285,37150.06900000001
12286,36925.07000000001
12287,37160.067
12288,37390.06500000001
12289,37360.066000000006
12290,37400.063
12291,36195.06500000001
12292,37100.059
12293,37875.060000000005
12294,37150.058000000005
12295,37705.059
12296,37060.052
12297,36465.054000000004
12298,37495.052
12299,37655.053
12300,37820.054000000004
12301,38925.057
12302,38425.055
12303,37895.054000000004
12304,39695.049000000006
12305,38275.05
12306,39445.04999999999
12307,39215.051999999996
12308,37860.05
12309,37030.055
12310,37615.055
12311,36890.059
12312,36875.057
12313,35350.061
12314,35625.05900000001
12315,36230.060000000005
12316,36235.059
12317,36360.063
12318,36730.067
12319,36730.068
12320,36445.071
12321,35370.069
12322,36395.071
12323,37786.06900000001
12324,35951.071
12325,36346.07000000001
12326,36396.066000000006
12327,36591.06700000001
12328,37336.066000000006
12329,37260.06800000001
12330,36800.074
12331,38580.07600000001
12332,37605.07600000001
12333,37285.073000000004
12334,38555.077000000005
12335,37985.074
12336,38715.074
12337,37900.07600000001
12338,37722.073000000004
12339,37382.072
12340,37862.069
12341,37277.069
12342,37482.066999999995
12343,36702.068
12344,36697.07
12345,36552.07199999999
12346,36712.074
12347,37667.073
12348,37427.077
12349,37022.082
12350,37492.085
12351,35886.089
12352,36566.086
12353,37561.090000000004
12354,36366.090000000004
12355,36421.09
12356,35696.090000000004
12357,36116.089
12358,36591.092
12359,36701.094999999994
12360,37216.09
12361,38432.09099999999
12362,38407.094
12363,38392.092
12364,39636.088999999985
12365,38823.092
12366,39576.09399999999
12367,38451.096000000005
12368,37868.096
12369,37667.095
12370,37890.095
12371,37381.093
12372,37186.093
12373,36608.094999999994
12374,37133.098000000005
12375,37283.102000000006
12376,37058.105
12377,38043.104
12378,37771.109000000004
12379,38508.108
12380,37688.111
12381,36583.109000000004
12382,36674.106999999996
12383,37294.105
12384,36127.106
12385,36307.109000000004
12386,36138.106999999996
12387,35984.109000000004
12388,36561.10700000001
12389,36805.104
12390,37379.104
12391,38333.105
12392,38379.104
12393,38795.10300000001
12394,38935.108
12395,37647.105
12396,38689.10300000001
12397,37618.10400000001
12398,43533.10700000002
12399,42568.107
12400,44901.11
12401,44592.11
12402,44622.114
12403,44081.115000000005
12404,44391.113
12405,45626.118
12406,42626.12199999999
12407,42600.128
12408,42208.133
12409,43671.13399999999
12410,43774.13799999999
12411,42685.14599999999
12412,42698.14599999999
12413,42731.143
12414,43625.143
12415,44605.14199999999
12416,39105.145
12417,39426.147999999994
12418,39582.151
12419,39800.153000000006
12420,39545.157999999996
12421,40496.161
12422,40942.168
12423,41052.166999999994
12424,42365.173
12425,41285.174999999996
12426,42019.17799999999
12427,41304.176999999996
12428,41057.18199999999
12429,38701.185
12430,39142.18
12431,39199.182
12432,38956.184
12433,39005.183000000005
12434,39572.183000000005
12435,39993.186
12436,39272.195
12437,39890.193
12438,39396.19400000001
12439,40164.196
12440,40654.195
12441,40219.193
12442,38437.201
12443,39197.203
12444,37722.204
12445,39006.202999999994
12446,40156.202999999994
12447,39866.21
12448,40590.215
12449,40741.212
12450,40391.215
12451,40163.215
12452,40411.21799999999
12453,37560.225999999995
12454,39475.23199999999
12455,38016.23599999999
12456,38578.23199999999
12457,37967.23599999999
12458,40268.237
12459,39283.235
12460,39442.236
12461,39697.237
12462,40260.235
12463,39198.24600000001
12464,39087.24600000001
12465,40181.241
12466,38740.242000000006
12467,38495.249
12468,39053.247
12469,39565.242000000006
12470,39562.248
12471,38801.247
12472,37325.25200000001
12473,37878.258
12474,36105.261000000006
12475,37209.257000000005
12476,38163.261000000006
12477,38122.26400000001
12478,38538.272000000004
12479,37370.275
12480,37330.284999999996
12481,38012.284999999996
12482,39210.284999999996
12483,39529.28199999999
12484,41744.282999999996
12485,39726.284999999996
12486,40109.284
12487,40393.284999999996
12488,39891.280999999995
12489,38558.288
12490,38305.288
12491,38676.286
12492,38980.289000000004
12493,41106.288000000015
12494,40809.29000000001
12495,42059.29000000001
12496,40931.29200000001
12497,41234.29800000001
12498,43693.303
12499,43675.298
12500,43651.3
12501,42688.304
12502,41665.299999999996
12503,41844.30100000001
12504,40286.306
12505,40399.308000000005
12506,42568.302
12507,41625.311
12508,42509.311
12509,43749.31800000001
12510,43632.321
12511,43282.32400000001
12512,44080.326
12513,43533.333000000006
12514,44921.33700000001
12515,43567.335999999996
12516,42908.344
12517,43226.347
12518,41848.351
12519,41527.348000000005
12520,42336.344000000005
12521,42416.34500000001
12522,42918.35300000001
12523,42472.35600000001
12524,42355.358000000015
12525,43204.35900000002
12526,42315.36000000002
12527,42825.36100000002
12528,43636.36000000001
12529,43656.358000000015
12530,43474.36500000002
12531,43168.362000000016
12532,42052.358000000015
12533,41676.36900000001
12534,40983.36800000001
12535,41636.371000000014
12536,43625.36600000001
12537,44136.369000000006
12538,44335.374
12539,45857.37200000001
12540,45136.374
12541,44736.37900000001
12542,45670.379
12543,44678.39200000001
12544,46067.39000000001
12545,45168.39300000001
12546,45669.389
12547,45198.39400000001
12548,44827.39800000001
12549,43220.405000000006
12550,44332.408
12551,44544.41
12552,45252.41800000001
12553,45511.42500000001
12554,44547.426
12555,44785.433000000005
12556,43929.437000000005
12557,43654.44
12558,43587.448000000004
12559,42755.452
12560,43360.446
12561,43489.44500000001
12562,42174.45000000001
12563,42186.453000000016
12564,42087.45600000001
12565,43005.45000000001
12566,44596.446
12567,45664.45000000001
12568,46494.44800000001
12569,48078.445000000014
12570,46900.44600000001
12571,47064.450000000004
12572,47921.45000000002
12573,47546.453000000016
12574,48787.45400000002
12575,48636.45700000001
12576,48453.460000000014
12577,48160.469000000005
12578,48295.46500000001
12579,47445.46700000001
12580,47922.47400000001
12581,47678.47600000001
12582,48848.47800000001
12583,48904.48000000001
12584,47566.48800000001
12585,47770.48500000001
12586,47444.48200000001
12587,47556.48200000002
12588,46851.483000000015
12589,46537.48600000001
12590,45967.49200000001
12591,45684.49600000001
12592,44156.50000000001
12593,43400.506000000016
12594,44319.513000000006
12595,43430.51900000002
12596,45561.514000000025
12597,45788.51900000002
12598,45871.51700000002
12599,46630.52300000002
12600,43590.52000000002
12601,44004.52300000002
12602,44318.53100000002
12603,44943.52100000002
12604,44977.523000000016
12605,45089.52900000002
12606,44657.53300000001
12607,45678.53700000001
12608,46463.55200000001
12609,46289.552
12610,48098.561000000016
12611,48309.56500000001
12612,48749.57700000001
12613,48627.58700000002
12614,47956.59500000002
12615,47787.59400000002
12616,47202.597000000016
12617,47012.59500000002
12618,46650.60200000001
12619,45404.60700000001
12620,44991.61000000001
12621,43557.618
12622,42347.62600000002
12623,41622.623000000014
12624,42006.61800000002
12625,42170.61700000002
12626,43853.61800000002
12627,44595.60900000002
12628,44859.61100000002
12629,45400.61500000002
12630,43558.614000000016
12631,44890.61400000002
12632,45460.61600000003
12633,44813.62300000002
12634,45045.62700000002
12635,45120.62400000002
12636,45098.62000000001
12637,44994.636000000006
12638,45173.64400000001
12639,45484.648000000016
12640,47174.631
12641,47445.627000000015
12642,48642.61900000001
12643,48598.62400000001
12644,48787.621000000014
12645,48913.62200000002
12646,47570.61700000001
12647,47674.612000000016
12648,47472.61300000002
12649,46561.62000000002
12650,43785.62300000001
12651,41638.634000000005
12652,41163.63600000001
12653,41042.63900000002
12654,40664.63700000001
12655,41082.63100000001
12656,42314.63000000001
12657,42902.62800000001
12658,42178.637
12659,43160.632000000005
12660,42051.62400000001
12661,42959.623000000014
12662,42600.62100000001
12663,42740.61000000001
12664,42976.615
12665,42696.614
12666,43190.61400000001
12667,42687.62
12668,42640.613
12669,41741.61499999999
12670,43154.607999999986
12671,43607.60899999999
12672,44655.613
12673,44861.605
12674,44999.61
12675,45209.613000000005
12676,44161.617000000006
12677,43959.612000000016
12678,44911.60900000001
12679,44559.61300000001
12680,43439.61300000001
12681,41971.61300000001
12682,41436.61600000001
12683,41480.61400000001
12684,40384.61500000001
12685,40452.60500000001
12686,41473.59900000001
12687,41148.60100000001
12688,41054.605
12689,42540.60600000001
12690,40728.613000000005
12691,41397.61000000001
12692,41040.612000000016
12693,41415.62400000001
12694,42283.624
12695,42006.632999999994
12696,41967.638
12697,41240.64200000001
12698,40735.638000000006
12699,40025.632000000005
12700,41551.63000000001
12701,41933.63300000001
12702,43286.625000000015
12703,42700.617
12704,42877.612000000016
12705,42326.60900000002
12706,41719.612000000016
12707,41708.617000000006
12708,42564.61500000001
12709,42058.61300000001
12710,42313.60700000002
12711,40154.60800000002
12712,40712.60400000002
12713,39697.610000000015
12714,39694.60800000001
12715,40203.599000000024
12716,39903.61700000003
12717,39606.61900000003
12718,39878.622000000025
12719,39860.61800000001
12720,38953.62500000002
12721,39640.62300000002
12722,40263.62100000002
12723,40375.624000000025
12724,40423.62600000002
12725,40762.620000000024
12726,40709.62800000002
12727,41318.61900000001
12728,41111.597000000016
12729,40789.60800000001
12730,41751.605000000025
12731,42336.606000000014
12732,42384.60300000001
12733,41519.61400000001
12734,41089.61000000001
12735,39621.61600000001
12736,38749.613000000005
12737,38285.610000000015
12738,38877.60100000001
12739,38629.60300000001
12740,38587.59900000001
12741,37115.596000000005
12742,35569.604000000014
12743,35619.60800000001
12744,34529.61200000001
12745,35113.60500000001
12746,35845.59300000001
12747,35710.593000000015
12748,36189.59200000001
12749,36037.597
12750,34914.607
12751,35791.60700000001
12752,35953.599
12753,35985.59900000002
12754,36796.589000000014
12755,36073.58300000001
12756,36050.58300000001
12757,36662.57700000001
12758,35567.584
12759,34631.590000000004
12760,35781.58600000001
12761,35731.58800000001
12762,36809.57700000001
12763,35978.576000000015
12764,35290.576000000015
12765,34929.57300000002
12766,34693.57900000001
12767,34371.58400000001
12768,34838.57600000001
12769,34167.57100000001
12770,33788.56300000001
12771,33760.55300000001
12772,33366.55100000001
12773,34109.557000000015
12774,33951.54700000002
12775,34046.54900000001
12776,34487.54700000001
12777,34981.53800000001
12778,35206.54600000001
12779,34930.53700000001
12780,34154.53700000002
12781,33679.52900000002
12782,33002.53000000003
12783,32004.535000000025
12784,32648.533000000025
12785,32328.528000000024
12786,32269.526000000023
12787,31574.528000000024
12788,30783.520000000022
12789,29582.52800000002
12790,30872.518000000022
12791,30996.51900000002
12792,31514.52200000002
12793,32002.51300000002
12794,31586.508000000023
12795,30668.500000000022
12796,31039.50100000002
12797,31604.491000000016
12798,32156.48400000002
12799,32738.483000000022
12800,32156.49000000002
12801,32859.48400000002
12802,33223.479000000014
12803,33872.49100000001
12804,34302.49300000001
12805,34054.49400000001
12806,33398.504000000015
12807,33328.498000000014
12808,33005.496000000014
12809,32133.50100000002
12810,32099.50800000002
12811,31571.502000000022
12812,31025.501000000022
12813,29780.500000000022
12814,29512.501000000026
12815,29743.503000000022
12816,29329.501000000022
12817,29099.501000000026
12818,28225.505000000026
12819,27776.497000000025
12820,27554.505000000026
12821,27159.515000000025
12822,27315.51600000002
12823,27989.509000000024
12824,27104.518000000025
12825,26680.519000000026
12826,27283.51400000002
12827,27287.51000000002
12828,28149.49900000002
12829,28833.500000000022
12830,28419.499000000018
12831,27649.49900000002
12832,27209.498000000025
12833,28478.49800000002
12834,29610.50600000002
12835,29398.498000000018
12836,29333.48400000002
12837,29449.488000000016
12838,29293.48700000002
12839,29712.488000000016
12840,30467.485000000015
12841,29372.484000000015
12842,29689.479000000018
12843,27680.46700000002
12844,26776.458000000017
12845,27033.461000000018
12846,26627.46500000002
12847,26384.462000000018
12848,26261.45400000002
12849,25065.450000000015
12850,24520.438000000016
12851,24975.43100000002
12852,25235.43000000002
12853,25734.43400000002
12854,24675.435000000016
12855,24350.446000000018
12856,24384.437000000016
12857,23733.43300000001
12858,23459.43000000001
12859,23511.430000000015
12860,23319.43200000001
12861,23487.42900000001
12862,23238.43100000001
12863,23854.42500000001
12864,25191.41700000001
12865,25031.41900000001
12866,25328.42200000001
12867,26485.41100000001
12868,26577.415000000015
12869,27463.41200000001
12870,27228.40800000001
12871,26997.406000000014
12872,27252.40800000001
12873,25539.40900000001
12874,25496.405000000006
12875,24726.40500000001
12876,23829.40200000001
12877,22780.40000000001
12878,22413.40300000001
12879,21972.400000000012
12880,22558.40100000001
12881,22462.40400000001
12882,22019.405000000006
12883,22987.411000000004
12884,21354.410000000007
12885,22095.416
12886,22303.410000000003
12887,22390.413000000004
12888,22588.421000000002
12889,20902.421000000002
12890,20583.409000000003
12891,20912.411000000004
12892,19939.416000000005
12893,21123.414
12894,21586.419
12895,20349.417
12896,19950.418
12897,20795.408000000003
12898,20647.411000000004
12899,22389.410000000003
12900,22598.408000000003
12901,22312.409000000003
12902,22092.409000000003
12903,20390.411000000004
12904,20997.409000000003
12905,20833.401000000005
12906,20494.401000000005
12907,20141.403000000006
12908,19489.4
12909,18777.397
12910,19894.397000000004
12911,19695.399000000005
12912,19294.394
12913,20114.39
12914,18527.388000000003
12915,18871.392000000003
12916,18549.401000000005
12917,18043.404000000002
12918,18812.399000000005
12919,18042.393
12920,17296.395
12921,18284.386000000002
12922,17928.387
12923,17865.382999999998
12924,19301.376
12925,18739.364999999998
12926,17775.358
12927,18919.346999999998
12928,20076.341999999997
12929,20732.338999999996
12930,20858.335999999996
12931,20106.336999999996
12932,20944.341999999997
12933,19610.349
12934,19259.347999999998
12935,18661.347999999998
12936,18115.345999999998
12937,16798.339999999997
12938,15691.347
12939,15055.347
12940,14991.350000000004
12941,14726.357000000005
12942,14096.361000000006
12943,15016.360000000006
12944,13757.364000000007
12945,14351.373000000007
12946,14476.37700000001
12947,14427.37900000001
12948,13931.39100000001
12949,13913.406000000012
12950,14177.414000000013
12951,14152.428000000016
12952,13180.438000000015
12953,11117.459000000015
12954,10799.471000000018
12955,9468.493000000017
12956,7007.512000000017
12957,5933.536000000019
12958,3776.569000000008
12959,1539.607999999998
12960,2000.4269999999976
12961,2904.4190000000012
12962,4817.40600000002
12963,6699.3950000000195
12964,7942.39300000002
12965,9227.384000000018
12966,10075.38500000002
12967,10319.38900000002
12968,10787.38800000002
12969,11707.38200000002
12970,15967.384000000018
12971,15868.382000000018
12972,15128.383000000016
12973,13921.374000000014
12974,13926.369000000012
12975,13113.36300000001
12976,12853.361000000012
12977,13123.35800000001
12978,14323.35100000001
12979,14978.344000000008
12980,13211.349000000007
12981,14563.354000000007
12982,15503.343000000004
12983,16213.327000000001
12984,16533.323
12985,18435.313
12986,19452.314000000002
12987,19746.308
12988,19641.31
12989,19365.302
12990,17515.306
12991,17065.305999999997
12992,16460.313
12993,17962.318
12994,18707.319
12995,18770.318
12996,18275.318
12997,18720.319
12998,18120.321
12999,19137.324
13000,20335.32
13001,20625.310999999998
13002,20365.309999999998
13003,20309.309
13004,20580.304
13005,19072.298
13006,19080.289999999997
13007,19210.29
13008,20540.286
13009,19790.282
13010,19538.281
13011,19848.286
13012,19103.288
13013,18718.282
13014,18358.276
13015,19278.276
13016,19648.274
13017,19458.273
13018,18525.278000000002
13019,17786.273000000005
13020,17056.264000000003
13021,16653.261000000002
13022,16258.258000000003
13023,15563.259000000004
13024,15998.252000000002
13025,16328.251000000004
13026,15123.248000000003
13027,15041.241000000004
13028,15776.237000000003
13029,16229.233000000002
13030,17611.223
13031,17141.221
13032,16786.214000000004
13033,16538.220000000005
13034,17293.219000000005
13035,16934.216000000004
13036,17689.209000000003
13037,18874.205
13038,18974.205000000005
13039,19201.194000000003
13040,18794.191000000003
13041,19199.188000000002
13042,19184.190000000002
13043,19564.195000000003
13044,19199.192000000003
13045,19799.191000000003
13046,20341.196000000004
13047,19781.196000000004
13048,19176.197000000004
13049,17986.200000000004
13050,17796.202
13051,18021.198000000004
13052,17059.198000000004
13053,16459.201000000005
13054,16476.199
13055,16686.198000000004
13056,14544.200000000004
13057,14944.199000000004
13058,14949.200000000004
13059,15149.202000000005
13060,15739.202000000005
13061,15934.203000000005
13062,17281.207000000002
13063,17081.208000000002
13064,18828.210000000003
13065,18258.208000000002
13066,19805.209000000003
13067,20770.208000000002
13068,20821.201
13069,21054.198
13070,20454.199
13071,20609.203
13072,20214.207000000002
13073,19424.209000000003
13074,19036.208000000002
13075,19611.209000000003
13076,19416.209000000003
13077,18416.213000000003
13078,19203.212000000003
13079,18218.214000000004
13080,18403.216000000004
13081,18066.213000000003
13082,17116.213000000003
13083,17714.212000000007
13084,17747.208000000006
13085,17152.210000000003
13086,16005.205000000004
13087,16180.206000000004
13088,15747.208000000004
13089,15924.210000000005
13090,17302.209000000003
13091,17494.209000000003
13092,18684.207000000002
13093,18154.201000000005
13094,19929.199
13095,19174.199000000004
13096,19997.193
13097,20367.195
13098,20592.196000000004
13099,20579.196000000004
13100,19637.191000000003
13101,19397.194000000003
13102,19214.189000000002
13103,18649.187
13104,17448.189000000002
13105,18398.193000000003
13106,18838.191000000003
13107,19413.189000000002
13108,20213.188000000002
13109,20213.188000000002
13110,20983.189000000002
13111,21363.191000000003
13112,20388.192000000003
13113,21619.185
13114,21826.183
13115,20461.183
13116,19086.185
13117,19055.189000000002
13118,18298.187
13119,18501.185
13120,20259.185
13121,20082.185
13122,20672.186
13123,19502.187
13124,20247.189000000002
13125,19452.192000000003
13126,19224.195000000003
13127,20407.192000000003
13128,21162.195000000003
13129,20357.199
13130,19174.199
13131,19539.2
13132,19162.199
13133,18752.2
13134,19127.203
13135,19897.202
13136,19897.2
13137,19112.201
13138,19264.205
13139,19814.207000000002
13140,20802.207000000002
13141,21192.207000000002
13142,20417.206000000002
13143,21657.2
13144,21619.203
13145,20639.203
13146,19654.203
13147,20207.201
13148,19402.204
13149,18822.203
13150,19769.206000000002
13151,20359.205
13152,21534.203
13153,20554.205
13154,20886.208000000002
13155,20318.208000000002
13156,20498.210000000003
13157,22258.207000000002
13158,22861.204
13159,22083.203
13160,19908.208000000002
13161,20085.208000000002
13162,19235.213000000003
13163,19435.210000000003
13164,19076.200000000004
13165,19054.20200000001
13166,18884.199000000008
13167,19096.195000000003
13168,20074.196000000004
13169,20244.196000000004
13170,21839.192000000003
13171,22034.191000000003
13172,20849.192000000003
13173,21014.193000000003
13174,22389.191000000003
13175,22002.191000000003
13176,22179.189000000002
13177,21192.188000000002
13178,19789.190000000006
13179,19391.193000000007
13180,20163.193000000007
13181,20956.192000000006
13182,22521.189000000006
13183,20946.192000000006
13184,21536.190000000006
13185,20573.190000000006
13186,20963.189000000006
13187,22736.184000000005
13188,22956.180000000004
13189,22746.183000000005
13190,21356.184000000005
13191,21596.179000000004
13192,21404.179000000004
13193,22381.179000000004
13194,21396.181000000004
13195,22181.179000000004
13196,20431.182000000004
13197,20041.183000000005
13198,21188.189000000006
13199,21598.187000000005
13200,22406.187000000005
13201,22824.186
13202,22049.187
13203,22029.191000000006
13204,22609.190000000002
13205,21834.192000000006
13206,22059.192000000006
13207,20696.193000000007
13208,19526.195000000003
13209,19339.193000000003
13210,19913.193000000007
13211,20503.193000000007
13212,19917.195000000007
13213,19547.191000000006
13214,20319.190000000006
13215,19944.189000000006
13216,20134.192000000006
13217,23056.191000000006
13218,23054.192000000006
13219,23832.193000000003
13220,23596.197000000004
13221,23806.195000000003
13222,24781.197000000004
13223,24968.194000000007
13224,24195.193000000007
13225,24005.197
13226,23466.192
13227,23111.191000000003
13228,24089.195
13229,23909.196000000004
13230,24905.194000000003
13231,24507.195000000003
13232,23912.194000000003
13233,24912.188000000002
13234,25692.190000000002
13235,25474.195000000003
13236,25109.196
13237,22769.202
13238,22217.199
13239,21910.2
13240,22536.192000000003
13241,23360.191000000003
13242,23041.192000000003
13243,22647.190000000002
13244,22842.193000000003
13245,23041.192000000003
13246,23656.196000000004
13247,26179.200000000004
13248,26750.203
13249,27310.204
13250,27558.201000000005
13251,26460.200000000004
13252,27272.202000000005
13253,28089.203000000005
13254,26393.199000000004
13255,26421.199000000004
13256,26906.196000000004
13257,27290.202000000005
13258,26932.204000000005
13259,26938.205000000005
13260,27130.206000000006
13261,26726.209000000006
13262,25565.213000000007
13263,25634.214000000004
13264,26569.217000000004
13265,26853.209000000006
13266,27093.208000000006
13267,25245.206000000006
13268,24679.206000000006
13269,24569.203000000005
13270,24377.205000000005
13271,25335.204000000005
13272,25167.204000000005
13273,24967.204000000005
13274,25971.203000000005
13275,25238.199000000004
13276,25046.203000000005
13277,27350.203
13278,28468.202
13279,27567.201000000005
13280,28772.196000000004
13281,27641.194000000003
13282,28994.191000000003
13283,30189.189000000002
13284,29172.191000000003
13285,28954.193000000003
13286,28423.191000000003
13287,28791.191000000003
13288,28614.192000000003
13289,28021.195
13290,28777.198
13291,29129.204
13292,28008.201
13293,27847.205
13294,29480.199
13295,28654.202
13296,28953.199000000004
13297,26787.201
13298,25613.201
13299,25827.2
13300,25596.199
13301,26569.199
13302,26159.200000000004
13303,25557.206
13304,25898.207000000002
13305,25119.209000000003
13306,24121.211000000003
13307,25492.214
13308,27119.214
13309,26325.222
13310,27297.22
13311,26737.217000000004
13312,27066.227000000006
13313,27537.232
13314,26381.23
13315,26330.220000000005
13316,25918.22
13317,26545.217
13318,26785.217
13319,26740.221
13320,26635.225000000002
13321,27932.22
13322,28027.213
13323,27707.209
13324,28676.21
13325,29425.211000000003
13326,29786.213000000003
13327,28742.2
13328,27496.191000000003
13329,28981.196
13330,28221.195000000003
13331,28833.197
13332,28644.198
13333,28601.204
13334,28141.209000000003
13335,28757.206000000002
13336,28154.207000000002
13337,29085.212
13338,30368.210000000003
13339,30112.213
13340,29985.211
13341,29337.216
13342,30310.215
13343,30924.22
13344,29325.225000000002
13345,29916.221
13346,30094.231000000003
13347,29746.236
13348,29148.239
13349,29750.235000000004
13350,29395.24
13351,30189.235
13352,30235.231
13353,30525.225000000002
13354,31526.224000000002
13355,32073.230000000007
13356,32587.234000000008
13357,30894.233000000004
13358,29472.240000000005
13359,29091.247000000003
13360,28700.247000000003
13361,28473.253
13362,28487.252000000004
13363,28096.259000000002
13364,26768.258
13365,26315.270000000004
13366,26352.272000000004
13367,27701.277000000002
13368,28687.286000000004
13369,27836.287000000004
13370,27273.286000000004
13371,27299.280000000002
13372,27925.275
13373,28697.278000000002
13374,27947.271000000004
13375,28504.275
13376,29653.276000000005
13377,30171.278000000002
13378,30597.274
13379,31339.277000000002
13380,32430.281000000003
13381,33134.281
13382,32743.284000000003
13383,32183.288000000004
13384,32716.285000000003
13385,33485.284
13386,33241.28600000001
13387,31484.285000000003
13388,29974.288000000004
13389,29367.289000000004
13390,29109.288000000008
13391,28540.278000000006
13392,28686.274000000005
13393,27508.266000000003
13394,26575.252000000004
13395,25021.254000000004
13396,24850.250000000004
13397,25735.248000000003
13398,27315.244000000006
13399,28153.230000000003
13400,27359.226000000002
13401,26517.224000000006
13402,27468.221000000005
13403,28479.211000000003
13404,28125.206000000002
13405,28919.201
13406,29770.194000000003
13407,29552.200000000004
13408,29840.206000000002
13409,30594.198000000004
13410,32462.189000000002
13411,32680.189000000002
13412,32382.186
13413,32836.181000000004
13414,32858.181
13415,35224.17399999999
13416,34646.168999999994
13417,32379.172000000002
13418,31604.167
13419,30097.160000000003
13420,30233.161000000004
13421,30293.158000000003
13422,30108.161000000004
13423,29361.158000000003
13424,29812.147
13425,28599.140000000003
13426,29028.133
13427,29406.135000000002
13428,30178.131
13429,31213.123000000003
13430,29258.123000000003
13431,28931.115
13432,29270.117000000002
13433,30168.120000000003
13434,29926.120000000003
13435,29166.117000000002
13436,29726.117000000002
13437,30087.112000000005
13438,30656.112000000005
13439,31475.114
13440,32641.112
13441,32832.114
13442,33469.112
13443,34359.106999999996
13444,35353.098999999995
13445,36484.101
13446,36050.101
13447,35091.099
13448,39905.09299999999
13449,38331.094
13450,38765.088
13451,39213.086
13452,38589.087
13453,37238.086
13454,36901.084
13455,35647.087
13456,35682.081000000006
13457,36386.079
13458,36611.078
13459,31535.079
13460,30537.079
13461,30068.081000000002
13462,28879.081000000002
13463,30114.088000000003
13464,29827.096000000005
13465,29416.094000000005
13466,29214.095000000005
13467,29599.094000000005
13468,29833.099000000006
13469,30441.099000000006
13470,31638.098000000005
13471,31826.097000000005
13472,32343.099000000006
13473,32557.096000000005
13474,32555.094000000005
13475,33925.09099999999
13476,33353.09100000001
13477,32956.08900000001
13478,32366.090000000007
13479,31144.09500000001
13480,31590.093000000008
13481,32145.095000000005
13482,31555.096000000005
13483,30403.094000000005
13484,30468.089000000007
13485,29523.086000000007
13486,30082.087000000007
13487,30501.080000000005
13488,30511.077000000005
13489,31522.076000000005
13490,29576.074000000004
13491,28916.073000000004
13492,28516.073000000008
13493,29686.074000000008
13494,30405.073000000008
13495,28925.073000000008
13496,28935.070000000007
13497,29747.069000000007
13498,30557.069000000007
13499,29950.071000000007
13500,31325.069000000007
13501,31615.063000000006
13502,31635.060000000005
13503,31245.061000000005
13504,31480.059000000005
13505,32285.059000000005
13506,32485.058000000005
13507,32730.053000000004
13508,32145.053000000004
13509,31825.049000000003
13510,32960.049
13511,33180.049
13512,32775.053
13513,32015.054000000004
13514,31630.053000000004
13515,30820.054000000004
13516,31040.055000000004
13517,31075.054000000004
13518,30940.053000000004
13519,31880.056000000004
13520,30970.053000000004
13521,30745.055000000004
13522,30715.056000000004
13523,31880.057000000004
13524,31110.062000000005
13525,30860.063000000006
13526,30720.062000000005
13527,31375.058000000005
13528,32115.062000000005
13529,31930.060000000005
13530,31755.061000000005
13531,32155.059000000005
13532,32115.062000000005
13533,32150.060000000005
13534,32525.058000000005
13535,33510.057
13536,32740.060000000005
13537,32650.063000000006
13538,31305.066000000006
13539,29930.068000000007
13540,31150.063000000006
13541,31390.05900000001
13542,31615.059000000005
13543,31065.057000000004
13544,31240.056000000008
13545,30695.053000000004
13546,36590.052
13547,36580.054000000004
13548,36305.052
13549,37580.056000000004
13550,37585.05500000001
13551,38175.054000000004
13552,37850.053
13553,38635.052
13554,38855.052
13555,38825.053
13556,38880.052
13557,38450.05500000001
13558,39285.055
13559,38735.053
13560,38365.054000000004
13561,37950.05500000001
13562,38170.05500000001
13563,32720.056000000004
13564,32580.055000000008
13565,33360.05700000001
13566,32360.058000000005
13567,33100.056000000004
13568,32680.058000000005
13569,32295.057000000004
13570,32400.057000000004
13571,32265.055000000008
13572,32435.055000000008
13573,31645.057000000008
13574,31135.057000000004
13575,29745.058000000008
13576,29455.062000000005
13577,29845.063000000006
13578,29695.064000000006
13579,30335.065000000006
13580,36230.064000000006
13581,37035.06500000001
13582,36650.066000000006
13583,36795.066000000006
13584,36930.069
13585,37655.07000000001
13586,37445.073000000004
13587,36480.07100000001
13588,37355.06800000001
13589,37073.062000000005
13590,37153.061
13591,37048.06800000001
13592,38018.07100000001
13593,38808.069
13594,39540.069
13595,40155.06800000001
13596,38625.069
13597,38985.07000000001
13598,39255.066000000006
13599,39065.065
13600,38760.066000000006
13601,37870.07000000001
13602,38110.06700000001
13603,37495.069
13604,37035.064000000006
13605,36200.065
13606,36515.061
13607,37020.058000000005
13608,37090.05500000001
13609,37675.05500000001
13610,37730.054000000004
13611,37260.05100000001
13612,36725.05300000001
13613,36500.05500000001
13614,37070.054000000004
13615,37630.05500000001
13616,38050.054000000004
13617,37210.05700000001
13618,37625.05700000001
13619,37090.05700000001
13620,38175.05700000001
13621,38010.05700000001
13622,32900.058000000005
13623,33060.06100000001
13624,34270.059
13625,34495.058
13626,33515.060000000005
13627,33570.059
13628,33175.060000000005
13629,33050.06500000001
13630,33925.062
13631,34495.060000000005
13632,34100.061
13633,34605.054
13634,33465.062000000005
13635,33120.058000000005
13636,33735.058
13637,34090.062
13638,33575.063
13639,34130.064
13640,33630.064
13641,33405.06500000001
13642,33440.06300000001
13643,33315.06100000001
13644,32960.060000000005
13645,33435.063
13646,33365.069
13647,33235.066000000006
13648,34120.068999999996
13649,33170.069
13650,32295.068000000007
13651,32135.067000000006
13652,33435.064000000006
13653,33700.060999999994
13654,34815.06199999999
13655,34780.064
13656,33795.067
13657,33800.066
13658,33455.071
13659,33385.066000000006
13660,34580.06599999999
13661,35060.064
13662,34535.062
13663,34355.065
13664,33965.067
13665,33265.066000000006
13666,33190.07100000001
13667,33640.069
13668,33890.064
13669,35185.059
13670,34795.059
13671,34735.061
13672,34040.063
13673,32960.06100000001
13674,32700.06400000001
13675,32865.066000000006
13676,32400.07200000001
13677,32340.07100000001
13678,33675.07200000001
13679,33220.07100000001
13680,32725.06800000001
13681,32010.06500000001
13682,34100.066000000006
13683,34265.06800000001
13684,34540.06800000001
13685,34125.073000000004
13686,33575.07100000001
13687,33995.07100000001
13688,33245.07100000001
13689,32815.07100000001
13690,34895.07000000001
13691,35065.07400000001
13692,34855.07200000001
13693,34925.072
13694,34190.073000000004
13695,33805.073000000004
13696,34315.069
13697,34535.069
13698,34075.07400000001
13699,35470.073
13700,34660.075
13701,35375.069
13702,33470.07000000001
13703,32725.06900000001
13704,32300.07300000001
13705,31995.07100000001
13706,32750.07200000001
13707,32655.06700000001
13708,34050.066000000006
13709,32815.07000000001
13710,32285.07400000001
13711,31275.077000000012
13712,32070.079000000012
13713,32940.07800000001
13714,32760.080000000013
13715,33690.07900000001
13716,32735.080000000013
13717,34490.07600000001
13718,34165.073000000004
13719,33210.07400000001
13720,34045.074
13721,34500.071
13722,34630.07000000001
13723,34435.07000000001
13724,34040.071
13725,33010.07500000001
13726,33345.07600000001
13727,32995.077000000005
13728,33395.07500000001
13729,35185.07299999999
13730,33880.071
13731,33850.07100000001
13732,32815.073000000004
13733,32460.07000000001
13734,32415.07200000001
13735,31965.07400000001
13736,32815.07000000001
13737,32720.06500000001
13738,33555.064
13739,33165.064000000006
13740,32945.064000000006
13741,32500.06600000001
13742,33280.066000000006
13743,33870.064
13744,34605.063
13745,35525.063999999984
13746,35305.063999999984
13747,35610.06199999999
13748,35065.06
13749,34640.062000000005
13750,35745.065
13751,36760.06199999999
13752,36785.06199999999
13753,36135.064999999995
13754,36170.062999999995
13755,35555.064000000006
13756,35720.067
13757,35525.067
13758,36131.066
13759,36916.064999999995
13760,35551.06500000001
13761,35391.063
13762,33691.062000000005
13763,33166.06100000001
13764,33218.056000000004
13765,32628.058000000008
13766,32238.05900000001
13767,32758.06200000001
13768,33368.062000000005
13769,33213.05900000001
13770,33238.060000000005
13771,32558.06400000001
13772,33596.06300000001
13773,33781.066000000006
13774,34101.071
13775,34706.073000000004
13776,34696.07000000001
13777,35706.069
13778,34956.07000000001
13779,34991.06800000001
13780,36212.066
13781,36924.071
13782,36439.075000000004
13783,36644.073000000004
13784,36047.07600000001
13785,35847.077000000005
13786,37085.074
13787,35965.07400000001
13788,35485.07900000001
13789,35792.08900000001
13790,35227.09100000001
13791,34462.08800000001
13792,32757.08800000001
13793,32201.08400000001
13794,32610.08200000001
13795,32440.08300000001
13796,32000.08400000001
13797,32130.08700000001
13798,32369.08800000001
13799,31874.08500000001
13800,31504.08600000001
13801,31319.08400000001
13802,32564.08800000001
13803,32959.08800000001
13804,33237.08800000001
13805,34392.08700000001
13806,34362.08800000001
13807,35287.089
13808,35294.089
13809,34949.09200000001
13810,35364.094000000005
13811,36679.094
13812,36579.09099999999
13813,36544.094999999994
13814,36249.09199999999
13815,35885.09
13816,35942.09099999999
13817,35553.089
13818,35544.089
13819,36015.085999999996
13820,36185.085999999996
13821,36100.083999999995
13822,35130.085
13823,34743.084
13824,35138.084
13825,34933.089
13826,34796.08700000001
13827,35376.088
13828,35789.088
13829,34896.082
13830,33630.08900000001
13831,32599.092000000008
13832,33428.08900000001
13833,34005.086
13834,34175.086
13835,34996.085999999996
13836,33611.09100000001
13837,33679.100000000006
13838,33594.10500000001
13839,34134.10100000001
13840,34898.102
13841,35783.10799999999
13842,35439.10999999999
13843,36449.11099999999
13844,36370.10899999999
13845,35530.111999999994
13846,36255.113999999994
13847,35424.118
13848,35507.12199999999
13849,36322.12199999999
13850,36326.12499999999
13851,36114.12899999999
13852,35507.127
13853,34931.129
13854,35316.130000000005
13855,35781.132000000005
13856,35576.136000000006
13857,36166.14
13858,36554.14399999999
13859,35176.14800000001
13860,34472.149000000005
13861,33377.14400000001
13862,35183.145000000004
13863,34386.15000000001
13864,34230.148
13865,34637.149000000005
13866,33114.149000000005
13867,34289.15000000001
13868,34206.15
13869,34366.155000000006
13870,35311.15700000001
13871,36531.165
13872,36688.16499999999
13873,37312.164
13874,38001.16899999999
13875,37401.166999999994
13876,38373.166999999994
13877,37305.16499999999
13878,37618.16299999999
13879,38355.16499999999
13880,38265.16999999999
13881,38828.17299999999
13882,37724.17199999999
13883,37541.174999999996
13884,37602.17699999999
13885,37597.179999999986
13886,38003.18099999999
13887,38277.18199999999
13888,38513.18299999999
13889,37601.183999999994
13890,37023.18999999999
13891,35489.194
13892,37664.195999999996
13893,37279.198
13894,34932.203
13895,35307.206999999995
13896,34113.211
13897,35402.20599999999
13898,35589.20799999999
13899,36491.20599999999
13900,37873.206999999995
13901,38584.210999999996
13902,37251.21399999999
13903,37378.215
13904,37661.21599999999
13905,37117.221
13906,37818.21899999999
13907,37110.225
13908,37320.221
13909,38282.227999999996
13910,38377.225
13911,38920.236999999994
13912,38081.236999999994
13913,37851.23499999999
13914,38099.231
13915,37752.231999999996
13916,38119.234
13917,38340.236
13918,38610.23999999999
13919,37289.246
13920,36659.251
13921,35176.253
13922,36713.256
13923,36982.255000000005
13924,36483.256
13925,37465.257
13926,36300.259999999995
13927,36494.26499999999
13928,36728.26699999999
13929,42719.274999999994
13930,43497.277
13931,44426.280999999995
13932,43832.286
13933,43650.287000000004
13934,44847.284999999996
13935,44503.29
13936,45526.293
13937,45486.293
13938,44885.298
13939,45133.301999999996
13940,44803.30499999999
13941,45305.308999999994
13942,44499.312
13943,43923.314
13944,43557.32
13945,43642.323000000004
13946,43891.324
13947,44181.324
13948,44639.324
13949,43419.326
13950,42547.327000000005
13951,40990.325000000004
13952,42405.327000000005
13953,42729.33
13954,42604.325000000004
13955,43473.33000000001
13956,43073.332
13957,43979.33200000001
13958,43854.336
13959,39208.34100000001
13960,40741.33500000001
13961,42344.344000000005
13962,41714.351
13963,41599.356
13964,42551.35600000001
13965,41424.359000000004
13966,42077.361000000004
13967,41954.36100000001
13968,42202.36000000001
13969,43078.358
13970,43019.35600000001
13971,43694.35100000001
13972,42637.34600000001
13973,41799.35600000001
13974,41184.35700000001
13975,41126.36000000001
13976,41046.35900000001
13977,40556.361000000004
13978,40466.36300000001
13979,39378.361000000004
13980,39272.35600000001
13981,37031.36
13982,38902.364
13983,38785.371999999996
13984,38061.38
13985,38808.386
13986,38090.399
13987,39071.395
13988,39084.395
13989,39776.40499999999
13990,40740.401999999995
13991,41980.4
13992,41652.399000000005
13993,42015.401
13994,42976.398
13995,43052.39
13996,44400.389
13997,44500.396
13998,44630.402
13999,45304.403
14000,45017.4
14001,45329.403
14002,44198.403999999995
14003,43979.405000000006
14004,44287.405000000006
14005,44131.403
14006,43941.412000000004
14007,43335.416
14008,43160.41
14009,41560.41499999999
14010,41028.42
14011,39857.423
14012,41863.423
14013,47457.422000000006
14014,46996.423
14015,48005.42100000001
14016,46885.42900000002
14017,47670.43800000002
14018,48235.44000000001
14019,48743.443000000014
14020,49867.449000000015
14021,49503.45900000002
14022,48560.468000000015
14023,48706.471000000005
14024,48814.47600000001
14025,48076.479000000014
14026,49311.48400000001
14027,49322.486000000004
14028,48910.49100000001
14029,49847.50100000001
14030,49753.50100000001
14031,49737.50400000001
14032,49291.497
14033,48957.49600000001
14034,49638.492000000006
14035,49288.49900000001
14036,48751.504000000015
14037,47680.502000000015
14038,47132.50700000001
14039,45769.51000000001
14040,46113.513000000006
14041,45718.516
14042,46533.515000000014
14043,46395.51800000001
14044,46094.51400000001
14045,41024.525
14046,40346.532
14047,40851.534999999996
14048,41671.538
14049,42427.541
14050,43500.539000000004
14051,44019.541999999994
14052,45194.537
14053,45632.528999999995
14054,45327.53599999999
14055,44589.536
14056,45708.538
14057,46324.532
14058,45550.545
14059,46243.538
14060,45311.54600000001
14061,45767.54600000002
14062,44420.544000000016
14063,44254.53900000002
14064,44697.54900000002
14065,44442.55600000002
14066,44509.56500000002
14067,43367.56800000003
14068,43305.565000000024
14069,42611.56700000002
14070,42971.570000000014
14071,42303.57800000001
14072,42726.58000000001
14073,43107.586
14074,42275.601
14075,43081.598000000005
14076,41766.604000000014
14077,42731.61
14078,44102.601
14079,43740.603
14080,45030.600000000006
14081,44741.60900000001
14082,45309.60300000001
14083,45142.60900000001
14084,45310.613000000005
14085,45057.602000000006
14086,46166.602000000006
14087,45408.59900000001
14088,44706.596
14089,44256.602000000006
14090,43347.60800000001
14091,43699.605
14092,43638.605
14093,42737.599
14094,43032.60100000001
14095,42661.60400000001
14096,44533.59000000002
14097,43278.589000000014
14098,48348.59400000001
14099,47966.596000000005
14100,47733.59300000002
14101,47196.59600000002
14102,47151.59400000001
14103,48413.58500000001
14104,47608.588
14105,48850.59
14106,47184.59299999999
14107,48154.600000000006
14108,48757.591
14109,49625.58500000001
14110,50585.588
14111,51067.57699999999
14112,50621.577999999994
14113,51490.58
14114,50815.584
14115,49727.57800000001
14116,49948.58400000002
14117,49976.591000000015
14118,49979.59800000001
14119,50442.59800000001
14120,49268.603
14121,50331.599
14122,48921.603
14123,46963.60500000001
14124,47367.61
14125,47431.60400000001
14126,48091.60500000001
14127,47526.60500000001
14128,46292.610000000015
14129,45373.61600000001
14130,44815.607
14131,43949.60900000001
14132,44445.60400000001
14133,45356.602
14134,45121.60400000001
14135,47017.618
14136,45562.622
14137,46385.62000000001
14138,47504.629
14139,46695.63100000001
14140,47636.63100000001
14141,47911.621000000014
14142,48169.626000000004
14143,49192.611000000004
14144,48743.60500000001
14145,47849.60800000001
14146,43274.60900000001
14147,43925.61600000001
14148,43880.616000000016
14149,45322.61200000002
14150,44823.609000000026
14151,45146.60400000002
14152,43064.614000000016
14153,41035.612000000016
14154,40747.61300000001
14155,40298.602000000006
14156,40835.60500000001
14157,40586.611000000004
14158,40335.599
14159,40630.59600000002
14160,40426.59200000001
14161,39610.59000000001
14162,40634.591000000015
14163,41378.57900000002
14164,41365.573000000026
14165,43600.568000000014
14166,42564.56800000001
14167,42731.57300000001
14168,42664.584
14169,41784.581
14170,41951.58500000001
14171,41693.57600000001
14172,42147.57100000001
14173,42252.57200000001
14174,41522.576000000015
14175,40458.570000000014
14176,41242.567
14177,41146.558000000005
14178,41337.54200000001
14179,42355.543000000005
14180,41367.547000000006
14181,40875.55300000001
14182,38290.55900000001
14183,37875.55500000002
14184,37524.54900000002
14185,35993.55400000001
14186,36172.56000000001
14187,35803.554000000004
14188,34678.556000000004
14189,35196.54400000001
14190,35082.54600000001
14191,34973.546
14192,36162.54800000001
14193,36081.549000000006
14194,35693.54400000001
14195,37278.54000000001
14196,36460.53800000001
14197,37328.539000000004
14198,38014.53700000001
14199,37444.544
14200,38059.54400000001
14201,37850.546
14202,37883.53900000001
14203,38382.53900000001
14204,38501.532000000014
14205,37449.530000000006
14206,37533.534000000014
14207,37076.53500000002
14208,38209.53200000001
14209,39375.541000000005
14210,38147.545999999995
14211,38365.547999999995
14212,36466.539
14213,35808.54299999999
14214,34873.538
14215,34355.537000000004
14216,34693.532
14217,33491.542000000016
14218,32486.545000000024
14219,31918.54000000002
14220,32249.53800000002
14221,31397.545000000016
14222,32439.535000000018
14223,31174.53100000002
14224,31141.54100000002
14225,32196.54300000002
14226,32481.538000000015
14227,33611.53500000001
14228,33831.53900000001
14229,33457.54500000002
14230,34736.534999999996
14231,34913.526
14232,35600.52199999999
14233,36063.526999999995
14234,36273.52199999999
14235,35636.522999999994
14236,34677.521
14237,34639.52500000001
14238,34553.51900000001
14239,35683.51900000001
14240,34015.52100000001
14241,34206.518000000004
14242,32418.52100000002
14243,31313.517000000018
14244,30598.514000000017
14245,30605.516000000014
14246,31139.504000000015
14247,29606.512000000013
14248,29763.50400000001
14249,29282.507000000016
14250,29234.511000000017
14251,28776.515000000014
14252,30219.510000000017
14253,29973.514000000014
14254,29866.517000000018
14255,30640.512000000017
14256,31927.512000000017
14257,33512.50500000001
14258,32934.50900000001
14259,32252.509000000016
14260,31869.512000000017
14261,33287.50400000001
14262,33321.50400000001
14263,33897.50000000001
14264,34138.495
14265,33609.49900000001
14266,32348.49300000001
14267,31532.49200000001
14268,31608.480000000014
14269,32674.48100000001
14270,31328.48600000001
14271,29855.478000000014
14272,27988.480000000014
14273,26902.47700000001
14274,26935.48100000001
14275,26133.484000000008
14276,26347.47700000001
14277,24898.47900000001
14278,24434.480000000014
14279,24058.47600000001
14280,24542.474000000013
14281,24826.474000000013
14282,25975.46600000001
14283,26319.46000000001
14284,26459.44700000001
14285,26479.454000000012
14286,27030.452000000012
14287,28079.44500000001
14288,28374.44500000001
14289,27661.437000000013
14290,27750.42900000001
14291,27770.43300000001
14292,27248.42800000001
14293,27605.42300000001
14294,27548.41800000001
14295,26793.42100000001
14296,26653.426000000007
14297,25848.420000000013
14298,25650.41900000001
14299,26391.431000000008
14300,25680.427000000007
14301,24003.42300000001
14302,22360.423000000006
14303,22252.424000000006
14304,22734.425000000007
14305,22986.41800000001
14306,22777.413000000008
14307,22535.406000000006
14308,22461.406000000006
14309,23430.411000000004
14310,23550.413000000004
14311,24257.412000000004
14312,25150.404000000006
14313,25405.397000000004
14314,24897.399000000005
14315,24747.400000000005
14316,24994.393000000004
14317,25998.400000000005
14318,26471.390000000003
14319,24389.387000000006
14320,24980.390000000003
14321,25216.382000000005
14322,24933.387000000002
14323,24437.394000000004
14324,24936.377000000008
14325,24762.382000000005
14326,24678.374000000007
14327,24903.375000000004
14328,24562.369000000006
14329,24733.371000000006
14330,23003.365000000005
14331,21763.376000000004
14332,20663.379000000004
14333,20623.384000000002
14334,21008.377
14335,19905.382
14336,19870.383
14337,17700.385000000002
14338,18149.386000000002
14339,18919.387000000002
14340,19538.390000000003
14341,19504.392
14342,19690.392000000003
14343,19789.384000000005
14344,19249.375000000004
14345,20157.377000000004
14346,21003.367000000006
14347,21208.373000000003
14348,20342.370000000003
14349,20065.373000000003
14350,20232.369000000002
14351,20715.357000000004
14352,20597.359000000004
14353,20696.364
14354,21266.358000000004
14355,20655.359000000004
14356,20331.350000000006
14357,21778.344000000005
14358,21377.349000000002
14359,21891.345000000005
14360,20307.343000000004
14361,19231.343000000004
14362,18984.342000000004
14363,18262.342000000004
14364,19741.340000000004
14365,18917.342000000004
14366,17943.338000000003
14367,17457.327
14368,17380.321
14369,17578.309999999998
14370,19458.301999999996
14371,19152.308999999997
14372,18778.313
14373,18560.309999999998
14374,16104.314000000002
14375,17005.327000000005
14376,16757.33
14377,16282.329000000003
14378,15648.327000000005
14379,14548.330000000002
14380,12575.335000000003
14381,12399.337000000005
14382,11942.354000000005
14383,11457.357000000005
14384,12264.360000000006
14385,11768.366000000007
14386,12293.37100000001
14387,12894.38200000001
14388,13424.387000000013
14389,13683.393000000013
14390,13520.396000000017
14391,12332.413000000019
14392,11796.422000000017
14393,11140.439000000017
14394,10816.445000000022
14395,9772.461000000023
14396,8675.475000000026
14397,6410.502000000023
14398,2944.533000000001
14399,1355.5629999999953
14400,1908.4649999999967
14401,2603.4610000000034
14402,3676.453000000016
14403,5074.439000000019
14404,6199.426000000019
14405,6654.42400000002
14406,7374.419000000018
14407,9694.41200000002
14408,10920.412000000018
14409,11595.406000000015
14410,15172.398000000016
14411,15280.390000000014
14412,14390.389000000012
14413,13277.387000000013
14414,12750.390000000014
14415,12844.387000000012
14416,12877.385000000013
14417,11932.386000000011
14418,12222.38200000001
14419,11667.382000000009
14420,8952.383000000005
14421,10185.384000000007
14422,11718.383000000007
14423,13585.377000000004
14424,15198.369000000002
14425,16408.364
14426,17450.354000000003
14427,17735.351000000002
14428,17103.343999999997
14429,18726.339
14430,19251.341
14431,18704.341
14432,18824.337
14433,18497.337
14434,17842.334
14435,16812.338
14436,16922.336
14437,17222.347
14438,19530.339
14439,18715.34
14440,18745.34
14441,19025.334000000003
14442,18202.332000000002
14443,17772.327000000005
14444,19895.32
14445,19008.32
14446,20153.315000000002
14447,19793.317
14448,19473.311
14449,18658.309
14450,16957.309
14451,16185.307000000006
14452,16358.308000000006
14453,16888.307000000004
14454,15931.300000000005
14455,16156.290000000005
14456,15481.292000000005
14457,15701.281000000004
14458,13726.280000000004
14459,14976.275000000003
14460,16581.266000000003
14461,16546.262000000002
14462,17146.255
14463,17316.247000000003
14464,16083.244000000004
14465,15393.240000000003
14466,15175.240000000005
14467,15705.240000000005
14468,17585.239000000005
14469,15953.239000000005
14470,16161.232000000005
14471,17781.220000000005
14472,16996.218000000004
14473,15966.219000000005
14474,17916.213000000003
14475,18106.213000000003
14476,18846.212000000003
14477,18081.206000000006
14478,19031.204000000005
14479,19421.203000000005
14480,19121.192000000003
14481,18543.185
14482,17393.188000000006
14483,17358.193000000007
14484,16993.190000000002
14485,16598.192000000003
14486,15818.192000000005
14487,16451.187000000005
14488,13693.192000000005
14489,14308.191000000004
14490,14888.190000000004
14491,14308.191000000004
14492,14296.195000000005
14493,14288.196000000004
14494,13905.193000000003
14495,13755.191000000003
14496,14915.192000000003
14497,15880.193000000003
14498,17825.192
14499,16670.192000000003
14500,16628.197
14501,18383.197
14502,17738.203000000005
14503,17343.207000000006
14504,18719.207000000002
14505,18119.208000000002
14506,17932.205
14507,17917.206000000006
14508,18517.205
14509,18132.207000000002
14510,18737.206000000002
14511,19457.206000000002
14512,19307.204
14513,19864.208000000002
14514,19689.208000000002
14515,20091.206000000002
14516,19732.205
14517,20292.205
14518,18759.203000000005
14519,19159.202
14520,17994.203000000005
14521,17419.201
14522,17399.205
14523,16634.203000000005
14524,15907.200000000004
14525,15494.201000000005
14526,16691.197000000004
14527,16157.195000000003
14528,17322.196000000004
14529,16732.196000000004
14530,16502.200000000004
14531,18477.197000000004
14532,18254.198000000004
14533,17656.202000000005
14534,19236.199
14535,18661.199000000004
14536,18291.196000000004
14537,19061.196000000004
14538,19659.195000000003
14539,18656.199000000004
14540,19581.204000000005
14541,19379.203000000005
14542,18774.204000000005
14543,19779.201000000005
14544,20365.201000000005
14545,21295.204000000005
14546,20720.204000000005
14547,20345.203000000005
14548,20540.202000000005
14549,20345.204000000005
14550,19730.207000000006
14551,18825.200000000004
14552,19009.201000000005
14553,18234.199000000004
14554,17079.199000000004
14555,15952.194000000005
14556,16507.196000000004
14557,16494.197000000004
14558,17472.197000000004
14559,17080.199000000004
14560,16702.198000000004
14561,18067.196000000004
14562,19059.194000000003
14563,18279.194000000003
14564,20459.191000000003
14565,19466.194000000003
14566,19043.196000000004
14567,20006.196000000004
14568,20214.194
14569,19667.191000000003
14570,20397.197
14571,21344.199
14572,20574.198
14573,21336.2
14574,20964.200000000004
14575,21922.201
14576,21137.203
14577,21532.201
14578,20879.207000000002
14579,20869.207000000002
14580,21259.207000000002
14581,20089.207000000002
14582,20482.205
14583,20317.201
14584,19522.201
14585,18747.202
14586,25594.203
14587,25404.202
14588,26359.203
14589,26369.202
14590,25729.208000000002
14591,25969.205
14592,26509.209000000003
14593,25547.208000000002
14594,26917.206000000002
14595,26332.206000000002
14596,19487.207000000002
14597,19487.206000000002
14598,19507.2
14599,19147.194000000003
14600,19902.193000000003
14601,21057.195000000003
14602,19897.193000000003
14603,21114.188000000002
14604,21109.187
14605,21304.187
14606,21097.184
14607,21857.183
14608,21072.185
14609,21237.188000000002
14610,20647.190000000002
14611,20034.193000000003
14612,20234.190000000002
14613,19867.186
14614,20084.186000000005
14615,19309.185
14616,19299.187000000005
14617,19922.181000000004
14618,21277.181000000004
14619,21427.186000000005
14620,22017.186000000005
14621,21832.184000000005
14622,22987.184000000005
14623,22552.191000000006
14624,23152.190000000006
14625,22582.188000000006
14626,21967.190000000006
14627,22731.187000000005
14628,22161.185000000005
14629,21781.185000000005
14630,21976.186000000005
14631,23744.182000000004
14632,21779.185000000005
14633,21754.186000000005
14634,21554.186000000005
14635,22136.185000000005
14636,22124.186000000005
14637,22491.189000000002
14638,21891.190000000002
14639,21922.187
14640,21542.189000000002
14641,21531.193000000003
14642,20762.192000000003
14643,20372.195000000003
14644,18830.195000000003
14645,18840.193000000003
14646,18299.190000000002
14647,19474.191000000003
14648,21386.195000000003
14649,22979.192000000003
14650,23799.191000000003
14651,24215.193
14652,25221.193
14653,25396.193000000003
14654,26585.192000000003
14655,26024.189000000002
14656,25434.191000000003
14657,26417.188000000002
14658,25589.192000000003
14659,25007.196
14660,25570.198
14661,26745.197
14662,25380.196
14663,25188.198
14664,25395.197
14665,24809.202
14666,24229.205
14667,23434.209000000003
14668,22715.205
14669,22328.205
14670,21771.208000000002
14671,21799.209000000003
14672,21213.210000000003
14673,21365.212000000003
14674,19838.213000000003
14675,20059.212000000003
14676,19695.211000000003
14677,21045.212000000003
14678,22963.215000000004
14679,24315.217000000004
14680,25098.221000000005
14681,25870.220000000005
14682,25894.218000000004
14683,26092.222000000005
14684,27622.226000000006
14685,27699.222000000005
14686,27110.219000000005
14687,27320.216000000004
14688,26127.220000000005
14689,25886.219000000005
14690,26299.219000000005
14691,28151.216000000004
14692,27345.216000000004
14693,27339.215000000004
14694,27394.211000000003
14695,27642.206000000006
14696,26856.204000000005
14697,27224.207000000002
14698,26084.207000000002
14699,24900.213000000003
14700,24919.214000000004
14701,25382.208000000002
14702,24088.207000000002
14703,24093.209000000003
14704,22896.213000000003
14705,22077.216000000004
14706,20719.218000000004
14707,21905.225000000006
14708,24097.221000000005
14709,25071.223000000005
14710,25468.224000000006
14711,25513.221000000005
14712,24953.219000000005
14713,25192.214000000004
14714,26571.215000000004
14715,25764.216000000004
14716,26044.210000000003
14717,27066.207000000006
14718,27097.207000000002
14719,26894.207000000002
14720,26090.211000000003
14721,28625.208000000002
14722,27822.213000000003
14723,28294.208000000002
14724,28499.209000000003
14725,28437.216000000004
14726,28037.216000000004
14727,28430.211000000003
14728,27497.212000000003
14729,26805.205
14730,27003.209000000003
14731,27391.212000000003
14732,25999.213
14733,25906.208
14734,24960.209
14735,25952.207
14736,24396.211
14737,25802.212000000003
14738,26746.213000000003
14739,27990.210000000003
14740,27568.212000000003
14741,27091.207000000002
14742,26708.207000000002
14743,26718.211
14744,27709.211
14745,27821.209000000003
14746,27573.208
14747,28204.211
14748,27624.211
14749,27299.209
14750,26582.206
14751,28468.213
14752,27854.21
14753,27921.207
14754,28153.202999999998
14755,27379.208000000002
14756,27613.21
14757,27777.211
14758,26484.208
14759,26335.207
14760,26374.206
14761,27562.206
14762,25586.209
14763,25972.208
14764,24769.209
14765,24668.207
14766,24488.2
14767,25462.201
14768,26671.2
14769,28461.206000000002
14770,28558.210000000003
14771,29016.211
14772,28851.214000000004
14773,29246.218000000004
14774,29833.219
14775,29236.223
14776,28516.221
14777,29353.223
14778,29976.223
14779,29760.231000000003
14780,29637.224000000002
14781,30999.229000000003
14782,30621.231000000003
14783,30271.232000000004
14784,30161.226000000002
14785,30518.231000000003
14786,29731.234000000004
14787,29591.236000000004
14788,28837.232000000004
14789,28486.238000000005
14790,28904.238000000005
14791,29702.236000000004
14792,29784.231000000003
14793,28175.243000000002
14794,26380.249000000003
14795,26530.24
14796,25610.236
14797,25889.244000000002
14798,28259.241
14799,29150.251000000004
14800,28514.249000000003
14801,29153.247000000003
14802,28363.251000000004
14803,27795.254000000004
14804,28491.255000000005
14805,27929.257000000005
14806,27957.255000000005
14807,28756.258000000005
14808,29306.264000000003
14809,29077.269000000004
14810,28927.264000000003
14811,30060.271000000004
14812,29299.267000000003
14813,28718.264
14814,30353.262000000002
14815,30852.264
14816,30429.266000000003
14817,30861.268000000004
14818,30837.272000000004
14819,30695.275000000005
14820,31681.270000000004
14821,31255.275000000005
14822,31070.275000000005
14823,30565.275000000005
14824,28543.276000000005
14825,28694.273000000005
14826,27174.272000000004
14827,27730.278000000006
14828,30523.268000000004
14829,31560.275000000005
14830,30709.276000000005
14831,31187.264000000003
14832,30042.265000000003
14833,29208.262000000006
14834,28998.263000000006
14835,28436.255000000005
14836,29195.249000000003
14837,29367.246000000006
14838,29338.238
14839,29391.244000000002
14840,29451.239
14841,30385.237
14842,29475.234000000004
14843,29743.22
14844,31054.227000000003
14845,31038.226000000002
14846,30679.224000000006
14847,31798.22
14848,30882.225000000002
14849,31232.217000000004
14850,32188.214000000004
14851,31613.213000000003
14852,32217.211000000003
14853,30621.215000000004
14854,29639.206000000002
14855,29448.203000000005
14856,28800.199000000004
14857,29163.199
14858,29687.201000000005
14859,30779.200000000004
14860,30216.195000000003
14861,31081.200000000004
14862,31496.189000000006
14863,30951.183000000005
14864,30712.175000000003
14865,30727.168000000005
14866,31429.153000000002
14867,31575.147
14868,31405.138000000003
14869,29882.136000000006
14870,29927.132
14871,30087.128
14872,29523.125000000004
14873,29943.125000000004
14874,30855.127000000004
14875,31452.126000000004
14876,31235.131
14877,32098.127000000004
14878,32053.125000000007
14879,33058.12400000001
14880,34180.122
14881,33558.126000000004
14882,33561.125
14883,32490.129
14884,31131.129000000004
14885,30815.130000000005
14886,30356.128000000004
14887,30555.128000000004
14888,31584.133000000005
14889,31640.131000000005
14890,32674.121000000003
14891,33328.127
14892,34252.12699999999
14893,33716.119999999995
14894,32511.117000000002
14895,33129.111000000004
14896,33369.111000000004
14897,33163.105
14898,32364.107000000004
14899,30748.108000000004
14900,30390.107000000004
14901,30197.108000000004
14902,29366.110000000004
14903,30552.109000000004
14904,32383.109000000004
14905,32842.105
14906,32257.104000000007
14907,32066.102000000006
14908,31260.104000000007
14909,32049.102000000006
14910,31794.104000000007
14911,31422.104000000007
14912,31968.107000000007
14913,31420.105000000007
14914,30596.106000000007
14915,29663.101000000006
14916,29593.105000000007
14917,30341.104000000007
14918,31901.101000000006
14919,31976.102000000006
14920,32308.102000000006
14921,33097.102000000006
14922,32957.101
14923,32802.098000000005
14924,31816.101000000006
14925,32346.098000000005
14926,32966.09500000001
14927,32347.092000000008
14928,32165.093000000008
14929,30610.091000000008
14930,29545.091000000008
14931,29230.084000000006
14932,28432.087000000007
14933,35697.084
14934,36662.084
14935,38027.083000000006
14936,37600.081000000006
14937,37050.07800000001
14938,36040.07900000001
14939,36805.08200000001
14940,37026.07800000001
14941,37841.07500000001
14942,38011.073000000004
14943,36781.075000000004
14944,35256.073000000004
14945,34661.07000000001
14946,34093.07200000001
14947,35488.07200000001
14948,36778.06800000001
14949,37423.066000000006
14950,38233.06700000001
14951,38415.07000000001
14952,37875.07200000001
14953,37240.07200000001
14954,38025.07100000001
14955,38055.07000000001
14956,38605.07200000001
14957,37460.07200000001
14958,37305.069
14959,35760.07100000001
14960,35340.07200000001
14961,34555.073000000004
14962,34580.073000000004
14963,35970.07400000001
14964,36790.07200000001
14965,37675.07500000001
14966,37125.073000000004
14967,36770.07200000001
14968,36180.07400000001
14969,37005.07100000001
14970,37360.073000000004
14971,31720.074000000008
14972,31360.073000000008
14973,30745.074000000008
14974,30000.072000000007
14975,29850.069000000007
14976,29880.068000000007
14977,31005.072000000007
14978,31985.072000000007
14979,32605.070000000007
14980,33050.069
14981,33670.066999999995
14982,35555.066999999995
14983,34380.069
14984,35735.066999999995
14985,35610.062999999995
14986,35235.068
14987,34840.06999999999
14988,34415.07199999999
14989,33900.068
14990,32760.068000000007
14991,32570.068000000007
14992,32995.066000000006
14993,33935.068
14994,33965.066999999995
14995,35225.064
14996,34275.064
14997,32710.06600000001
14998,32120.06800000001
14999,33165.065
15000,33465.06800000001
15001,33408.069
15002,32458.069000000007
15003,32318.06900000001
15004,31013.06700000001
15005,30473.06800000001
15006,31423.068000000007
15007,32553.07100000001
15008,33295.07400000001
15009,33730.07
15010,34480.07200000001
15011,34705.072
15012,35105.07
15013,34490.071
15014,36175.066
15015,35390.067
15016,35190.068
15017,34400.07
15018,34275.066
15019,33330.06500000001
15020,33145.06300000001
15021,32975.06300000001
15022,33920.065
15023,35330.062
15024,35560.060000000005
15025,36565.059
15026,35410.061
15027,34445.058999999994
15028,34085.058
15029,34830.06
15030,35000.06
15031,34630.062
15032,33415.06700000001
15033,33160.06900000001
15034,31795.06900000001
15035,31410.06900000001
15036,32575.071000000007
15037,33955.073
15038,33550.077000000005
15039,33555.076
15040,33560.076
15041,34355.075
15042,33975.073
15043,33175.07200000001
15044,33490.077000000005
15045,34775.076
15046,35035.074
15047,34260.073000000004
15048,34370.076
15049,34070.073000000004
15050,33380.079000000005
15051,33465.07700000001
15052,34840.075000000004
15053,36520.071
15054,37480.068999999996
15055,37860.070999999996
15056,37135.07
15057,36315.073
15058,36205.071
15059,36495.067
15060,36865.066
15061,36120.065
15062,35670.06800000001
15063,35310.067
15064,33765.071
15065,32400.07100000001
15066,32425.072000000007
15067,34190.07000000001
15068,34395.06800000001
15069,35160.066000000006
15070,35565.063
15071,35940.066000000006
15072,35915.066000000006
15073,34835.063
15074,35220.064000000006
15075,36055.063
15076,36645.06200000001
15077,35070.06600000001
15078,35290.067
15079,35280.06900000001
15080,34660.071
15081,34755.06800000001
15082,34550.07
15083,35950.06800000001
15084,36050.065
15085,36860.066
15086,36340.063
15087,35575.065
15088,35180.067
15089,34630.065
15090,35420.063
15091,34700.061
15092,34735.059
15093,34370.06
15094,33455.05900000001
15095,32875.058000000005
15096,33020.058000000005
15097,34260.055
15098,32570.057000000008
15099,32475.06200000001
15100,32540.05900000001
15101,33865.06100000001
15102,34200.062000000005
15103,33585.06300000001
15104,33790.066000000006
15105,33590.06700000001
15106,34065.06500000001
15107,33510.064000000006
15108,33735.06300000001
15109,33890.066000000006
15110,32910.06700000001
15111,38995.06700000001
15112,39105.06900000001
15113,39495.07000000001
15114,39695.06900000001
15115,40245.07200000001
15116,39455.07400000001
15117,39445.07600000001
15118,39385.07800000001
15119,38740.08000000001
15120,39865.079
15121,40265.077
15122,39945.073
15123,39445.071
15124,39115.069
15125,38170.06900000001
15126,38375.069
15127,39155.071
15128,38970.07000000001
15129,39460.07400000001
15130,39155.07400000001
15131,39020.07200000001
15132,39990.073000000004
15133,39890.07
15134,40425.070999999996
15135,41050.068999999996
15136,41170.064000000006
15137,40750.065
15138,41165.066
15139,41975.065
15140,40800.066
15141,40790.068
15142,40595.069
15143,41130.069
15144,40410.06800000001
15145,41195.06800000001
15146,40290.06800000001
15147,39730.06800000001
15148,38705.07300000001
15149,37360.07400000001
15150,39050.07400000001
15151,39645.07300000001
15152,39280.06900000001
15153,38760.066000000006
15154,39735.066000000006
15155,38560.066000000006
15156,38925.066000000006
15157,39095.066000000006
15158,39185.06500000001
15159,39380.06500000001
15160,38925.06100000001
15161,38645.06300000001
15162,38980.06300000001
15163,38955.06300000001
15164,39405.06100000001
15165,39995.060000000005
15166,40190.060000000005
15167,40370.062000000005
15168,40635.058000000005
15169,41645.056
15170,41650.055
15171,41505.055
15172,36105.05999999999
15173,37065.058
15174,35670.058999999994
15175,35225.065
15176,35135.068
15177,34780.066
15178,34395.06500000001
15179,34240.062000000005
15180,34860.06
15181,34750.06300000001
15182,34155.06500000001
15183,33695.060000000005
15184,34090.063
15185,32720.06300000001
15186,32525.06300000001
15187,32915.06300000001
15188,33550.062000000005
15189,33370.05900000001
15190,32700.057000000008
15191,32530.057000000008
15192,32460.06000000001
15193,33055.058000000005
15194,33425.05700000001
15195,33975.058000000005
15196,34210.056000000004
15197,34615.053
15198,34620.052
15199,34430.056000000004
15200,34435.056000000004
15201,34565.060000000005
15202,34565.060000000005
15203,34945.062
15204,33995.063
15205,34510.060000000005
15206,34560.062000000005
15207,34395.06100000001
15208,34618.06
15209,34018.064000000006
15210,34963.064999999995
15211,33978.067
15212,33433.065
15213,32728.069000000007
15214,34468.07
15215,33544.068
15216,32864.07200000001
15217,33884.069
15218,33659.07
15219,33609.071
15220,32399.075000000008
15221,32594.075000000008
15222,33124.07600000001
15223,32604.083000000006
15224,32439.08200000001
15225,32614.08600000001
15226,32729.087000000007
15227,32954.08600000001
15228,32804.083000000006
15229,33479.08000000001
15230,33964.076
15231,34454.08
15232,34999.07399999999
15233,34664.07299999999
15234,33869.071
15235,34234.07200000001
15236,34964.07199999999
15237,34259.07600000001
15238,35643.074
15239,35379.077
15240,36781.075999999994
15241,37196.075
15242,36646.073000000004
15243,36639.074
15244,38169.076
15245,37287.073000000004
15246,36257.075
15247,37077.074
15248,36492.077000000005
15249,35662.08200000001
15250,34241.08600000001
15251,33242.08900000001
15252,33467.08800000001
15253,33672.08600000001
15254,32878.08700000001
15255,33235.09000000001
15256,33240.090000000004
15257,32987.09200000001
15258,32831.09100000001
15259,33090.09000000001
15260,33160.08700000001
15261,33570.08800000001
15262,33975.08500000001
15263,33410.08700000001
15264,33124.09200000001
15265,34084.09000000001
15266,34494.09200000001
15267,34069.09400000001
15268,35114.09100000001
15269,35234.092000000004
15270,36374.093
15271,36392.094
15272,37406.092000000004
15273,36800.09300000001
15274,37590.09100000001
15275,38015.090000000004
15276,36890.08900000001
15277,36665.092000000004
15278,36240.097
15279,36550.096000000005
15280,35360.10100000001
15281,34755.10300000001
15282,34845.10500000001
15283,35685.104
15284,35518.104
15285,34878.11
15286,35940.115000000005
15287,36395.11400000001
15288,35610.116
15289,35364.11800000001
15290,35399.118
15291,36349.12
15292,36182.119
15293,35587.12300000001
15294,36283.12400000001
15295,35576.13100000001
15296,35946.134000000005
15297,35411.13600000001
15298,36681.138000000006
15299,36314.14200000001
15300,37419.149000000005
15301,37856.15200000001
15302,37601.151000000005
15303,36401.153000000006
15304,36267.16300000001
15305,36981.16100000001
15306,37253.15900000001
15307,37463.16200000001
15308,37447.16600000001
15309,37922.16900000001
15310,36374.172000000006
15311,35759.174000000006
15312,36295.179000000004
15313,37020.18200000001
15314,35605.19000000001
15315,35691.187000000005
15316,35858.19000000001
15317,36983.196
15318,35629.20000000001
15319,35833.199
15320,37113.200000000004
15321,37533.200000000004
15322,36873.202
15323,36878.202
15324,38134.201
15325,37911.205
15326,37105.20900000001
15327,37050.206000000006
15328,37662.205
15329,37740.204000000005
15330,39174.202
15331,39049.204000000005
15332,38074.205
15333,37589.208
15334,37529.205
15335,37727.208000000006
15336,37685.208
15337,36454.213
15338,37048.216
15339,37174.213
15340,35621.21400000001
15341,35489.215000000004
15342,36924.216
15343,37839.22
15344,36992.219
15345,37343.219
15346,37282.221999999994
15347,37777.231
15348,36655.232
15349,37257.232
15350,38312.229
15351,38942.226
15352,38773.23
15353,38367.231
15354,39637.238
15355,39678.236
15356,39498.236
15357,38889.237
15358,40644.234
15359,40255.231999999996
15360,41084.238
15361,41065.236999999994
15362,40469.236
15363,40469.236999999994
15364,40287.239
15365,40462.239
15366,40888.239
15367,40713.241
15368,40573.243
15369,39791.25
15370,38089.253000000004
15371,38414.258
15372,39750.259000000005
15373,40861.26700000001
15374,40202.27100000001
15375,40808.273
15376,40525.274000000005
15377,41295.28200000001
15378,39805.28100000001
15379,40691.28300000001
15380,41897.28600000001
15381,41403.28600000001
15382,40761.291000000005
15383,40025.29
15384,40624.287000000004
15385,40425.283
15386,40365.287000000004
15387,40133.28800000001
15388,41923.285
15389,41218.289000000004
15390,41552.30000000001
15391,41236.303000000014
15392,40975.303000000014
15393,41045.311
15394,40811.315
15395,41141.322
15396,40269.324
15397,39571.32600000001
15398,39964.331000000006
15399,39993.334
15400,38386.337
15401,39046.336
15402,40209.337
15403,42312.344
15404,42733.338
15405,42912.345
15406,43356.347
15407,43976.352999999996
15408,42341.354
15409,43119.359000000004
15410,44139.34700000001
15411,43178.35200000001
15412,42439.356000000014
15413,40107.36900000002
15414,40886.37500000002
15415,41009.373000000014
15416,40633.38000000001
15417,40451.37900000001
15418,41647.383
15419,40752.37600000001
15420,41288.38000000001
15421,41739.38000000001
15422,41737.38100000001
15423,41590.384000000005
15424,41785.382000000005
15425,41895.39200000001
15426,41569.397000000004
15427,40660.40400000002
15428,41347.40500000001
15429,42114.40400000002
15430,40710.40500000001
15431,41321.40200000001
15432,42491.40900000002
15433,44825.41200000002
15434,44622.41200000002
15435,44254.42300000002
15436,44836.42200000001
15437,45868.426000000014
15438,43545.42700000002
15439,43915.428000000014
15440,44422.434000000016
15441,43477.43700000001
15442,43159.44100000001
15443,42471.43800000002
15444,43654.44100000001
15445,43546.44200000001
15446,43363.448000000004
15447,42751.45600000001
15448,45149.45600000001
15449,43509.45100000001
15450,43609.45700000001
15451,43901.46400000001
15452,42735.470000000016
15453,42228.472000000016
15454,42008.48600000001
15455,42041.48800000001
15456,41570.49500000001
15457,41079.491000000016
15458,41612.491000000016
15459,42714.49500000002
15460,42499.48400000002
15461,42473.479000000014
15462,43109.47400000002
15463,43995.47800000002
15464,43972.46700000002
15465,44887.46900000002
15466,44916.47000000002
15467,45485.47700000001
15468,43285.485000000015
15469,43527.49400000002
15470,44045.49800000002
15471,43004.499000000025
15472,42517.501000000026
15473,41928.50200000003
15474,43200.50600000002
15475,42241.516000000025
15476,42101.52500000002
15477,42097.52000000002
15478,44136.52600000001
15479,42519.52000000002
15480,43549.518000000025
15481,43035.52300000002
15482,41638.52600000002
15483,42852.52300000001
15484,42359.52900000002
15485,42328.53100000002
15486,42142.52900000002
15487,41049.53300000001
15488,41969.53000000001
15489,43256.52800000002
15490,42262.527000000024
15491,43634.52700000002
15492,44226.53500000001
15493,44293.53800000001
15494,43274.53200000002
15495,44055.54500000002
15496,44421.55200000002
15497,44934.56200000002
15498,43555.56600000002
15499,44784.568000000014
15500,45219.56200000002
15501,44391.569000000025
15502,44349.57400000002
15503,43136.572000000015
15504,44763.570000000014
15505,43955.57900000001
15506,43187.574000000015
15507,42872.585000000014
15508,44471.57800000001
15509,43099.57700000001
15510,43260.59100000001
15511,42510.597
15512,41453.60800000001
15513,42201.61300000001
15514,42616.61700000001
15515,41894.63000000002
15516,41484.62700000002
15517,41007.62600000002
15518,41775.62700000001
15519,42129.63200000001
15520,41681.63700000001
15521,42583.64800000001
15522,44163.635
15523,44882.639
15524,43752.64100000001
15525,44325.64700000001
15526,44995.65300000001
15527,46156.64399999999
15528,44266.649
15529,45697.642
15530,45377.643000000004
15531,44798.64800000001
15532,44369.65100000001
15533,43350.647
15534,44304.633
15535,43940.634000000005
15536,42890.63400000001
15537,42273.63300000001
15538,42250.63700000001
15539,40735.632000000005
15540,40547.63300000001
15541,40899.63100000001
15542,40407.629
15543,41127.62400000001
15544,40918.645000000004
15545,40025.651000000005
15546,39762.644
15547,39239.632
15548,40105.634
15549,41005.634000000005
15550,40616.64700000001
15551,40604.637
15552,42123.636000000006
15553,43384.627
15554,41800.621999999996
15555,42765.62
15556,44218.61600000001
15557,45403.62500000001
15558,44413.623
15559,45029.618
15560,45230.617000000006
15561,45121.61300000001
15562,44974.60500000001
15563,43807.61100000001
15564,44362.61000000001
15565,44363.61700000001
15566,43967.61300000001
15567,43486.61800000001
15568,42929.62200000002
15569,41784.62100000002
15570,41621.623000000014
15571,41300.622000000025
15572,40929.62700000002
15573,40455.63500000003
15574,40489.641000000025
15575,40049.63200000002
15576,39739.63400000002
15577,38940.63000000002
15578,40547.626000000026
15579,41775.632000000034
15580,42341.63400000002
15581,42511.639000000025
15582,42960.63700000002
15583,43564.640000000014
15584,41567.64300000001
15585,42880.64300000001
15586,43095.64700000001
15587,44211.64600000001
15588,43367.649000000005
15589,43268.648000000016
15590,42121.65300000001
15591,42510.647000000004
15592,42977.63200000001
15593,42250.63000000001
15594,42645.62600000002
15595,42454.62300000001
15596,41453.63400000001
15597,41076.640000000014
15598,41117.62000000002
15599,40941.60500000001
15600,41192.604000000014
15601,41149.605000000025
15602,40486.60800000002
15603,40844.60600000001
15604,40882.609000000004
15605,40216.612
15606,40132.60200000001
15607,39375.610000000015
15608,40928.61100000002
15609,42193.606000000014
15610,42974.604000000014
15611,42544.612000000016
15612,42000.61400000001
15613,42426.61000000001
15614,40894.618
15615,40903.615999999995
15616,40319.613999999994
15617,40994.62
15618,40012.616
15619,39270.62
15620,38474.609000000004
15621,38817.606
15622,45029.603
15623,44476.606
15624,44018.59400000001
15625,44067.588
15626,43747.58000000001
15627,43121.576
15628,41520.579000000005
15629,41357.58400000001
15630,41961.592000000004
15631,41764.575000000004
15632,41245.56900000001
15633,41728.57800000001
15634,41898.579000000005
15635,41451.57600000001
15636,40962.585000000014
15637,42038.575000000004
15638,43354.566
15639,42847.566000000006
15640,37084.57200000001
15641,36436.566000000006
15642,35988.568
15643,36159.569
15644,36190.563
15645,36469.556
15646,36560.562
15647,36496.56799999999
15648,35707.566000000006
15649,35786.566999999995
15650,34861.57100000001
15651,36162.56800000001
15652,36376.56500000001
15653,35752.57200000001
15654,34515.57500000001
15655,33326.57800000002
15656,33373.57600000002
15657,32510.571000000025
15658,31854.56600000002
15659,32335.55900000002
15660,32831.56200000002
15661,32128.568000000017
15662,30713.570000000018
15663,30407.563000000016
15664,30523.556000000015
15665,30723.55400000002
15666,30809.549000000017
15667,31140.54800000002
15668,31984.547000000024
15669,30819.546000000024
15670,30139.546000000024
15671,30428.53300000002
15672,32036.526000000023
15673,32519.52800000002
15674,32899.521000000015
15675,33610.52800000001
15676,34077.52500000001
15677,34953.522
15678,33775.52200000001
15679,33277.52700000001
15680,33510.529
15681,34395.53200000001
15682,33765.538
15683,33400.541000000005
15684,32524.54600000002
15685,31289.53600000002
15686,30395.53600000002
15687,29374.534000000014
15688,29205.535000000018
15689,29273.534000000018
15690,29680.521000000015
15691,29619.511000000017
15692,27522.520000000015
15693,27166.52000000002
15694,28088.514000000017
15695,27945.520000000015
15696,27234.51900000002
15697,27823.515000000018
15698,34226.504000000015
15699,33820.498000000014
15700,32830.489000000016
15701,32143.49400000002
15702,27972.497000000018
15703,29062.491000000016
15704,28344.484000000015
15705,29139.48300000002
15706,30305.48400000002
15707,29910.482000000018
15708,30143.48500000002
15709,30286.497000000018
15710,30649.50100000002
15711,31479.494000000017
15712,30708.500000000015
15713,29900.495000000017
15714,29477.492000000017
15715,29558.481000000014
15716,29497.477000000014
15717,28662.486000000015
15718,28141.485000000015
15719,28174.481000000014
15720,27861.481000000018
15721,27228.483000000015
15722,25656.484000000015
15723,25989.48300000001
15724,32076.47700000001
15725,31575.477000000014
15726,31066.47400000001
15727,30988.47500000001
15728,30656.484000000008
15729,30032.481000000007
15730,28397.476000000006
15731,27581.47500000001
15732,28812.469000000012
15733,29566.45900000001
15734,29088.46000000001
15735,29594.46000000001
15736,29598.46800000001
15737,30361.46300000001
15738,31357.457000000006
15739,31428.453000000012
15740,31049.46200000001
15741,32221.45800000001
15742,31238.465000000007
15743,30378.46600000001
15744,30784.46300000001
15745,30489.45800000001
15746,29984.45700000001
15747,29930.45700000001
15748,28470.449000000008
15749,28612.45400000001
15750,28769.45100000001
15751,28534.44500000001
15752,27340.445000000007
15753,27882.445000000007
15754,27695.447000000007
15755,27387.442000000006
15756,26822.442000000006
15757,27084.436000000005
15758,26923.444000000007
15759,27036.439000000006
15760,26513.438000000006
15761,27076.433000000005
15762,27152.427000000003
15763,26817.422000000002
15764,26474.418000000005
15765,21179.419000000005
15766,22364.414000000008
15767,22693.412
15768,22910.413999999997
15769,22040.413999999997
15770,21414.411
15771,21402.411
15772,21665.405000000002
15773,21314.413000000004
15774,21620.411000000004
15775,21987.411000000004
15776,21211.415
15777,20732.416
15778,20666.402000000002
15779,21111.396
15780,22119.39
15781,22471.376
15782,21735.380999999998
15783,21800.385
15784,22418.386000000002
15785,22734.384000000002
15786,21370.384000000002
15787,20875.387000000002
15788,19720.394000000004
15789,19858.390000000003
15790,19271.391000000003
15791,18038.391000000003
15792,17421.390000000007
15793,17843.387000000006
15794,17484.390000000003
15795,17292.390000000003
15796,17653.398000000005
15797,17398.396000000004
15798,18265.394
15799,18485.394000000004
15800,19071.383
15801,20181.39
15802,20844.389000000003
15803,20980.386
15804,20924.38
15805,20232.375
15806,20160.371
15807,19996.37
15808,21633.355999999996
15809,20796.355
15810,20809.337999999996
15811,19838.332999999995
15812,18768.34
15813,17743.346999999998
15814,16556.358
15815,17226.36
15816,16112.357000000004
15817,15573.363000000005
15818,12600.363000000005
15819,12531.367000000004
15820,11387.376000000006
15821,10555.381000000007
15822,10540.382000000007
15823,11312.382000000007
15824,11983.382000000007
15825,11320.387000000006
15826,12203.395000000008
15827,12562.39300000001
15828,12981.406000000012
15829,13997.412000000011
15830,16069.415000000012
15831,15680.422000000015
15832,14578.437000000016
15833,12961.440000000017
15834,11086.455000000016
15835,10394.464000000018
15836,8433.480000000014
15837,6342.504000000008
15838,4960.534000000019
15839,2177.5809999999974
15840,1993.4469999999965
15841,2993.4360000000115
15842,3443.435000000013
15843,5296.428000000015
15844,6699.418000000015
15845,7689.418000000017
15846,8632.409000000018
15847,10500.404000000017
15848,11344.401000000016
15849,12419.401000000018
15850,15421.394000000017
15851,14761.404000000017
15852,15254.400000000016
15853,13744.400000000014
15854,13519.39100000001
15855,13604.391000000009
15856,13451.384000000007
15857,12376.383000000005
15858,12394.377000000004
15859,12119.373000000003
15860,10108.369000000004
15861,12728.362000000001
15862,13813.352000000003
15863,14513.344000000003
15864,15756.341000000002
15865,17061.339
15866,18386.327999999998
15867,19428.319999999996
15868,20001.317999999996
15869,20831.313999999995
15870,20456.317999999996
15871,18786.32
15872,18273.315
15873,19788.319
15874,20196.321
15875,20557.323
15876,20607.32
15877,20697.326
15878,19727.332000000002
15879,19357.326
15880,19935.317
15881,19660.319
15882,19515.32
15883,19130.319
15884,18000.309999999998
15885,16905.318000000003
15886,15995.315
15887,15110.313000000004
15888,14910.308000000003
15889,14085.305000000002
15890,12840.308000000003
15891,14000.304000000002
15892,14675.307000000003
15893,14575.302000000001
15894,14105.302000000003
15895,15022.301000000003
15896,14952.300000000005
15897,14522.294000000004
15898,15237.296000000004
15899,16042.285000000005
15900,17047.276000000005
15901,16832.275000000005
15902,15807.276000000005
15903,16815.268000000004
15904,18345.263000000003
15905,17713.258000000005
15906,18873.256000000005
15907,19628.252000000004
15908,18983.248000000003
15909,19323.245000000003
15910,19453.244000000002
15911,17738.242000000002
15912,17083.243000000002
15913,16873.236000000004
15914,16061.231000000005
15915,15291.228000000005
15916,14508.222000000005
15917,15048.220000000005
15918,14678.216000000006
15919,13863.210000000005
15920,12481.206000000006
15921,13636.206000000006
15922,15786.205000000005
15923,15208.205000000005
15924,15610.205000000005
15925,16980.204000000005
15926,16763.208000000006
15927,15993.206000000007
15928,17191.208000000006
15929,17786.206000000006
15930,18761.205000000005
15931,18741.205
15932,17386.208000000006
15933,17161.212000000007
15934,18146.211000000007
15935,17356.213000000007
15936,17946.212000000007
15937,18110.213000000007
15938,17930.211000000007
15939,18368.207000000002
15940,18583.205
15941,17253.203000000005
15942,17466.200000000004
15943,17671.199000000004
15944,16516.201000000005
15945,16521.201000000005
15946,16531.199000000004
15947,15951.200000000004
15948,15731.203000000005
15949,15126.203000000005
15950,14176.200000000004
15951,15921.202000000005
15952,16686.203000000005
15953,15876.208000000006
15954,16079.207000000006
15955,16849.210000000006
15956,17221.211000000007
15957,18401.209000000003
15958,18242.206000000002
15959,18417.208000000002
15960,19782.208
15961,19007.207000000002
15962,18372.211000000003
15963,18787.208000000002
15964,17987.212000000003
15965,16237.211000000005
15966,16999.212000000003
15967,15642.210000000005
15968,16197.211000000005
15969,18139.212000000003
15970,18317.216000000004
15971,17924.215000000004
15972,17937.214000000004
15973,18309.217000000004
15974,18134.216000000008
15975,18344.213000000007
15976,17559.215000000007
15977,17964.212000000007
15978,17587.211000000007
15979,16797.212000000007
15980,15667.209000000006
15981,17042.206000000006
15982,17437.206000000006
15983,17204.209000000006
15984,16809.210000000006
15985,18164.212000000007
15986,18362.213000000007
15987,19339.211000000003
15988,19129.215000000004
15989,19359.211000000003
15990,19969.208000000002
15991,19174.210000000003
15992,18989.208000000002
15993,18988.208000000002
15994,19381.208000000002
15995,18604.208000000002
15996,19404.204
15997,19034.2
15998,20009.198
15999,20544.203
16000,21109.207000000002
16001,21147.203
16002,20557.204
16003,20942.205
16004,20347.205
16005,19372.207000000002
16006,18592.206000000002
16007,17802.208000000002
16008,17032.206000000006
16009,17022.206000000002
16010,17037.205
16011,17197.210000000006
16012,17982.209000000003
16013,17997.206000000002
16014,17592.207000000006
16015,19137.209000000003
16016,19502.212000000003
16017,20077.213000000003
16018,19887.214000000004
16019,19264.220000000005
16020,18714.215000000004
16021,18559.211000000003
16022,18182.210000000003
16023,19144.210000000003
16024,19354.207000000002
16025,18797.204
16026,19387.205
16027,20157.205
16028,19954.207000000002
16029,21494.209000000003
16030,22474.206000000002
16031,22284.208000000002
16032,22469.210000000003
16033,23302.207000000002
16034,22314.209000000003
16035,22114.210000000003
16036,20507.216000000004
16037,19952.212000000003
16038,20139.211000000003
16039,19982.207000000002
16040,19757.211000000003
16041,19772.207000000002
16042,20722.204
16043,20127.203
16044,19362.202
16045,19957.201000000005
16046,20137.201000000005
16047,19491.208000000002
16048,19707.207000000002
16049,20317.204000000005
16050,20687.205000000005
16051,19867.210000000003
16052,19062.212000000007
16053,19667.209000000006
16054,19642.207000000006
16055,19097.202000000005
16056,19297.201000000005
16057,20487.201000000005
16058,19947.198000000004
16059,20517.203000000005
16060,20914.202
16061,22104.198
16062,22081.2
16063,23102.195000000003
16064,22914.194000000003
16065,23142.191000000003
16066,24122.191000000003
16067,23742.188000000002
16068,24132.187
16069,23727.186999999998
16070,23709.185
16071,22524.188000000002
16072,23509.185
16073,22719.186
16074,21944.186
16075,22344.185
16076,21336.188000000002
16077,21556.185
16078,21959.184
16079,22149.188000000002
16080,21333.194000000003
16081,21958.188000000002
16082,21576.192000000003
16083,21163.199
16084,20245.201
16085,20230.201
16086,20425.2
16087,21400.206000000002
16088,21808.201
16089,22848.198
16090,23859.201
16091,24069.201
16092,23699.198
16093,25254.199
16094,24867.202
16095,25491.203
16096,25155.199
16097,24792.198
16098,24206.199
16099,24571.201
16100,24585.202
16101,24162.209000000003
16102,24361.212000000003
16103,23591.209000000003
16104,22892.208000000002
16105,23101.209000000003
16106,23670.209000000003
16107,23300.210000000003
16108,22347.215000000004
16109,23356.215000000004
16110,22588.214000000004
16111,23226.215000000004
16112,22890.215000000004
16113,22736.211000000003
16114,21779.211000000003
16115,21128.205000000005
16116,21533.204000000005
16117,22313.204000000005
16118,22860.209000000006
16119,23495.204000000005
16120,24068.208000000006
16121,23331.205000000005
16122,23122.204000000005
16123,24523.204000000005
16124,24492.206000000006
16125,25299.202000000005
16126,24571.195000000003
16127,24129.201000000005
16128,24700.203000000005
16129,24311.205
16130,24708.207000000002
16131,25336.204
16132,25607.203
16133,26096.198
16134,26141.2
16135,26321.203
16136,27632.208000000002
16137,28622.201
16138,28234.200000000004
16139,28696.198000000004
16140,28189.197000000004
16141,28586.199
16142,28547.205
16143,27581.204
16144,27151.208000000002
16145,26256.207000000002
16146,26091.208000000002
16147,26467.209000000003
16148,26121.204
16149,26534.204
16150,26692.204
16151,25092.207000000002
16152,24318.212000000003
16153,25158.210000000003
16154,24979.211000000003
16155,25272.210000000003
16156,24836.210000000003
16157,24648.214000000004
16158,25645.216000000004
16159,25003.221
16160,26185.22
16161,26759.219
16162,27343.216
16163,27761.216000000004
16164,27981.216000000004
16165,28120.221
16166,29140.217
16167,28967.213000000003
16168,28968.214000000004
16169,29752.215
16170,28304.209000000003
16171,27850.214
16172,28318.208000000002
16173,27423.208000000002
16174,27276.206000000002
16175,26698.206000000002
16176,26691.209000000003
16177,26981.214000000004
16178,27211.211000000003
16179,27892.203000000005
16180,27881.204000000005
16181,27460.201000000005
16182,27267.200000000004
16183,27973.202000000005
16184,27035.197000000004
16185,27704.196000000004
16186,27386.191000000003
16187,27449.186
16188,28247.188000000002
16189,27743.179000000004
16190,28723.176000000003
16191,29131.176000000003
16192,29610.174000000003
16193,29128.169
16194,30178.166
16195,29995.166
16196,30042.175000000003
16197,29931.174
16198,29370.179
16199,30220.183
16200,29365.177000000003
16201,28669.177
16202,28537.173000000003
16203,27224.181
16204,26800.184
16205,26622.182
16206,26694.174
16207,27250.175000000003
16208,27669.175000000003
16209,27739.176000000003
16210,27702.183
16211,27779.179
16212,27927.186
16213,28755.186
16214,27984.191000000003
16215,29001.187
16216,28245.189000000002
16217,27674.194000000003
16218,28629.199000000004
16219,28413.207000000002
16220,29327.207000000002
16221,29720.209000000003
16222,30448.212000000003
16223,29932.213
16224,30841.218
16225,30649.225000000002
16226,30663.223
16227,29935.225000000002
16228,29503.230000000003
16229,29310.237000000005
16230,28488.246000000003
16231,28085.252000000004
16232,28242.255000000005
16233,27085.256000000005
16234,26264.258000000005
16235,25518.258000000005
16236,25942.254000000004
16237,26317.258000000005
16238,27332.252000000004
16239,28006.249000000003
16240,28325.255000000005
16241,27936.253000000004
16242,28740.251000000004
16243,29504.251000000004
16244,28737.257000000005
16245,29324.257000000005
16246,29682.25500000001
16247,30997.252000000008
16248,31972.253000000008
16249,31274.259000000005
16250,32324.256000000005
16251,32987.258
16252,32992.251
16253,32741.252000000004
16254,32959.252
16255,32973.253000000004
16256,33026.26
16257,32850.265
16258,32627.258000000005
16259,32802.256
16260,31436.255000000005
16261,30896.250000000004
16262,31140.245000000003
16263,30277.241000000005
16264,29679.246000000003
16265,29521.242000000002
16266,29556.243000000002
16267,30261.240000000005
16268,30857.244000000006
16269,31729.248000000003
16270,31596.235000000004
16271,31404.235000000004
16272,32020.225000000006
16273,33324.22200000001
16274,33065.223000000005
16275,34027.21799999999
16276,33829.217
16277,32142.224000000006
16278,32199.216000000004
16279,31810.219000000005
16280,33031.216
16281,33683.208999999995
16282,33561.200000000004
16283,33115.201
16284,33659.199
16285,33395.206
16286,33926.208
16287,33928.203
16288,32675.211000000003
16289,32844.207
16290,31996.206000000002
16291,32065.206000000002
16292,31770.213000000003
16293,29311.213000000003
16294,28829.217000000004
16295,28384.213000000003
16296,28602.206000000006
16297,29430.192000000006
16298,29552.192000000006
16299,29412.192000000006
16300,30372.181000000004
16301,30221.173000000006
16302,29900.182000000004
16303,30965.170000000006
16304,31947.160000000003
16305,32120.157000000007
16306,32225.158000000007
16307,31265.152000000006
16308,31088.151000000005
16309,30714.143000000007
16310,30858.143000000007
16311,30805.136000000006
16312,30793.134000000005
16313,30389.130000000005
16314,30941.132000000005
16315,30078.134000000005
16316,31017.131000000005
16317,30447.132000000005
16318,30037.131000000005
16319,29772.133000000005
16320,28746.131000000005
16321,29624.130000000005
16322,28637.128000000008
16323,28292.126000000007
16324,27692.122000000007
16325,28198.122000000007
16326,27475.115000000005
16327,28318.110000000004
16328,28436.104000000003
16329,28868.101000000006
16330,29831.101000000006
16331,29446.101000000006
16332,30837.098000000005
16333,32202.095000000005
16334,32518.093000000004
16335,32706.090000000004
16336,32526.090000000004
16337,32092.092000000004
16338,32906.091
16339,32695.090000000004
16340,32534.091000000004
16341,31976.091000000004
16342,33352.087
16343,32581.087000000003
16344,33700.087999999996
16345,32697.089000000004
16346,33943.085999999996
16347,33147.086
16348,31894.089000000004
16349,32319.086000000003
16350,30096.093000000004
16351,30247.091000000004
16352,28674.094000000005
16353,28075.094000000005
16354,27247.095000000005
16355,27922.091000000004
16356,27289.088000000003
16357,27212.093000000004
16358,27131.095000000005
16359,27578.091000000008
16360,28803.088000000007
16361,28674.087000000007
16362,28634.088000000007
16363,29667.083000000006
16364,35767.079000000005
16365,37013.07800000001
16366,36813.076
16367,36985.07400000001
16368,38185.072
16369,38039.069
16370,37832.071
16371,37187.071
16372,37602.07000000001
16373,37627.07000000001
16374,38354.07200000001
16375,37804.07000000001
16376,39076.066000000006
16377,38291.06700000001
16378,37431.065
16379,32702.066000000006
16380,31525.065000000006
16381,31555.064000000006
16382,31000.061000000005
16383,30275.062000000005
16384,29685.064000000006
16385,29300.063000000006
16386,29290.067000000006
16387,29370.067000000006
16388,30005.062000000005
16389,29055.063000000006
16390,30165.065000000006
16391,30585.064000000006
16392,31230.062000000005
16393,31840.063000000006
16394,31845.062000000005
16395,32885.059
16396,32040.062000000005
16397,32045.061000000005
16398,32705.056000000008
16399,33160.054000000004
16400,33420.05100000001
16401,33420.05100000001
16402,32925.058000000005
16403,32835.062000000005
16404,33055.06300000001
16405,32240.066000000006
16406,33590.064
16407,33725.066000000006
16408,32770.06800000001
16409,33005.07000000001
16410,31980.070000000007
16411,31750.072000000007
16412,31020.072000000007
16413,30825.072000000007
16414,30410.073000000008
16415,30610.072000000007
16416,29455.07700000001
16417,29520.074000000008
16418,29880.07600000001
16419,29315.072000000007
16420,30180.071000000007
16421,29810.072000000007
16422,30730.073000000008
16423,31505.074000000008
16424,31560.073000000008
16425,34405.068999999996
16426,33625.07
16427,33910.068
16428,33545.068
16429,33955.07
16430,34715.068999999996
16431,34695.068
16432,34480.068
16433,34865.068999999996
16434,35650.068
16435,35075.064999999995
16436,36435.066
16437,35665.064
16438,35105.064
16439,35200.06
16440,33995.062
16441,34660.062
16442,34060.066000000006
16443,33245.06800000001
16444,32245.069000000007
16445,32810.069
16446,32290.066000000006
16447,32480.067000000006
16448,33000.07000000001
16449,32190.071000000007
16450,32155.073000000008
16451,31315.075000000008
16452,32625.07600000001
16453,33645.073
16454,34090.072
16455,34950.06999999999
16456,34565.068999999996
16457,34600.066999999995
16458,34180.068999999996
16459,35240.068
16460,36110.064999999995
16461,36140.064
16462,36010.062
16463,36435.06
16464,36260.061
16465,35705.061
16466,36870.06199999999
16467,35945.062
16468,35505.067
16469,35035.065
16470,34880.062
16471,35805.062
16472,35590.061
16473,34055.062
16474,32675.06500000001
16475,32560.05900000001
16476,31740.063000000006
16477,32545.059000000005
16478,33130.059
16479,31940.063000000006
16480,32215.057000000008
16481,32390.057000000008
16482,34535.05500000001
16483,34905.05500000001
16484,35135.054000000004
16485,35720.054000000004
16486,35380.054000000004
16487,35610.052
16488,34820.054000000004
16489,35570.05500000001
16490,36680.057
16491,36030.061
16492,35410.063
16493,36190.063
16494,37095.060000000005
16495,36470.063
16496,37440.064000000006
16497,36890.062000000005
16498,36955.061
16499,37975.05699999999
16500,37195.057
16501,37590.058
16502,36800.060000000005
16503,35825.06
16504,35210.061
16505,34960.06300000001
16506,34515.064000000006
16507,34905.064000000006
16508,35345.064000000006
16509,33940.06900000001
16510,33725.06800000001
16511,33450.066000000006
16512,34780.068
16513,34910.073000000004
16514,33795.076
16515,34070.075
16516,33305.073000000004
16517,33145.07200000001
16518,32608.071000000007
16519,33198.07000000001
16520,34338.072
16521,34228.07
16522,33893.07
16523,34053.072
16524,34438.073
16525,35033.070999999996
16526,36568.071
16527,36433.069
16528,36933.072
16529,37778.07
16530,36913.072
16531,37568.068
16532,36848.066000000006
16533,35898.066000000006
16534,35583.063
16535,34998.063
16536,34353.066
16537,34288.069
16538,34813.071
16539,34083.07200000001
16540,33788.068
16541,31658.06600000001
16542,32813.07000000001
16543,33213.06800000001
16544,33528.06700000001
16545,33328.06800000001
16546,32513.07000000001
16547,32343.07100000001
16548,32043.06900000001
16549,32348.07100000001
16550,33968.07000000001
16551,34103.07200000001
16552,33678.07600000001
16553,34083.07500000001
16554,34138.07400000001
16555,34500.075
16556,35975.07699999999
16557,35740.075999999994
16558,35045.075
16559,35560.07899999999
16560,34945.08
16561,35195.07899999999
16562,35708.074
16563,34693.077000000005
16564,33633.07900000001
16565,33978.08000000001
16566,33708.07600000001
16567,34268.07200000001
16568,34013.07600000001
16569,32753.079000000012
16570,31578.080000000013
16571,30613.08200000001
16572,31363.083000000013
16573,32383.080000000013
16574,32933.08200000001
16575,33463.08200000001
16576,33998.07800000001
16577,33628.08000000001
16578,34015.08300000001
16579,35405.07800000001
16580,36745.078
16581,36700.077000000005
16582,36025.076
16583,36240.078
16584,36915.08000000001
16585,36915.08
16586,38375.076
16587,37765.077
16588,37515.073000000004
16589,38710.072
16590,38010.07000000001
16591,38615.072
16592,38805.073000000004
16593,37695.07100000001
16594,36730.06800000001
16595,36730.06800000001
16596,37150.067
16597,37510.06800000001
16598,36835.07000000001
16599,35340.06700000001
16600,35445.070000000014
16601,35025.07100000001
16602,35180.074000000015
16603,36175.07500000001
16604,37210.07300000001
16605,37215.07200000001
16606,35680.07200000001
16607,35530.06800000001
16608,35960.06500000001
16609,36235.07300000001
16610,37565.065
16611,37555.063
16612,37085.064
16613,36715.065
16614,37115.064000000006
16615,37345.062000000005
16616,38510.063
16617,38440.067
16618,39065.064
16619,39555.062999999995
16620,37825.062999999995
16621,39470.06299999999
16622,39760.066999999995
16623,38465.06699999999
16624,37565.061
16625,37140.063
16626,37105.064999999995
16627,37330.064
16628,36935.064999999995
16629,36110.064
16630,36045.067
16631,35890.064000000006
16632,36305.064
16633,36565.071
16634,37340.073000000004
16635,36955.073000000004
16636,35365.07700000001
16637,34480.07500000001
16638,34255.07700000001
16639,35090.07600000001
16640,36645.077000000005
16641,36680.075000000004
16642,36285.077000000005
16643,36470.079
16644,36335.078
16645,37490.076
16646,39235.079999999994
16647,39000.08299999999
16648,39590.081999999995
16649,39595.08299999999
16650,38425.085
16651,38565.086
16652,38512.087
16653,37572.08500000001
16654,36707.088
16655,36742.087
16656,36592.088
16657,36732.08900000001
16658,36968.08500000001
16659,36283.081000000006
16660,36258.081000000006
16661,36040.081000000006
16662,37123.08
16663,37763.08
16664,38573.08
16665,43353.077000000005
16666,41568.07800000001
16667,40728.08000000001
16668,40777.07800000001
16669,41432.08300000001
16670,42572.08500000001
16671,42659.088
16672,42872.08900000001
16673,42727.08900000001
16674,43012.086
16675,43587.088
16676,44897.09
16677,44443.091
16678,45083.092
16679,45510.090000000004
16680,44420.083999999995
16681,44350.090000000004
16682,44169.08900000001
16683,43409.09000000001
16684,42176.08600000001
16685,41361.08900000001
16686,41637.08700000001
16687,42392.088
16688,42111.09300000001
16689,41977.090000000004
16690,42659.08800000001
16691,42290.08700000001
16692,43042.089000000014
16693,43402.09000000001
16694,43656.09400000001
16695,41751.09700000001
16696,39996.09700000001
16697,39641.095000000016
16698,38703.09400000001
16699,38703.095000000016
16700,40678.09700000001
16701,35561.09900000001
16702,35171.102000000006
16703,36131.100000000006
16704,36951.098000000005
16705,37182.099
16706,38482.102
16707,37744.101
16708,38839.097
16709,39079.096000000005
16710,37738.095
16711,36397.093
16712,36174.095
16713,34744.09900000001
16714,33436.098000000005
16715,33842.09900000001
16716,34007.10400000001
16717,34267.105
16718,35047.106
16719,35258.11
16720,35810.114
16721,35250.119
16722,35790.125
16723,35919.127
16724,36384.13
16725,35559.130000000005
16726,33549.136000000006
16727,32797.13900000001
16728,31292.13900000001
16729,31287.13600000001
16730,32427.13700000001
16731,31867.143000000007
16732,31302.14800000001
16733,31852.15300000001
16734,32079.15500000001
16735,32706.15800000001
16736,34066.16500000001
16737,32726.17100000001
16738,39331.16900000001
16739,40246.18000000001
16740,39131.18100000001
16741,39603.180000000015
16742,39888.181000000004
16743,38556.18200000001
16744,37380.183000000005
16745,37390.18500000001
16746,38424.18400000001
16747,40488.187000000005
16748,41733.185
16749,40583.187000000005
16750,41252.186000000016
16751,41667.19
16752,43447.198000000004
16753,44460.19899999999
16754,44635.205
16755,44479.19499999999
16756,42904.201
16757,41619.209
16758,39432.21000000001
16759,39383.20500000001
16760,40223.205
16761,40239.20400000001
16762,39133.20700000001
16763,39254.209
16764,39953.20700000001
16765,41437.206999999995
16766,41887.210999999996
16767,41546.21399999999
16768,42751.21399999999
16769,44597.212
16770,43495.213
16771,43584.212
16772,37687.215
16773,36364.221
16774,34543.229
16775,34103.222
16776,34723.219000000005
16777,35451.226
16778,35991.229
16779,34521.23100000001
16780,34698.23900000001
16781,35018.240000000005
16782,36874.24
16783,37675.241
16784,38813.241
16785,39483.237
16786,38334.238000000005
16787,37385.237
16788,35980.234000000004
16789,36144.233
16790,37080.239
16791,37298.245
16792,37663.247
16793,37810.253
16794,38121.248
16795,39358.248
16796,41009.253
16797,40159.262
16798,41808.268000000004
16799,42915.272000000004
16800,42195.275
16801,42120.274
16802,40751.27
16803,39478.274000000005
16804,38030.276000000005
16805,36065.278000000006
16806,35929.277
16807,37291.275
16808,36865.278
16809,35854.27700000001
16810,41493.27700000001
16811,40224.27500000001
16812,42546.275
16813,42468.280999999995
16814,44081.282999999996
16815,45283.284999999996
16816,44193.287
16817,43755.291999999994
16818,43408.292
16819,42957.293
16820,44492.297
16821,44014.304000000004
16822,44325.303
16823,44837.298
16824,45454.3
16825,46195.299
16826,48004.297000000006
16827,47046.297000000006
16828,48741.298
16829,49670.301
16830,48526.30900000001
16831,48918.306000000004
16832,47055.309
16833,47105.314000000006
16834,46038.313
16835,44958.312000000005
16836,44352.317
16837,46082.31500000001
16838,45856.321
16839,44695.323000000004
16840,43147.331000000006
16841,42915.33400000001
16842,45106.340000000004
16843,45040.34600000001
16844,45510.34700000001
16845,45912.35000000001
16846,44175.36200000001
16847,43773.371
16848,42478.366
16849,43078.37100000001
16850,44947.37500000001
16851,44751.377
16852,44994.377
16853,39419.384000000005
16854,40356.385
16855,41917.38100000001
16856,42847.38400000001
16857,42423.38700000001
16858,43529.39500000001
16859,44060.401000000005
16860,43455.39900000001
16861,43570.407000000014
16862,41768.40000000001
16863,41924.39800000001
16864,41160.40200000002
16865,40524.40200000002
16866,40546.40600000002
16867,40711.409000000014
16868,40765.41500000001
16869,39965.42100000001
16870,38967.42700000001
16871,38701.42400000001
16872,42051.42200000001
16873,41998.42400000001
16874,42437.42300000001
16875,42234.42700000001
16876,41919.42800000001
16877,41844.432
16878,40504.441000000006
16879,40589.441000000006
16880,41793.44000000001
16881,41281.439
16882,40685.450999999994
16883,40888.447
16884,41430.450999999994
16885,42543.443
16886,43253.44500000001
16887,43149.452
16888,43567.46200000001
16889,44296.46300000001
16890,43692.46300000001
16891,45117.46399999999
16892,42332.469
16893,41945.474
16894,41361.46700000001
16895,40902.46900000002
16896,40556.477000000006
16897,41456.487
16898,42325.486000000004
16899,42713.48400000002
16900,42225.48400000001
16901,41535.48400000001
16902,44010.47800000002
16903,44488.48700000001
16904,45906.49300000002
16905,45954.493000000024
16906,46437.48500000002
16907,46277.48100000002
16908,45573.48700000002
16909,45682.48900000002
16910,45944.49000000002
16911,45969.486000000026
16912,45091.49200000002
16913,50291.496000000014
16914,50709.508000000016
16915,51113.49600000003
16916,51215.50600000002
16917,50629.50600000002
16918,50441.50300000001
16919,50867.513000000006
16920,50639.52500000002
16921,51518.51800000001
16922,50050.52100000001
16923,49283.52800000002
16924,48340.53000000001
16925,47298.534000000014
16926,47367.53500000002
16927,48084.53500000002
16928,48662.53500000002
16929,48168.53900000002
16930,47783.537000000026
16931,41678.542000000016
16932,43460.53500000001
16933,44621.531000000025
16934,44931.53100000001
16935,46243.52400000001
16936,45262.53800000002
16937,44894.54600000002
16938,43881.55300000002
16939,43396.570000000014
16940,43473.569
16941,43752.577000000005
16942,43189.58200000001
16943,42903.594000000005
16944,42943.596000000005
16945,43607.599
16946,44469.59300000001
16947,43315.603
16948,43185.610000000015
16949,43997.60300000002
16950,43937.60500000001
16951,43911.612
16952,42550.617000000006
16953,42774.61500000001
16954,42040.61800000002
16955,41144.623000000014
16956,42104.61700000001
16957,42397.62300000001
16958,42778.62200000002
16959,42287.61900000002
16960,41595.62300000002
16961,40889.62100000002
16962,42490.625000000015
16963,43735.621000000014
16964,43812.629000000015
16965,44635.64300000001
16966,44074.64100000001
16967,44759.65200000001
16968,43668.65700000001
16969,43212.659
16970,45318.65600000001
16971,45442.656
16972,44613.656
16973,44607.649000000005
16974,44933.651
16975,44198.653
16976,43919.647999999994
16977,44274.651
16978,43335.653
16979,44218.653
16980,43469.647
16981,43934.642
16982,42281.635
16983,42131.634000000005
16984,42263.634999999995
16985,42501.634000000005
16986,43362.639
16987,44162.63000000001
16988,44746.638000000006
16989,44824.634000000005
16990,44427.631
16991,43477.63100000001
16992,44837.642
16993,44863.639
16994,45804.638
16995,45955.64100000001
16996,45862.640000000014
16997,45951.636000000006
16998,46228.632
16999,45036.632000000005
17000,46366.64100000001
17001,46270.64400000001
17002,46299.636000000006
17003,45898.63700000001
17004,45637.63500000001
17005,45329.64200000001
17006,44672.64900000001
17007,44480.636000000006
17008,43715.63900000001
17009,44648.640000000014
17010,43747.63600000001
17011,43599.63400000001
17012,42308.62200000001
17013,43704.611000000004
17014,43177.62
17015,43404.614000000016
17016,43099.60900000001
17017,43551.612000000016
17018,42484.614
17019,42211.613999999994
17020,42356.621999999996
17021,41659.63200000001
17022,42747.627000000015
17023,43215.62500000001
17024,43636.62700000001
17025,43678.61600000001
17026,43635.61200000001
17027,43931.61600000001
17028,43237.612000000016
17029,42860.59900000002
17030,43753.59600000001
17031,43870.606000000014
17032,42803.61700000001
17033,41282.61600000001
17034,40088.61700000001
17035,39529.63000000002
17036,39687.625000000015
17037,39874.62100000002
17038,40069.625000000015
17039,40076.63400000001
17040,39356.64300000002
17041,38969.646000000015
17042,37565.64300000001
17043,39322.64600000002
17044,38862.64700000001
17045,39032.64200000001
17046,39579.634000000005
17047,40227.63700000001
17048,40599.63800000002
17049,40482.62200000001
17050,40479.61200000001
17051,40257.602
17052,41093.59600000001
17053,40471.596000000005
17054,41053.605
17055,40292.606999999996
17056,46214.600000000006
17057,45371.59
17058,43885.59500000001
17059,43230.594000000005
17060,43772.597
17061,43437.601
17062,43583.59000000001
17063,42563.58800000001
17064,41984.587000000014
17065,41375.588
17066,40883.57900000001
17067,41652.57100000001
17068,42593.56400000001
17069,43062.57000000001
17070,42535.56700000001
17071,42571.572000000015
17072,40875.57100000001
17073,42547.57400000001
17074,42115.58300000001
17075,42345.576
17076,41973.576
17077,42052.58500000001
17078,41518.584
17079,40205.594
17080,40381.594
17081,40464.58500000001
17082,41502.583
17083,40760.576
17084,40984.57000000001
17085,39493.58500000001
17086,34946.57399999999
17087,33494.57500000002
17088,33347.57900000002
17089,33326.56900000002
17090,34511.56
17091,34715.568999999996
17092,33987.567
17093,33530.564000000006
17094,33740.566000000006
17095,34302.558000000005
17096,32464.56000000002
17097,33007.55500000002
17098,32823.56200000002
17099,33619.560000000005
17100,32333.56100000002
17101,31542.564000000024
17102,29151.566000000017
17103,30304.567000000017
17104,29424.56900000002
17105,30218.561000000023
17106,31533.559000000023
17107,32552.56500000002
17108,32095.565000000017
17109,32337.556000000015
17110,31931.560000000016
17111,31540.554000000015
17112,32433.552000000018
17113,31754.565000000013
17114,31392.571000000018
17115,30026.569000000018
17116,30749.55600000002
17117,29734.551000000018
17118,29662.54600000002
17119,29439.548000000017
17120,30082.541000000016
17121,30928.543000000012
17122,31107.538000000015
17123,30343.531000000014
17124,30155.528000000013
17125,31206.526000000013
17126,30780.51400000001
17127,30134.516000000014
17128,30658.517000000014
17129,30558.513000000014
17130,29672.504000000015
17131,29109.513000000017
17132,28112.514000000017
17133,28930.511000000017
17134,29419.511000000017
17135,30649.50500000002
17136,30986.494000000017
17137,31374.495000000017
17138,31063.48700000002
17139,31001.48500000002
17140,31067.486000000015
17141,30163.487000000016
17142,31196.482000000015
17143,30563.478000000017
17144,29595.482000000015
17145,28100.48500000002
17146,27439.48300000002
17147,27398.481000000018
17148,26804.486000000015
17149,26782.483000000015
17150,27588.482000000015
17151,28374.478000000014
17152,27979.476000000017
17153,28006.476000000013
17154,28330.478000000014
17155,27967.479000000014
17156,28029.485000000015
17157,27272.489000000016
17158,27747.485000000015
17159,27323.475000000013
17160,26641.467000000015
17161,26591.46500000001
17162,26148.46400000001
17163,25832.464000000014
17164,25688.460000000014
17165,27038.457000000013
17166,25822.461000000018
17167,26017.462000000014
17168,25264.467000000015
17169,26175.46700000002
17170,26433.466000000015
17171,25823.459000000017
17172,26548.458000000013
17173,25829.454000000016
17174,25678.448000000015
17175,24606.44900000001
17176,25688.446000000014
17177,25958.440000000013
17178,25344.449000000015
17179,25265.44600000001
17180,25615.451000000012
17181,26245.438000000013
17182,25663.443000000014
17183,25959.440000000013
17184,25647.43300000001
17185,25380.437000000013
17186,24575.43300000001
17187,24546.431000000008
17188,24818.422000000013
17189,23276.422000000017
17190,22321.413000000015
17191,22238.41500000001
17192,21430.411000000015
17193,21175.41200000001
17194,21594.414000000015
17195,22508.414000000015
17196,22683.40800000001
17197,23108.41400000001
17198,23276.40500000001
17199,23559.407000000007
17200,24418.40800000001
17201,23484.411000000007
17202,24256.412000000008
17203,24539.405000000006
17204,24893.404000000002
17205,24206.407000000007
17206,24059.415000000005
17207,23369.425000000003
17208,23939.423000000003
17209,24900.414000000004
17210,24955.412000000004
17211,24452.414
17212,24332.404000000002
17213,24187.403000000002
17214,22577.404000000002
17215,22496.404000000006
17216,21640.411000000007
17217,21829.406000000003
17218,22025.401000000005
17219,21165.401
17220,20537.403000000002
17221,22449.399
17222,21187.403
17223,20758.411999999997
17224,20724.417
17225,21150.422
17226,21395.424
17227,21326.43
17228,20315.428000000004
17229,20143.416
17230,21248.401
17231,18716.412
17232,19609.411
17233,20122.412
17234,20803.415000000005
17235,19681.417000000005
17236,19777.413000000004
17237,19687.413000000004
17238,19873.413000000004
17239,20568.413000000004
17240,20888.405000000002
17241,21112.403000000006
17242,22606.394000000004
17243,22225.385000000002
17244,20815.385000000002
17245,21449.386000000002
17246,21107.393000000004
17247,21554.385000000002
17248,21470.379
17249,21159.376
17250,21514.365999999998
17251,21856.362999999998
17252,19248.369
17253,17854.374
17254,17653.381
17255,16574.385000000002
17256,16296.385000000002
17257,15337.389
17258,13753.391
17259,12880.393
17260,11578.399000000003
17261,10698.403000000004
17262,11325.400000000005
17263,10879.404000000008
17264,10903.407000000008
17265,10616.412000000008
17266,10324.406000000008
17267,10018.41300000001
17268,11096.416000000012
17269,11500.427000000014
17270,12928.433000000015
17271,12268.444000000014
17272,12576.455000000014
17273,12287.46900000002
17274,11043.48300000002
17275,9792.50100000002
17276,8793.51500000002
17277,7282.537000000022
17278,4227.558000000014
17279,1481.5979999999977
17280,1848.4379999999962
17281,4363.426000000018
17282,5929.4120000000175
17283,6877.402000000019
17284,7792.403000000019
17285,8897.39300000002
17286,9935.38400000002
17287,11275.383000000016
17288,11775.380000000017
17289,12285.376000000017
17290,14235.379000000015
17291,13207.373000000012
17292,12190.36800000001
17293,11805.368000000008
17294,11550.359000000008
17295,11425.357000000007
17296,10633.361000000006
17297,10474.359000000008
17298,10899.360000000006
17299,11319.357000000007
17300,9507.352000000003
17301,10342.362000000005
17302,12737.355000000007
17303,15367.344000000003
17304,16064.339
17305,17169.34
17306,18189.337
17307,17426.335
17308,18886.331
17309,19451.326999999997
17310,19621.323999999997
17311,20337.330999999995
17312,19620.338999999996
17313,17725.338
17314,18888.334
17315,18952.335
17316,18802.333
17317,20099.337
17318,18554.337
17319,17862.337
17320,18625.329999999998
17321,17901.319
17322,16034.318
17323,15629.317000000001
17324,15229.316
17325,15244.312
17326,14059.313
17327,14689.301
17328,15244.294
17329,15374.295999999998
17330,15169.294000000002
17331,15234.293000000001
17332,16313.298000000004
17333,16848.296000000006
17334,16453.296000000006
17335,17100.296000000006
17336,17515.291000000005
17337,16493.288000000004
17338,16966.278000000002
17339,16189.274000000003
17340,15179.270000000004
17341,15969.263000000004
17342,15769.257000000003
17343,15524.254000000003
17344,16039.251
17345,15916.251000000004
17346,15906.245
17347,16696.244000000002
17348,16316.242000000002
17349,16893.24
17350,17240.237
17351,16483.232000000004
17352,16885.219000000005
17353,18058.213
17354,18489.203999999998
17355,17694.202
17356,17824.202
17357,18249.194
17358,18424.195
17359,18664.189
17360,19221.183999999997
17361,19006.190000000002
17362,19016.190000000002
17363,17831.195000000003
17364,17479.192000000003
17365,18094.189000000002
17366,17319.193000000003
17367,16491.197000000004
17368,16066.204000000005
17369,14896.206000000006
17370,14339.206000000004
17371,13941.206000000004
17372,13364.206000000004
17373,13974.204000000003
17374,15374.199000000002
17375,15194.200000000003
17376,15399.202000000003
17377,15749.207000000004
17378,15944.209000000004
17379,17322.208000000002
17380,17292.213000000003
17381,17477.213000000003
17382,17439.216000000008
17383,17849.214000000007
17384,17413.22100000001
17385,17664.216000000004
17386,18441.215000000004
17387,19006.215000000004
17388,19181.219000000005
17389,18601.219000000005
17390,19036.215000000004
17391,19484.211000000003
17392,18704.211000000003
17393,17357.209000000003
17394,16947.208000000002
17395,16552.209000000003
17396,15782.208000000004
17397,16572.205
17398,15984.204000000003
17399,14389.209000000004
17400,14599.207000000004
17401,14576.209000000004
17402,14571.209000000004
17403,15984.205000000004
17404,16989.202000000005
17405,17979.199
17406,17807.196000000004
17407,17442.194000000003
17408,17247.196000000004
17409,17832.196
17410,17857.195000000003
17411,17267.196000000004
17412,16697.195000000003
17413,17092.194
17414,18074.194
17415,17264.197
17416,19201.198
17417,18591.201
17418,19359.202
17419,19359.201999999997
17420,18584.204
17421,19144.207
17422,18769.203999999998
17423,18389.201
17424,18181.202
17425,17001.205
17426,16054.203000000003
17427,17039.202000000005
17428,15474.203000000003
17429,15114.202000000003
17430,15332.199000000002
17431,15681.200000000004
17432,14884.203000000005
17433,15327.197000000004
17434,15902.198000000004
17435,17467.197000000004
17436,17844.198000000004
17437,18269.197000000004
17438,18269.197000000004
17439,19434.196
17440,20822.191
17441,20399.192
17442,21184.19
17443,21569.189
17444,21579.188
17445,20984.19
17446,21909.192
17447,21517.193
17448,22707.189
17449,20937.193
17450,19982.193
17451,19767.198
17452,18979.198
17453,18799.197
17454,18449.193000000003
17455,17669.193000000003
17456,17244.195000000003
17457,18021.194
17458,18406.195
17459,18416.195
17460,17634.197000000004
17461,17182.201
17462,16822.199000000004
17463,16847.197000000004
17464,16827.198000000004
17465,17992.199
17466,18602.196
17467,18784.197
17468,19204.194
17469,19584.194
17470,21002.188
17471,21212.186999999998
17472,21962.189
17473,22302.191
17474,23502.189
17475,22912.189
17476,24104.186999999998
17477,23296.191
17478,23656.192
17479,22324.188
17480,22137.186
17481,20987.187
17482,20017.183
17483,18867.181
17484,18477.18
17485,17687.179000000004
17486,17687.178
17487,17702.176
17488,18692.174
17489,19527.171
17490,18747.171
17491,19567.164
17492,18157.168
17493,18092.172000000002
17494,18072.173000000003
17495,19219.174000000003
17496,19624.171000000002
17497,20599.171000000002
17498,20379.173000000003
17499,20344.176000000003
17500,21099.178000000004
17501,21517.172000000002
17502,22864.176000000003
17503,23426.177000000003
17504,23631.177000000003
17505,23858.172000000002
17506,24431.172000000002
17507,23581.177000000003
17508,23556.183000000005
17509,22361.185000000005
17510,22749.186000000005
17511,22128.185000000005
17512,21513.187000000005
17513,19731.190000000006
17514,19331.189000000002
17515,18313.191000000003
17516,18311.190000000002
17517,17751.187000000005
17518,17938.186000000005
17519,18683.187000000005
17520,18693.186000000005
17521,18878.190000000002
17522,18308.185
17523,19111.182
17524,19506.181
17525,20720.179
17526,20563.179
17527,21153.181
17528,21597.178
17529,21210.18
17530,20850.182
17531,21054.185
17532,21234.188000000002
17533,20665.191000000003
17534,21657.189000000002
17535,21684.192000000003
17536,22464.192000000003
17537,22655.192000000003
17538,23294.186
17539,22348.192000000003
17540,23717.189000000002
17541,23181.188000000002
17542,23568.189000000002
17543,22568.191000000003
17544,22407.190000000002
17545,21440.190000000002
17546,21625.196
17547,21076.2
17548,21684.204
17549,22520.197
17550,22176.197
17551,21979.197000000004
17552,21797.196000000004
17553,22976.197000000004
17554,22756.203
17555,24126.203
17556,23366.199000000004
17557,23380.201000000005
17558,22815.201000000005
17559,22815.205
17560,22251.205
17561,22653.202
17562,23224.207000000002
17563,23057.204
17564,23089.198000000004
17565,22518.2
17566,22539.2
17567,22154.199
17568,23513.198
17569,22999.195
17570,23005.196
17571,23621.197
17572,24381.199
17573,23221.197
17574,23450.193
17575,23450.191
17576,23676.190000000002
17577,23462.190000000002
17578,23657.191000000003
17579,23631.193000000003
17580,23707.187
17581,24317.187
17582,24267.190000000002
17583,24642.195000000003
17584,25822.193000000003
17585,27015.193000000003
17586,27427.191000000003
17587,27408.195
17588,26869.197
17589,26884.198
17590,25778.193000000003
17591,25841.190000000002
17592,25613.190000000002
17593,25189.185
17594,25597.189000000002
17595,25335.198
17596,25151.201
17597,24450.201
17598,25267.2
17599,24096.205
17600,25430.199000000004
17601,26417.200000000004
17602,26892.195000000003
17603,25793.194000000003
17604,25205.193000000003
17605,25581.195000000003
17606,24715.198000000004
17607,24507.199000000004
17608,25324.195
17609,25945.189
17610,24833.183
17611,24611.186
17612,24366.190000000002
17613,25173.190000000002
17614,25560.191000000006
17615,26355.193
17616,25069.194000000003
17617,25576.188000000006
17618,25532.190000000006
17619,26368.190000000006
17620,24347.191000000003
17621,25689.188000000002
17622,25709.189000000002
17623,25640.198
17624,25096.198
17625,25326.196
17626,25428.202
17627,25435.206000000002
17628,25863.209000000003
17629,25782.210000000003
17630,26783.208000000002
17631,27593.206000000002
17632,28598.205
17633,26727.202
17634,25725.203000000005
17635,25885.206000000002
17636,24854.200000000004
17637,24700.201000000005
17638,24886.204000000005
17639,25486.200000000004
17640,25121.199000000004
17641,25293.199000000004
17642,24871.199
17643,26266.197
17644,26066.196000000004
17645,27072.190000000002
17646,27187.194000000003
17647,27171.189000000002
17648,27186.188000000002
17649,27570.189000000002
17650,26417.187
17651,26791.189000000006
17652,26764.193000000003
17653,27343.194
17654,27569.194
17655,28166.192
17656,28114.201
17657,28127.2
17658,29237.193
17659,29980.196
17660,31186.192
17661,31196.196
17662,31194.198
17663,28772.203999999998
17664,27748.208
17665,27743.214
17666,27081.208
17667,27108.202999999998
17668,27159.207
17669,26670.207
17670,25896.21
17671,25872.218
17672,25402.228
17673,26469.24
17674,26116.243000000002
17675,26223.238
17676,26432.243000000002
17677,26857.249000000003
17678,27234.251000000004
17679,27599.250000000004
17680,26885.249000000003
17681,27310.248000000003
17682,27800.245000000003
17683,27823.251000000004
17684,28275.246000000003
17685,29271.236000000004
17686,29616.237
17687,29429.243000000002
17688,29298.244000000002
17689,29551.247000000003
17690,30160.249000000003
17691,30519.251000000004
17692,30288.247000000003
17693,28527.249000000003
17694,28093.247000000003
17695,27893.254
17696,27038.255
17697,26403.261000000002
17698,26796.263000000003
17699,27213.263000000003
17700,27237.266000000003
17701,27014.270000000004
17702,26222.271000000004
17703,27023.264000000003
17704,27346.251
17705,28028.246000000003
17706,28148.252
17707,29636.255
17708,29675.257
17709,30469.253
17710,29391.255
17711,29129.261000000002
17712,30100.261000000002
17713,29424.262000000002
17714,29735.246000000003
17715,30113.241
17716,30826.239
17717,31230.232
17718,29752.225000000002
17719,29136.229000000003
17720,28882.224000000002
17721,29615.235
17722,28783.242000000002
17723,27681.233000000004
17724,27700.225000000002
17725,28221.228000000003
17726,28278.219
17727,28503.208000000002
17728,28714.202
17729,28484.203
17730,29140.195
17731,28953.187
17732,28150.189000000002
17733,29731.186
17734,30263.182
17735,30997.184
17736,30615.18
17737,31697.181
17738,32033.180000000004
17739,31678.169
17740,30451.172000000002
17741,30079.168
17742,30350.157000000003
17743,30877.153000000002
17744,30680.140000000003
17745,30398.139000000003
17746,31719.136000000002
17747,31116.129
17748,30306.121000000003
17749,29889.122000000003
17750,29498.116
17751,29993.113
17752,29408.111
17753,27833.112000000005
17754,28018.114000000005
17755,28630.112
17756,28894.115000000005
17757,29239.121000000003
17758,29842.111000000004
17759,30237.110000000004
17760,31370.111000000004
17761,30338.111000000004
17762,29369.108000000004
17763,30730.107000000004
17764,30969.103000000003
17765,31133.106000000003
17766,30741.103000000003
17767,31686.105000000003
17768,32583.097
17769,32836.095
17770,32028.097
17771,32172.088
17772,32852.083
17773,33383.085999999996
17774,33530.085
17775,33177.081999999995
17776,33919.084
17777,33132.085999999996
17778,31943.088
17779,31544.086
17780,30200.089
17781,30376.09
17782,30357.091
17783,28526.091
17784,28493.092
17785,28326.088000000003
17786,28226.091000000004
17787,28416.090000000004
17788,28054.092000000004
17789,28285.093000000004
17790,28905.088000000003
17791,28074.090000000004
17792,27099.088000000003
17793,28417.091000000004
17794,28771.087000000003
17795,29777.082000000002
17796,29849.084000000003
17797,30151.084000000003
17798,29992.084000000003
17799,30071.079000000005
17800,29663.077000000005
17801,29245.075000000004
17802,30415.072000000004
17803,30810.071000000004
17804,31040.072000000004
17805,31076.067000000003
17806,31700.066000000003
17807,32160.064000000002
17808,31595.064000000002
17809,31748.068000000003
17810,31783.064000000002
17811,32853.058000000005
17812,32098.058
17813,30793.055
17814,31727.055
17815,31606.06
17816,31615.058
17817,31090.058
17818,32165.051
17819,31770.050000000003
17820,32375.049000000003
17821,31195.050000000003
17822,30420.047000000002
17823,31955.047000000002
17824,30485.054000000004
17825,30875.054000000004
17826,30515.055000000004
17827,31755.052000000003
17828,31870.049000000003
17829,31930.048000000003
17830,31115.050000000003
17831,30745.051000000003
17832,31910.052000000003
17833,31515.054000000004
17834,31350.054000000004
17835,30305.058000000005
17836,31510.056000000004
17837,31965.053000000004
17838,30795.053000000004
17839,30650.053000000004
17840,30235.053000000004
17841,30590.055000000004
17842,29965.058000000005
17843,28715.058000000005
17844,29540.055000000004
17845,29995.052000000003
17846,29410.052000000003
17847,28620.049000000003
17848,30015.048000000003
17849,30060.044000000005
17850,30905.041
17851,30145.042000000005
17852,28900.047000000002
17853,29655.053000000004
17854,29830.052000000003
17855,30840.050000000003
17856,30455.049000000003
17857,31295.048000000003
17858,31455.050000000003
17859,32435.049000000003
17860,32330.046000000006
17861,31715.049000000003
17862,32975.05
17863,32845.048
17864,32670.049000000003
17865,31870.048000000003
17866,32875.047
17867,32925.047
17868,31900.049000000003
17869,31525.051000000003
17870,31560.050000000003
17871,32025.050000000003
17872,32620.049000000003
17873,31670.050000000003
17874,31425.050000000003
17875,32070.048000000003
17876,30870.049000000003
17877,29695.052000000003
17878,30950.050000000007
17879,29805.050000000007
17880,30600.047000000002
17881,30400.048000000003
17882,28615.049000000006
17883,29620.049000000006
17884,29030.050000000007
17885,29285.050000000007
17886,29450.051000000003
17887,30565.052000000003
17888,30760.054000000004
17889,31315.055000000008
17890,31705.056000000004
17891,31310.057000000004
17892,32405.053000000004
17893,32445.052000000003
17894,32695.053000000004
17895,32220.051000000007
17896,33220.052
17897,33770.049
17898,32820.05
17899,33275.047000000006
17900,32460.049000000006
17901,32715.047000000006
17902,32315.049000000006
17903,31925.049000000006
17904,31920.052000000007
17905,31955.050000000007
17906,31010.050000000007
17907,30655.048000000006
17908,31480.045000000006
17909,30670.047000000006
17910,30250.048000000006
17911,30080.048000000006
17912,28960.048000000006
17913,30105.048000000006
17914,30120.045000000006
17915,31200.048000000006
17916,31490.044000000005
17917,32305.043000000005
17918,32705.047000000006
17919,33460.047000000006
17920,33450.049000000006
17921,33245.052
17922,33820.055
17923,33215.05500000001
17924,33185.05700000001
17925,32640.054000000007
17926,33560.056000000004
17927,33165.058000000005
17928,32355.059000000005
17929,31930.06100000001
17930,32055.056000000008
17931,31630.05900000001
17932,31500.056000000008
17933,30595.057000000008
17934,30945.061000000005
17935,31605.057000000008
17936,31270.056000000008
17937,30895.058000000008
17938,30790.055000000008
17939,29745.05900000001
17940,29280.06400000001
17941,29680.06200000001
17942,29400.06400000001
17943,30360.06200000001
17944,29740.06500000001
17945,31035.06000000001
17946,30925.058000000008
17947,31845.05900000001
17948,32275.056000000004
17949,33310.054000000004
17950,34010.055
17951,33425.05500000001
17952,33390.058000000005
17953,32835.05700000001
17954,33070.05600000001
17955,31980.056000000008
17956,32625.054000000007
17957,32260.055000000008
17958,32750.06100000001
17959,33185.058000000005
17960,32625.05900000001
17961,32490.057000000008
17962,31955.057000000008
17963,31200.057000000008
17964,32625.055000000008
17965,33105.05200000001
17966,32945.05
17967,32335.050000000007
17968,32135.051000000007
17969,31655.055000000008
17970,31865.054000000007
17971,31635.056000000004
17972,30940.055000000008
17973,31865.052000000007
17974,30900.050000000007
17975,31395.053000000007
17976,31320.051000000007
17977,32545.050000000007
17978,32850.052
17979,33400.05500000001
17980,33795.054000000004
17981,33060.056000000004
17982,33890.056000000004
17983,32510.05900000001
17984,31900.06600000001
17985,30885.06400000001
17986,32415.057000000008
17987,31995.058000000008
17988,31995.05900000001
17989,32130.06100000001
17990,31540.06200000001
17991,31280.067000000006
17992,30800.07000000001
17993,30215.070000000007
17994,31185.071000000007
17995,32305.072000000007
17996,32175.065000000006
17997,31710.061000000005
17998,32395.053000000004
17999,32660.050000000003
18000,32425.053000000007
18001,32980.054000000004
18002,32525.057000000008
18003,33495.05900000001
18004,32190.057000000004
18005,32975.05600000001
18006,32780.057
18007,34015.054000000004
18008,34595.05500000001
18009,35285.05600000001
18010,35250.058000000005
18011,34490.05900000001
18012,34665.062
18013,35655.055
18014,35600.056000000004
18015,34265.05500000001
18016,35595.059
18017,35015.058000000005
18018,34550.054000000004
18019,34095.058000000005
18020,33540.058000000005
18021,32525.06200000001
18022,31765.06400000001
18023,30980.06500000001
18024,32230.06400000001
18025,33275.060000000005
18026,32455.05900000001
18027,31645.05900000001
18028,31870.058000000008
18029,31230.06000000001
18030,31635.05900000001
18031,32620.058000000008
18032,32155.054000000007
18033,32955.05500000001
18034,31785.055000000008
18035,32380.053000000007
18036,32455.052000000007
18037,33380.05700000001
18038,33440.05500000001
18039,34675.051999999996
18040,34865.053
18041,35090.051999999996
18042,36395.05
18043,36230.049000000006
18044,36005.05
18045,35385.052
18046,36135.05300000001
18047,35620.05
18048,34880.051
18049,34895.05300000001
18050,34405.058000000005
18051,33800.056000000004
18052,33855.05500000001
18053,32445.057000000008
18054,33200.058000000005
18055,33260.056000000004
18056,32655.055000000008
18057,32090.056000000008
18058,31980.053000000007
18059,30985.052000000007
18060,30850.049000000006
18061,31015.050000000007
18062,29980.051000000007
18063,31350.050000000007
18064,30345.051000000007
18065,30605.048000000006
18066,31000.046000000006
18067,32815.044
18068,33200.044
18069,34795.042
18070,35775.041
18071,35540.044
18072,36645.048
18073,36645.048
18074,36445.052
18075,35690.056000000004
18076,36410.058000000005
18077,36055.056
18078,34930.058999999994
18079,35135.05699999999
18080,34515.06
18081,33510.061
18082,32800.066000000006
18083,31995.066000000006
18084,33124.066000000006
18085,33719.066
18086,32394.068000000007
18087,31639.069000000007
18088,31919.068000000007
18089,31339.068000000007
18090,30689.074000000008
18091,31269.07600000001
18092,30290.075000000008
18093,31135.075000000008
18094,29765.07600000001
18095,30330.075000000008
18096,30343.072000000007
18097,31728.073000000008
18098,32328.075000000008
18099,33768.07000000001
18100,34205.066000000006
18101,33980.069
18102,35255.072
18103,35975.074
18104,35780.07400000001
18105,35615.073000000004
18106,37379.07400000001
18107,36824.07400000001
18108,36144.06900000001
18109,35689.07300000001
18110,35763.07000000001
18111,35283.065
18112,34101.067
18113,32966.066000000006
18114,33571.067
18115,32966.07100000001
18116,31835.07000000001
18117,31440.07300000001
18118,31541.072000000007
18119,30789.072000000007
18120,30545.07500000001
18121,31455.07800000001
18122,30666.079000000012
18123,31637.079000000012
18124,30995.080000000005
18125,31345.084000000006
18126,30804.08200000001
18127,31939.087000000007
18128,31909.088000000007
18129,32836.088
18130,33016.086
18131,32668.083000000006
18132,33460.086
18133,33989.08900000001
18134,34423.08900000001
18135,33894.08500000001
18136,35454.085
18137,34714.083000000006
18138,34629.08500000001
18139,34349.08900000001
18140,34969.088
18141,34820.08700000001
18142,34295.08600000001
18143,33357.08600000001
18144,33819.083000000006
18145,34168.084
18146,33479.088
18147,33033.08200000001
18148,32848.081000000006
18149,32423.083000000006
18150,32225.081000000006
18151,32805.083000000006
18152,32206.083000000006
18153,32640.083000000006
18154,32035.083000000006
18155,32841.083000000006
18156,32291.084000000006
18157,34156.08500000001
18158,34590.087
18159,35435.086
18160,35922.08500000001
18161,34717.08900000001
18162,35557.089
18163,36532.094
18164,36892.1
18165,36101.1
18166,37206.104
18167,35978.109
18168,35170.113
18169,34765.115
18170,35150.118
18171,34315.12700000001
18172,34227.123999999996
18173,33417.13
18174,33502.131
18175,33394.132000000005
18176,32891.130000000005
18177,32705.13100000001
18178,32188.129000000004
18179,32105.134000000005
18180,30941.140000000007
18181,31715.146000000008
18182,31685.14800000001
18183,32114.155000000006
18184,31112.159000000007
18185,31694.157000000007
18186,32099.152000000006
18187,33447.152
18188,35061.155
18189,34791.157
18190,35339.15400000001
18191,34299.16
18192,35230.164000000004
18193,35936.16300000001
18194,37158.154
18195,36380.15700000001
18196,37514.16
18197,36536.162000000004
18198,36158.164000000004
18199,35553.16900000001
18200,36127.170000000006
18201,36378.172000000006
18202,35438.175
18203,34630.18000000001
18204,35186.181000000004
18205,34906.18800000001
18206,34316.19300000001
18207,33351.200000000004
18208,32646.199000000008
18209,32844.20300000001
18210,32221.206000000006
18211,32814.205
18212,32198.209000000006
18213,33040.21000000001
18214,32301.212000000007
18215,32436.211000000007
18216,32421.213000000007
18217,33871.215000000004
18218,34758.216
18219,35246.208
18220,35085.21000000001
18221,35005.21400000001
18222,36265.221
18223,36280.224
18224,36945.221000000005
18225,35955.226
18226,37446.222
18227,37621.221000000005
18228,36938.225000000006
18229,36407.226
18230,36329.23500000001
18231,35637.236000000004
18232,35152.236000000004
18233,33926.240000000005
18234,34951.242
18235,35156.242
18236,34561.243
18237,33433.25000000001
18238,33441.24900000001
18239,33704.25000000001
18240,33200.249
18241,33641.249
18242,33712.249
18243,34892.25199999999
18244,34714.256
18245,34739.263
18246,34687.26899999999
18247,36387.273
18248,37762.275
18249,37727.274
18250,37539.27999999999
18251,37646.282
18252,38375.282
18253,38173.292
18254,37890.293
18255,37861.299000000006
18256,38490.308
18257,37903.311
18258,36797.312000000005
18259,37836.314000000006
18260,38544.315
18261,37827.315
18262,37037.319
18263,37011.314000000006
18264,37567.32200000001
18265,37679.32300000001
18266,36724.32200000001
18267,35285.31700000001
18268,35462.32000000001
18269,35499.326
18270,35602.327000000005
18271,36387.329000000005
18272,36400.329000000005
18273,37521.329000000005
18274,36477.331999999995
18275,36273.33
18276,37039.331000000006
18277,38070.335
18278,38895.337
18279,37862.34
18280,37366.342000000004
18281,37824.342000000004
18282,38496.34700000001
18283,37913.346000000005
18284,37673.345
18285,38197.345000000016
18286,38915.34400000001
18287,38695.34200000001
18288,37545.35000000001
18289,38719.353
18290,39620.35600000001
18291,38915.362000000016
18292,38014.36700000001
18293,38526.36000000001
18294,40090.35700000001
18295,40212.35700000002
18296,39020.358000000015
18297,38212.354000000014
18298,38519.35700000002
18299,39669.34900000002
18300,38856.35500000002
18301,39511.358000000015
18302,38975.356000000014
18303,39158.36300000001
18304,38735.375000000015
18305,38685.38000000002
18306,39762.38100000002
18307,41234.381000000016
18308,42009.390000000014
18309,40844.40100000002
18310,40974.40400000002
18311,41620.40500000001
18312,42144.41400000002
18313,41115.41600000001
18314,39691.42300000002
18315,40063.41500000002
18316,40168.42500000002
18317,39997.42800000002
18318,39152.42600000002
18319,39342.426000000014
18320,39979.426000000014
18321,38749.42700000001
18322,38479.43200000001
18323,38765.43500000001
18324,40765.432000000015
18325,41132.44100000001
18326,39817.447000000015
18327,39627.451000000015
18328,40116.44900000002
18329,41084.44600000001
18330,40730.44800000002
18331,40537.45400000002
18332,39867.464000000014
18333,40757.46000000003
18334,40945.459000000024
18335,41362.45800000003
18336,41761.465000000026
18337,43153.46700000002
18338,43822.465000000026
18339,42781.46300000002
18340,43315.45900000001
18341,44260.45700000001
18342,44333.468000000015
18343,44377.472000000016
18344,42448.485000000015
18345,41286.489000000016
18346,41572.49200000001
18347,40882.506000000016
18348,40920.514000000025
18349,41560.514000000025
18350,41861.51400000002
18351,41456.502000000015
18352,41084.50700000002
18353,40680.506000000016
18354,41465.51200000002
18355,41782.51700000001
18356,40870.52400000002
18357,41069.523000000016
18358,40795.52800000001
18359,41904.521000000015
18360,40675.521000000015
18361,41618.525000000016
18362,41034.52800000002
18363,42293.53200000002
18364,42377.527000000024
18365,43026.529000000024
18366,43543.533000000025
18367,43956.54100000002
18368,43699.53800000002
18369,43010.53400000002
18370,44054.53200000002
18371,44346.52600000002
18372,45120.518000000025
18373,44544.522000000026
18374,43546.52500000002
18375,42798.52600000002
18376,43360.53300000001
18377,42116.54200000002
18378,42442.54100000003
18379,42166.54700000003
18380,42358.555000000015
18381,42718.55200000002
18382,43249.55900000002
18383,43075.56100000002
18384,44404.55500000002
18385,43585.55700000003
18386,42687.55600000003
18387,43014.55800000003
18388,42581.56100000003
18389,44835.55900000004
18390,43724.562000000034
18391,44025.573000000026
18392,44021.573000000026
18393,45588.55900000003
18394,44891.56700000003
18395,44876.57300000003
18396,44603.57600000002
18397,45258.58400000002
18398,44541.59500000002
18399,44504.59800000001
18400,45180.599000000024
18401,44698.59100000002
18402,44643.586000000025
18403,44927.58000000002
18404,43976.58700000003
18405,43694.592000000026
18406,44854.590000000026
18407,44349.58600000002
18408,43463.59800000002
18409,42578.60200000001
18410,43305.59900000002
18411,42295.608000000015
18412,42874.60000000002
18413,42999.59700000002
18414,44131.60500000002
18415,43801.597000000016
18416,43274.599000000024
18417,42784.60100000002
18418,42689.60700000001
18419,43390.60500000001
18420,42357.60400000001
18421,43023.608000000015
18422,43339.614000000016
18423,42878.62000000002
18424,43130.62900000001
18425,43533.63400000001
18426,42827.636000000006
18427,44158.621000000014
18428,44845.61500000002
18429,45753.61600000002
18430,45842.621000000014
18431,45348.61400000001
18432,44900.62400000001
18433,45668.615000000005
18434,43605.610000000015
18435,43963.60700000001
18436,44668.605
18437,45201.61500000001
18438,44597.61000000001
18439,43405.61900000001
18440,43593.62000000001
18441,42623.61900000002
18442,41762.627000000015
18443,41902.62600000002
18444,42724.63300000002
18445,41343.63900000001
18446,40532.644000000015
18447,39221.64900000002
18448,39972.64900000001
18449,39811.64600000003
18450,39451.65100000002
18451,39817.65200000003
18452,40007.64800000003
18453,39231.65300000003
18454,39187.64800000002
18455,39203.663000000015
18456,39239.659000000014
18457,39260.657000000014
18458,39265.65100000001
18459,40022.65100000001
18460,39379.65700000002
18461,39843.656000000025
18462,41088.656000000025
18463,42182.64500000001
18464,40581.644000000015
18465,41217.634000000005
18466,41580.63900000002
18467,42531.64400000001
18468,41201.65500000001
18469,40945.65200000001
18470,40694.65200000002
18471,40741.64700000002
18472,40603.64300000001
18473,40900.637
18474,43132.63200000001
18475,42654.63000000001
18476,41981.62800000001
18477,41748.61800000002
18478,42225.62200000001
18479,41808.63000000001
18480,41731.629000000015
18481,40803.63700000002
18482,40806.625000000015
18483,40249.616
18484,39783.61900000001
18485,39482.62000000002
18486,39477.613000000005
18487,38965.62
18488,38594.62
18489,38977.613000000005
18490,39574.60800000001
18491,39985.609000000004
18492,39954.615
18493,39577.60899999999
18494,37709.604
18495,37561.607
18496,37066.60900000001
18497,36899.613000000005
18498,36532.62300000001
18499,36488.607
18500,36265.609000000004
18501,36395.601
18502,36205.60100000002
18503,36564.61400000001
18504,37390.61800000001
18505,37381.62700000001
18506,37159.625000000015
18507,36217.61000000001
18508,36049.60400000001
18509,35396.60700000001
18510,33347.60200000001
18511,33595.59200000002
18512,33681.59600000002
18513,33679.589000000014
18514,33711.58700000001
18515,33841.58600000001
18516,33601.592000000004
18517,34214.591
18518,33682.58600000001
18519,34784.587
18520,34709.585
18521,34792.586
18522,34308.583999999995
18523,33589.58200000001
18524,33377.57100000001
18525,32451.571000000014
18526,32115.573000000015
18527,32040.581000000017
18528,32413.57700000002
18529,31758.584000000017
18530,31729.59100000002
18531,31186.588000000018
18532,30407.590000000022
18533,31256.57500000002
18534,31950.56500000002
18535,32327.56700000002
18536,32712.565000000017
18537,31559.564000000017
18538,31334.55600000002
18539,30559.55500000002
18540,30427.548000000017
18541,31009.549000000017
18542,31837.56000000002
18543,33357.55800000002
18544,32950.56000000002
18545,32733.55500000002
18546,32115.557000000023
18547,32322.556000000022
18548,31542.56500000002
18549,32222.55500000002
18550,32299.55300000002
18551,32362.55900000002
18552,32347.551000000018
18553,30963.55500000002
18554,30739.540000000023
18555,29881.529000000024
18556,29910.52700000002
18557,29231.537000000022
18558,30142.53700000002
18559,30753.53200000002
18560,29763.53500000002
18561,28980.53400000002
18562,29379.52900000002
18563,29423.527000000016
18564,29426.516000000014
18565,29795.515000000014
18566,29574.510000000017
18567,28942.515000000018
18568,28219.51800000002
18569,27894.515000000018
18570,28420.51900000002
18571,28683.514000000017
18572,28873.51300000002
18573,29658.509000000016
18574,29291.50000000002
18575,29588.514000000017
18576,28961.515000000014
18577,28585.522000000015
18578,28140.517000000014
18579,28518.516000000018
18580,28368.515000000014
18581,28467.506000000012
18582,28368.509000000013
18583,27576.505000000012
18584,28784.502000000015
18585,28852.494000000013
18586,29412.496000000014
18587,29708.500000000015
18588,30799.495000000014
18589,30762.50200000001
18590,30033.49700000001
18591,29035.492000000013
18592,29094.473000000013
18593,29086.46400000001
18594,27825.460000000014
18595,27435.454000000012
18596,27544.448000000015
18597,26036.44400000001
18598,25437.443000000014
18599,23904.44600000001
18600,24274.45400000001
18601,24965.448000000008
18602,24545.444000000007
18603,25639.44500000001
18604,24637.44400000001
18605,25180.44600000001
18606,25148.435000000012
18607,25919.43400000001
18608,25666.43200000001
18609,25915.42900000001
18610,25989.42300000001
18611,26137.42200000001
18612,26655.431000000008
18613,26573.431000000008
18614,28383.43200000001
18615,27998.43000000001
18616,27315.44600000001
18617,27427.447000000007
18618,27517.45300000001
18619,28861.43800000001
18620,28580.43600000001
18621,27216.43400000001
18622,26592.43500000001
18623,25569.447000000007
18624,24198.44000000001
18625,24049.44300000001
18626,23888.44000000001
18627,22992.42900000001
18628,22837.429000000007
18629,22235.427000000007
18630,22815.419000000013
18631,23205.417000000012
18632,22712.415000000008
18633,22906.409000000007
18634,22645.40300000001
18635,22796.41000000001
18636,22807.413000000008
18637,23749.418
18638,22863.423000000003
18639,22737.424000000003
18640,22430.413
18641,21488.421000000002
18642,21923.414000000004
18643,21531.417
18644,22650.410000000003
18645,22214.410000000003
18646,22515.406000000003
18647,22567.398
18648,22826.396
18649,22780.398
18650,22732.399
18651,22931.393000000004
18652,22984.383
18653,23285.376000000004
18654,21563.380000000005
18655,21459.383000000005
18656,20476.383000000005
18657,19379.389000000003
18658,19927.389000000003
18659,20005.387000000002
18660,20450.384000000005
18661,20152.383000000005
18662,20136.377000000004
18663,19687.384000000005
18664,19515.381000000005
18665,19834.388000000006
18666,19874.383000000005
18667,20999.385000000006
18668,20760.384000000002
18669,20302.383
18670,19314.379000000004
18671,18422.382
18672,19149.387000000002
18673,18744.385000000002
18674,19592.387000000002
18675,17773.378000000004
18676,18685.370000000003
18677,18602.371000000003
18678,18944.368000000002
18679,18672.371000000003
18680,18751.371000000003
18681,19832.367000000002
18682,20152.359000000004
18683,20519.357000000004
18684,18936.356000000003
18685,19878.354000000003
18686,20633.346
18687,19398.348
18688,20859.335
18689,21342.331
18690,22318.319999999996
18691,21260.315999999995
18692,20988.320999999996
18693,20468.327999999998
18694,19993.325
18695,20087.329999999998
18696,18201.338
18697,18141.336000000003
18698,15729.34
18699,14630.349000000002
18700,13256.343000000004
18701,13093.351000000006
18702,12497.346000000007
18703,11893.355000000005
18704,11667.362000000006
18705,10979.367000000007
18706,10458.375000000005
18707,10509.391000000009
18708,11115.401000000014
18709,11812.410000000016
18710,12607.406000000015
18711,12423.417000000018
18712,12471.426000000018
18713,11685.440000000017
18714,10569.464000000018
18715,8769.48200000002
18716,8153.50100000002
18717,7107.51200000002
18718,4875.548000000016
18719,914.5899999999983
18720,1760.4409999999962
18721,3430.4370000000117
18722,3698.4380000000115
18723,4988.429000000016
18724,6486.4230000000225
18725,8579.409000000023
18726,9009.407000000025
18727,9507.40500000002
18728,10497.393000000018
18729,11482.392000000018
18730,13937.386000000013
18731,12592.389000000014
18732,13041.383000000013
18733,12121.388000000014
18734,12518.377000000011
18735,11895.37100000001
18736,11976.366000000009
18737,11763.369000000008
18738,12710.364000000009
18739,12203.359000000006
18740,11448.357000000005
18741,13461.359000000006
18742,14472.351000000004
18743,16002.348000000005
18744,16374.335000000001
18745,17644.328000000005
18746,18297.321
18747,19317.309999999998
18748,18838.299999999996
18749,19268.298999999995
18750,18858.300999999996
18751,19476.292999999994
18752,18761.295
18753,18361.301999999996
18754,17331.307
18755,17911.310999999998
18756,18016.314
18757,18786.309999999998
18758,18814.304999999997
18759,19754.298999999995
18760,18099.3
18761,16839.302
18762,17329.298
18763,17299.296
18764,18694.292999999998
18765,17694.288
18766,15976.284000000001
18767,15371.279
18768,17011.28
18769,16478.277
18770,16833.279000000002
18771,17583.276
18772,17033.269
18773,17018.265
18774,17115.256
18775,17458.255
18776,17743.248000000003
18777,17578.248000000003
18778,17178.241
18779,17358.235
18780,17123.232000000004
18781,17153.226000000002
18782,16623.223
18783,17178.218000000004
18784,16378.221000000005
18785,17043.217000000004
18786,18631.214000000004
18787,18751.213000000007
18788,17708.214000000004
18789,17671.215000000004
18790,16731.211
18791,17051.205
18792,18216.2
18793,19011.193
18794,19349.191000000003
18795,19154.192
18796,17799.183
18797,16629.175
18798,16579.172
18799,16184.168
18800,16767.163
18801,16037.158
18802,15652.158
18803,15082.157
18804,15867.158000000001
18805,15477.162
18806,14527.161
18807,15302.164
18808,16302.161000000002
18809,16242.169000000002
18810,15447.172000000002
18811,16584.178000000004
18812,15624.179000000004
18813,16401.178000000004
18814,15981.182000000003
18815,16181.182000000004
18816,17551.182000000004
18817,18572.176000000003
18818,17377.176000000003
18819,17587.178000000004
18820,17597.178000000004
18821,17227.176000000003
18822,17987.181000000004
18823,19157.183000000005
18824,18362.187
18825,17962.191000000003
18826,18377.187
18827,16207.190000000004
18828,16792.189000000002
18829,16372.192000000003
18830,16762.192000000003
18831,16347.194000000003
18832,16352.195000000003
18833,15952.197000000004
18834,17137.194000000003
18835,17109.199000000004
18836,15529.202000000005
18837,17056.205000000005
18838,17094.199000000004
18839,16724.196000000004
18840,16544.193000000003
18841,17694.196000000004
18842,17124.194000000003
18843,16329.198000000004
18844,16499.200000000004
18845,17104.198
18846,17879.197000000004
18847,18889.193000000003
18848,18671.196000000004
18849,18904.193000000003
18850,18149.190000000006
18851,17559.191000000003
18852,17359.192000000003
18853,19904.188000000002
18854,18934.188000000002
18855,18749.188000000002
18856,18582.189000000002
18857,16622.19
18858,17222.185
18859,17632.181
18860,18382.183
18861,17172.188000000002
18862,17762.186
18863,17157.188000000002
18864,18707.188000000006
18865,18537.186
18866,17937.189000000006
18867,18577.186
18868,17782.188000000002
18869,17771.187
18870,16991.188000000002
18871,18749.188000000002
18872,18002.186000000005
18873,17237.184
18874,17022.186000000005
18875,17214.185
18876,17989.186000000005
18877,19577.183000000005
18878,18987.183000000005
18879,18967.185
18880,18572.185
18881,17807.182
18882,17782.185
18883,19134.186000000005
18884,18357.187
18885,19532.186
18886,18387.184
18887,16784.189000000002
18888,17564.189000000002
18889,16984.188000000002
18890,17564.190000000002
18891,17187.189000000002
18892,17189.190000000002
18893,16604.190000000002
18894,17961.190000000002
18895,17956.191000000003
18896,17541.195000000003
18897,18116.196000000004
18898,18149.192000000003
18899,18926.191000000006
18900,18361.188000000002
18901,20329.186
18902,19951.182
18903,19791.18
18904,19391.182
18905,18791.186
18906,20336.186
18907,21086.189
18908,20324.187
18909,20089.189000000002
18910,19652.193
18911,18277.195
18912,18214.199
18913,18779.202000000005
18914,17949.207000000006
18915,18984.199
18916,17619.197
18917,18024.192000000003
18918,19027.189000000002
18919,18437.19
18920,19394.184
18921,19394.183000000005
18922,19014.178000000004
18923,19209.175
18924,20192.175000000003
18925,20442.171000000002
18926,20427.172
18927,20412.175000000003
18928,20007.176
18929,20579.177
18930,20379.176000000003
18931,21544.177
18932,21541.177
18933,21164.176000000003
18934,20789.176000000003
18935,20212.178000000004
18936,21397.177
18937,21979.175
18938,20604.178
18939,20429.178
18940,20249.175000000003
18941,19289.175000000003
18942,19324.176
18943,19309.177000000003
18944,19116.179
18945,19339.179000000004
18946,18316.183
18947,18694.184000000005
18948,20009.186000000005
18949,19381.190000000006
18950,19376.191000000003
18951,19026.188000000006
18952,18874.182
18953,19294.181000000008
18954,19284.181000000008
18955,19644.18500000001
18956,19829.187
18957,19829.186000000005
18958,20396.189000000002
18959,20836.180000000004
18960,21408.183
18961,22401.181000000004
18962,23384.179
18963,22394.182000000004
18964,22389.185999999998
18965,21373.191000000003
18966,22179.193000000007
18967,21397.195000000003
18968,20047.197000000004
18969,21408.199
18970,20783.202000000005
18971,20552.206000000006
18972,20566.206000000006
18973,20239.207000000002
18974,19889.205000000005
18975,20720.198000000004
18976,20720.198000000004
18977,21574.198000000004
18978,22579.195
18979,21794.197
18980,21649.195000000003
18981,21432.195000000003
18982,20825.196
18983,20828.200000000004
18984,21018.201
18985,21306.194000000007
18986,21504.195000000007
18987,21909.195000000003
18988,22481.195
18989,22066.196000000004
18990,22316.198
18991,22121.196000000004
18992,22478.200000000004
18993,22472.200000000004
18994,23857.205
18995,23463.207000000006
18996,24094.205
18997,23108.214000000004
18998,22732.214000000004
18999,23160.215000000007
19000,23362.215000000007
19001,23376.215000000004
19002,22957.213000000003
19003,23547.213000000003
19004,22962.215000000004
19005,24594.215
19006,24782.217000000004
19007,25295.213000000003
19008,25486.212000000007
19009,25113.212
19010,24703.217
19011,24313.218
19012,24355.217
19013,25536.216000000004
19014,25614.216000000004
19015,25369.218
19016,25974.219000000005
19017,26189.22
19018,26478.214
19019,25937.21
19020,26042.203999999998
19021,25908.199000000004
19022,26368.196
19023,26134.2
19024,26342.199
19025,25179.202
19026,25251.199
19027,25046.198
19028,23457.199
19029,24083.198
19030,24123.197
19031,23306.203
19032,22781.199999999997
19033,22949.202999999998
19034,22757.203999999998
19035,24383.2
19036,24641.199
19037,25817.202
19038,26398.197
19039,25847.198
19040,25457.198
19041,25459.198999999997
19042,25053.2
19043,26250.199
19044,26072.199
19045,26666.197
19046,26647.197000000004
19047,26076.202000000005
19048,26671.199
19049,26448.198
19050,26241.199
19051,26243.201
19052,26904.193000000003
19053,26536.192
19054,27563.186
19055,26641.187
19056,26888.180000000004
19057,26750.175000000003
19058,25882.180000000004
19059,25866.181
19060,25447.187
19061,25423.192000000003
19062,25195.194000000003
19063,25587.193000000003
19064,25797.191000000003
19065,26977.196
19066,27054.194000000003
19067,28336.199
19068,28394.199
19069,27299.194000000003
19070,27467.193000000003
19071,27311.190000000002
19072,26589.187
19073,26980.186
19074,26999.185
19075,27655.183000000005
19076,27074.182
19077,26948.181
19078,27138.186
19079,27186.183
19080,26759.186
19081,26968.184
19082,26608.183
19083,26337.178
19084,26650.185
19085,25331.179
19086,25051.185
19087,24997.187
19088,24298.181
19089,24899.186
19090,24705.189000000002
19091,24332.195000000003
19092,24270.202
19093,24670.207000000002
19094,24818.205
19095,26313.215
19096,26572.213000000003
19097,28150.207000000002
19098,28812.215
19099,28139.210000000003
19100,28018.21
19101,27805.213
19102,27003.213
19103,27444.207
19104,27439.206000000002
19105,27734.201
19106,27957.201
19107,27923.204999999998
19108,28253.213
19109,28258.212
19110,28284.212
19111,28838.219
19112,29038.219
19113,28241.224000000002
19114,28408.226000000002
19115,26989.236
19116,27241.232000000004
19117,27198.236
19118,26094.236
19119,26265.241
19120,26614.24
19121,25804.243000000002
19122,26078.247
19123,26233.255
19124,27087.252
19125,28339.247
19126,28380.248000000003
19127,28448.260000000002
19128,30390.266000000003
19129,29825.271000000004
19130,29559.281000000003
19131,29624.282000000003
19132,29154.272
19133,28925.267000000003
19134,29765.257
19135,28929.257
19136,29324.255
19137,29205.249000000003
19138,29613.245
19139,28579.252
19140,29380.25
19141,29913.257
19142,30048.261000000002
19143,28295.258
19144,28064.259000000002
19145,26617.261000000002
19146,27204.259000000002
19147,27320.265000000003
19148,26733.268000000004
19149,26607.260000000002
19150,26585.263000000003
19151,24913.267000000003
19152,25219.262000000006
19153,25339.263000000006
19154,25705.258000000005
19155,26264.254
19156,26820.261000000002
19157,27204.255000000005
19158,27939.256000000005
19159,28182.250000000007
19160,28964.243000000006
19161,28783.228000000006
19162,29068.210000000003
19163,30032.205
19164,30736.204
19165,30283.201000000005
19166,29539.199000000004
19167,29529.192000000003
19168,30312.179
19169,29125.177000000003
19170,29917.172000000002
19171,30326.171000000002
19172,31042.178000000004
19173,31429.173000000006
19174,31563.167000000005
19175,29947.174000000003
19176,29952.171000000006
19177,30294.164000000004
19178,29410.158000000003
19179,30231.149
19180,29976.148
19181,28602.139000000003
19182,28463.142000000003
19183,27074.133000000005
19184,27317.134000000002
19185,28364.143000000004
19186,28964.137000000002
19187,29141.131000000005
19188,30477.125000000004
19189,30106.118000000006
19190,30798.116000000005
19191,31053.111000000004
19192,30711.111000000004
19193,31859.109000000004
19194,31252.113000000005
19195,30707.110000000004
19196,30390.110000000004
19197,30037.111000000004
19198,30671.108000000004
19199,29981.113
19200,30388.108
19201,30988.110000000004
19202,31940.108000000004
19203,32114.109000000004
19204,32950.103
19205,32562.101000000002
19206,32157.106000000003
19207,31749.109000000004
19208,30919.111000000004
19209,32306.105000000003
19210,31753.103000000003
19211,30448.099000000006
19212,30130.101000000002
19213,28595.102000000003
19214,28404.102000000006
19215,30201.098000000005
19216,30246.097000000005
19217,29513.097000000005
19218,30760.091000000004
19219,29772.092000000004
19220,30037.089000000004
19221,30137.083000000006
19222,29728.082000000006
19223,30684.083000000002
19224,30480.083000000002
19225,29610.086000000003
19226,29615.084000000003
19227,29329.089000000004
19228,28978.088000000003
19229,28370.089000000004
19230,28743.091000000004
19231,29737.086000000007
19232,30911.083000000002
19233,31650.079000000005
19234,33230.073000000004
19235,32490.069000000003
19236,31832.072000000004
19237,32157.076000000005
19238,31142.079000000005
19239,32663.079000000005
19240,32449.079000000005
19241,31664.078000000005
19242,32029.078000000005
19243,30639.079000000005
19244,30063.080000000005
19245,32043.081000000006
19246,32293.076000000005
19247,31573.073000000004
19248,32734.074000000004
19249,32629.071000000004
19250,32004.071000000004
19251,31604.071000000004
19252,30794.071000000004
19253,30556.073000000004
19254,28550.077000000005
19255,27970.073000000004
19256,28200.072000000004
19257,28430.068000000003
19258,28615.069000000007
19259,28435.063000000006
19260,28815.064000000006
19261,30050.061000000005
19262,29885.062000000005
19263,30730.059000000005
19264,32655.059000000005
19265,32270.059000000005
19266,32300.060000000005
19267,33235.054000000004
19268,32655.054000000004
19269,33170.058000000005
19270,32975.058000000005
19271,32750.059000000005
19272,32330.06
19273,31520.062
19274,31520.062
19275,32525.061000000005
19276,32135.062
19277,32005.059000000005
19278,32345.061
19279,31760.061
19280,31400.062
19281,30795.061000000005
19282,31110.057000000004
19283,31290.059000000005
19284,29925.059
19285,29105.062000000005
19286,29265.065000000002
19287,28575.064000000002
19288,29135.064000000002
19289,28935.065000000002
19290,29545.066000000006
19291,30770.066000000006
19292,30865.062000000005
19293,31340.062000000005
19294,33065.063
19295,33270.061
19296,33110.05900000001
19297,33690.060000000005
19298,32890.05900000001
19299,33150.056000000004
19300,32875.058000000005
19301,32285.060000000005
19302,31920.060000000005
19303,30965.061000000005
19304,30600.061000000005
19305,31775.060000000005
19306,31535.064000000006
19307,31200.064000000006
19308,31990.062000000005
19309,31775.061000000005
19310,31125.064000000006
19311,30795.06200000001
19312,30960.063000000006
19313,31195.061000000005
19314,29430.063000000006
19315,28355.059000000005
19316,28130.06000000001
19317,27760.06100000001
19318,28995.058000000008
19319,29560.058000000008
19320,29975.058000000008
19321,31125.057000000008
19322,31180.056000000004
19323,31825.054000000007
19324,33270.052
19325,33460.05300000001
19326,32315.06200000001
19327,32345.06100000001
19328,31220.06100000001
19329,31870.058000000008
19330,32500.055000000008
19331,31625.058000000008
19332,31170.062000000005
19333,30390.062000000005
19334,29775.064000000006
19335,31345.062000000005
19336,31755.063000000006
19337,32595.056000000004
19338,32900.058000000005
19339,32520.056000000004
19340,32325.056000000004
19341,31565.057000000004
19342,31515.059000000005
19343,31340.060000000005
19344,31405.058000000005
19345,29685.056000000004
19346,29280.059000000005
19347,30135.055000000004
19348,30940.055000000004
19349,30570.056000000004
19350,30220.058000000005
19351,31035.057000000008
19352,31595.057000000008
19353,32185.056000000008
19354,33415.05500000001
19355,34050.05500000001
19356,33955.05
19357,33370.05
19358,32790.049000000006
19359,32950.05100000001
19360,33095.05100000001
19361,32445.054000000007
19362,31555.055000000008
19363,31500.057000000004
19364,30120.056000000008
19365,31160.054000000007
19366,31800.054000000007
19367,32245.053000000007
19368,32560.058000000008
19369,32175.057000000008
19370,32195.05900000001
19371,31990.06100000001
19372,32455.056000000008
19373,31835.058000000008
19374,32830.054000000004
19375,31005.053000000007
19376,30255.052000000007
19377,30795.052000000007
19378,30485.051000000007
19379,30330.054000000007
19380,29775.054000000007
19381,30475.056000000008
19382,31085.057000000008
19383,31285.056000000008
19384,32655.056000000008
19385,33625.05700000001
19386,33600.05700000001
19387,33235.05700000001
19388,32820.057
19389,32005.059000000005
19390,32005.059000000005
19391,31445.061000000005
19392,30730.058000000005
19393,30910.056000000004
19394,29790.056000000004
19395,30645.052000000007
19396,31570.053000000007
19397,31210.052000000003
19398,32380.052000000003
19399,32375.053000000007
19400,33560.05100000001
19401,33880.047000000006
19402,34655.048
19403,33705.048
19404,33630.048
19405,33240.049000000006
19406,32510.049000000006
19407,33275.048
19408,33245.05
19409,33475.048
19410,33250.05
19411,33440.05100000001
19412,34000.05100000001
19413,33990.05300000001
19414,35555.052
19415,35985.049000000006
19416,35465.048
19417,35435.049000000006
19418,34655.049000000006
19419,34180.047000000006
19420,33425.047000000006
19421,32640.048000000006
19422,31505.046000000006
19423,31495.048000000006
19424,30355.047000000006
19425,30370.050000000007
19426,31565.051000000007
19427,31235.050000000007
19428,32505.046000000006
19429,32755.045000000006
19430,33195.047000000006
19431,33000.048
19432,33770.04800000001
19433,33780.048
19434,33320.05200000001
19435,32755.053000000007
19436,31510.058000000008
19437,32550.055000000008
19438,32315.058000000008
19439,32945.05600000001
19440,32695.058000000008
19441,33415.056000000004
19442,33830.057
19443,34290.063
19444,34675.065
19445,34670.066000000006
19446,34635.064000000006
19447,34110.06200000001
19448,33320.06400000001
19449,33130.06400000001
19450,33650.06300000001
19451,32490.065000000006
19452,31540.06800000001
19453,30340.070000000007
19454,30235.067000000006
19455,30990.067000000006
19456,32325.069000000007
19457,32830.06100000001
19458,33425.060000000005
19459,33085.060000000005
19460,33505.05900000001
19461,33155.05700000001
19462,34100.054000000004
19463,33940.056000000004
19464,33740.057
19465,33520.05700000001
19466,33130.057
19467,33755.05800000001
19468,33690.056000000004
19469,33700.056000000004
19470,33260.05600000001
19471,34290.055
19472,35130.053
19473,36575.053
19474,36660.05
19475,36780.051
19476,36425.049
19477,35650.047
19478,35060.048
19479,35055.049
19480,34765.047999999995
19481,33635.049000000006
19482,31780.054000000007
19483,31000.053000000007
19484,30820.055000000008
19485,31505.06000000001
19486,33070.05900000001
19487,32435.06400000001
19488,32795.06500000001
19489,32380.06600000001
19490,32345.06800000001
19491,32110.06100000001
19492,32960.05700000001
19493,32950.054000000004
19494,33165.05500000001
19495,32375.057000000008
19496,31630.055000000008
19497,31830.054000000007
19498,32030.053000000007
19499,31965.056000000008
19500,31525.056000000008
19501,32635.058000000008
19502,33380.056000000004
19503,34585.054
19504,33995.054000000004
19505,34345.057
19506,34150.057
19507,34225.056000000004
19508,34070.05300000001
19509,34145.05300000001
19510,33530.054000000004
19511,32690.056000000008
19512,31060.05900000001
19513,30700.058000000008
19514,31105.056000000008
19515,30720.06000000001
19516,32875.05900000001
19517,33045.06100000001
19518,33800.06300000001
19519,33441.06600000001
19520,34091.06300000001
19521,34051.06100000001
19522,34426.059
19523,34121.058000000005
19524,34486.05900000001
19525,34246.054000000004
19526,33046.05500000001
19527,32481.058000000005
19528,32511.057000000004
19529,32086.060000000005
19530,31716.062000000005
19531,32612.067000000006
19532,32962.07100000001
19533,34127.06700000001
19534,34167.065
19535,34776.065
19536,34855.06100000001
19537,34863.064000000006
19538,34053.06500000001
19539,34293.06100000001
19540,34082.061
19541,33712.057
19542,32922.05900000001
19543,32922.05900000001
19544,32662.062000000005
19545,32277.066000000006
19546,33612.06700000001
19547,33417.06700000001
19548,33807.06700000001
19549,34555.069
19550,34520.07200000001
19551,34325.07200000001
19552,33615.069
19553,33292.06700000001
19554,33877.06800000001
19555,33972.075000000004
19556,33347.075000000004
19557,32771.075000000004
19558,33016.075000000004
19559,32866.077000000005
19560,32446.07800000001
19561,32661.084000000006
19562,33020.08700000001
19563,33402.086
19564,32977.088
19565,32977.08900000001
19566,33360.090000000004
19567,34165.090000000004
19568,33397.08900000001
19569,32872.08700000001
19570,33472.08700000001
19571,32492.088000000007
19572,32417.084000000006
19573,32463.082000000006
19574,31843.084000000006
19575,31848.083000000006
19576,32614.086000000007
19577,32805.08500000001
19578,33740.090000000004
19579,34150.09100000001
19580,34380.08900000001
19581,34580.08800000001
19582,34201.08900000001
19583,34326.08900000001
19584,34765.08700000001
19585,34143.090000000004
19586,32688.09500000001
19587,32558.092000000008
19588,32613.092000000008
19589,32388.09400000001
19590,31358.09600000001
19591,32118.09600000001
19592,32278.09900000001
19593,32527.092000000008
19594,33043.09700000001
19595,33789.09900000001
19596,33844.100000000006
19597,34014.10400000001
19598,32539.11300000001
19599,32200.11200000001
19600,32860.10900000001
19601,32378.106000000007
19602,32014.105000000007
19603,32354.108000000007
19604,31836.109000000008
19605,32192.111000000008
19606,33562.11200000001
19607,34272.11600000001
19608,34269.124
19609,34559.131
19610,35404.132
19611,36024.131
19612,36900.128
19613,36520.128
19614,36397.13
19615,35768.132
19616,34872.132
19617,34052.135
19618,34547.129
19619,34387.132000000005
19620,32399.140000000007
19621,32877.138000000006
19622,33171.136000000006
19623,33836.137
19624,34446.139
19625,34751.14399999999
19626,35246.147999999994
19627,34916.151
19628,34078.153999999995
19629,33318.156
19630,33339.16300000001
19631,32566.165000000008
19632,31511.169000000005
19633,31925.168000000005
19634,31940.166000000005
19635,32175.174000000003
19636,32449.170000000006
19637,33678.17300000001
19638,34168.174
19639,34700.172
19640,35536.176
19641,36170.175
19642,36600.175
19643,35554.171
19644,35261.17
19645,34873.173
19646,34450.17700000001
19647,33658.183000000005
19648,34048.189000000006
19649,34165.189000000006
19650,33418.19
19651,34189.19500000001
19652,34408.198000000004
19653,34931.196
19654,35137.19900000001
19655,34654.207
19656,34845.208
19657,34118.213
19658,33401.21600000001
19659,33302.21400000001
19660,34482.21200000001
19661,33437.215000000004
19662,33041.215000000004
19663,33237.219000000005
19664,33164.224
19665,33909.224
19666,34528.225
19667,35123.223
19668,35788.228
19669,36814.227000000006
19670,37255.231
19671,37339.23500000001
19672,37341.23500000001
19673,37119.236000000004
19674,36953.23500000001
19675,35676.242
19676,34864.246999999996
19677,35346.255
19678,36019.253
19679,36022.24599999999
19680,34597.24599999999
19681,35428.253
19682,36169.255999999994
19683,36029.263999999996
19684,35654.265999999996
19685,35987.263999999996
19686,36383.268
19687,35811.272999999994
19688,35018.27099999999
19689,34849.26899999999
19690,35403.27099999999
19691,34943.272
19692,34580.268
19693,33713.27300000001
19694,33744.27500000001
19695,34175.28100000001
19696,35682.280999999995
19697,34996.28800000001
19698,35999.289000000004
19699,37680.28800000001
19700,38263.29000000001
19701,38544.291000000005
19702,37947.295000000006
19703,37999.30100000001
19704,38022.30200000001
19705,37328.308000000005
19706,36243.30800000001
19707,37031.30900000001
19708,37850.30800000001
19709,37591.303000000014
19710,37072.307000000015
19711,37773.31200000001
19712,39097.318000000014
19713,39087.32000000001
19714,38807.32800000001
19715,39583.32700000001
19716,39513.32900000001
19717,39551.328000000016
19718,38639.32400000001
19719,37640.32800000001
19720,37549.333000000006
19721,37138.33900000001
19722,36695.34400000001
19723,36563.346000000005
19724,36304.344000000005
19725,36772.340000000004
19726,38352.342000000004
19727,37784.347
19728,39077.34900000001
19729,39046.354000000014
19730,39424.36000000002
19731,40016.35300000002
19732,38654.354000000014
19733,38614.35700000002
19734,38387.364000000016
19735,37704.358000000015
19736,35887.360000000015
19737,36910.356000000014
19738,37383.36300000001
19739,38062.362000000016
19740,36607.36900000001
19741,37681.37000000001
19742,39094.37000000001
19743,39773.37400000001
19744,40198.37100000001
19745,41484.37500000001
19746,41072.37600000001
19747,40921.37800000001
19748,39692.37900000002
19749,38762.390000000014
19750,39058.38700000001
19751,39378.38300000001
19752,38729.39200000001
19753,37752.40300000001
19754,38392.40800000002
19755,38765.411000000015
19756,41130.41600000002
19757,41633.42000000002
19758,41675.42400000002
19759,42713.41600000001
19760,43401.42200000001
19761,42578.42400000001
19762,41643.43600000001
19763,42070.43100000001
19764,41337.433000000005
19765,39970.43400000001
19766,39303.43500000001
19767,39621.43300000001
19768,40256.430000000015
19769,40280.43500000001
19770,38887.43900000001
19771,39378.44500000001
19772,39979.44800000001
19773,41035.44600000001
19774,41406.44200000001
19775,42761.44800000002
19776,42013.44700000002
19777,41860.45000000002
19778,41792.45600000001
19779,40509.45900000002
19780,40814.45400000001
19781,41062.451000000015
19782,40632.45300000002
19783,39469.46300000002
19784,39481.462000000014
19785,39622.462000000014
19786,41338.46600000002
19787,40821.474000000024
19788,41271.47000000002
19789,42634.47300000002
19790,43640.47700000001
19791,43089.46500000002
19792,43453.46900000002
19793,43611.474000000024
19794,43695.47700000001
19795,42346.47800000002
19796,42438.48400000001
19797,43624.48600000001
19798,42946.50100000002
19799,42661.50200000001
19800,41678.50300000002
19801,41778.504000000015
19802,42023.508000000016
19803,42703.51700000002
19804,43229.52200000002
19805,44745.52600000001
19806,42921.53400000001
19807,42614.54400000001
19808,42337.53700000002
19809,42014.535
19810,42496.53200000001
19811,42301.536
19812,42038.52700000002
19813,41752.52800000001
19814,41327.532000000014
19815,41056.538000000015
19816,41913.54200000002
19817,40469.555000000015
19818,41022.55600000001
19819,42142.553000000014
19820,42795.551000000014
19821,43076.55400000001
19822,43756.55800000001
19823,43274.55600000002
19824,43246.55600000002
19825,41810.554000000026
19826,41152.56200000002
19827,42230.56300000002
19828,42398.572000000015
19829,42756.56800000001
19830,41954.57100000002
19831,40990.57800000002
19832,40679.57100000002
19833,42666.56600000002
19834,43749.569000000025
19835,44702.57700000001
19836,44062.56600000002
19837,44893.56800000002
19838,43391.57800000002
19839,42717.56900000002
19840,42513.584000000024
19841,43181.578000000016
19842,42978.57600000002
19843,41887.59400000001
19844,41489.60700000001
19845,42018.598000000005
19846,42256.60100000001
19847,40864.61300000001
19848,40854.606000000014
19849,41071.619000000006
19850,41488.61700000001
19851,41588.61300000002
19852,42014.62300000002
19853,40745.631000000016
19854,40328.63000000002
19855,40001.62800000001
19856,39258.63400000001
19857,39930.63300000001
19858,42287.625000000015
19859,42871.63900000001
19860,42436.642000000014
19861,41826.65300000001
19862,41679.64
19863,43236.636999999995
19864,42891.634
19865,42866.634000000005
19866,41835.641
19867,42562.64400000001
19868,42059.64000000001
19869,41725.63900000001
19870,41543.646000000015
19871,42497.63700000002
19872,42490.63900000002
19873,41829.63800000002
19874,41312.63400000002
19875,41412.63700000001
19876,41417.64100000001
19877,40517.640000000014
19878,40222.640000000014
19879,40665.63800000001
19880,41781.644000000015
19881,41106.645000000004
19882,40796.64900000001
19883,40654.64500000002
19884,40784.65400000002
19885,41493.65000000001
19886,41217.65100000001
19887,40826.643000000004
19888,42238.63900000002
19889,42507.63800000002
19890,41841.63700000002
19891,42068.627000000015
19892,41093.62500000002
19893,41714.63200000003
19894,40613.63300000002
19895,40005.640000000036
19896,40694.64200000002
19897,41831.63400000001
19898,40489.64300000001
19899,39966.64300000002
19900,39153.64100000002
19901,39292.639000000025
19902,40674.63500000001
19903,40209.63200000001
19904,40085.63900000001
19905,40526.638000000006
19906,40146.63400000001
19907,40628.63200000001
19908,41504.636000000006
19909,41944.638000000006
19910,43000.640000000014
19911,42118.63800000001
19912,41378.637000000024
19913,41105.63900000002
19914,41082.648000000016
19915,41526.63700000002
19916,41574.63600000002
19917,40294.644000000015
19918,41003.64100000001
19919,41500.64100000002
19920,40544.648000000016
19921,40937.648000000016
19922,39837.64700000002
19923,40611.64300000001
19924,39747.63900000002
19925,38703.63800000002
19926,38877.62400000002
19927,38492.62800000002
19928,37803.62000000001
19929,37685.62000000002
19930,37923.61300000002
19931,37309.616000000016
19932,37641.61800000001
19933,37066.63100000001
19934,36691.63000000001
19935,36470.62200000002
19936,36159.61800000002
19937,36267.61300000001
19938,37293.60700000001
19939,36968.60300000001
19940,37301.600000000006
19941,35672.60700000002
19942,35561.62100000002
19943,34665.62000000002
19944,36142.612000000016
19945,36418.603000000025
19946,37673.60800000001
19947,37555.61300000002
19948,36592.61500000001
19949,36144.62200000002
19950,35444.63700000002
19951,35803.62800000002
19952,34265.636000000006
19953,34850.63500000002
19954,34623.63500000002
19955,34201.64100000001
19956,33888.638000000006
19957,33744.62600000001
19958,33058.63000000002
19959,32857.62700000002
19960,32913.625000000015
19961,32042.621000000017
19962,32853.61100000002
19963,32927.608000000015
19964,31815.596000000016
19965,31201.601000000017
19966,30603.598000000016
19967,30514.600000000017
19968,31089.597000000016
19969,32068.593000000023
19970,32319.59900000002
19971,31847.59600000002
19972,31618.59400000002
19973,31738.58300000002
19974,32562.583000000024
19975,32541.57500000002
19976,33416.57700000002
19977,33333.575000000026
19978,32657.57000000002
19979,32002.56900000002
19980,31937.550000000025
19981,33309.54900000001
19982,32231.541000000023
19983,31898.551000000018
19984,31595.55200000002
19985,31064.56300000002
19986,31050.56300000002
19987,31330.55800000002
19988,30716.553000000018
19989,30996.553000000014
19990,30389.55400000002
19991,29254.546000000017
19992,29492.555000000015
19993,29656.546000000017
19994,28749.537000000015
19995,28410.526000000013
19996,27331.534000000014
19997,27499.527000000013
19998,29258.522000000015
19999,30683.515000000014
20000,31353.52000000001
20001,31041.528000000017
20002,30806.528000000017
20003,30576.524000000016
20004,29898.522000000015
20005,29214.53300000001
20006,30624.529000000013
20007,30418.526000000016
20008,29781.52500000001
20009,28739.52000000001
20010,28261.530000000013
20011,29589.521000000015
20012,29031.51900000002
20013,28458.526000000016
20014,28706.529000000013
20015,29031.525000000012
20016,28819.529000000017
20017,28818.52100000001
20018,27854.527000000016
20019,27911.527000000016
20020,27662.523000000012
20021,26594.529000000013
20022,26673.531000000014
20023,26785.528000000013
20024,27186.525000000016
20025,26833.527000000013
20026,26402.523000000016
20027,26514.525000000012
20028,27357.523000000012
20029,27955.521000000015
20030,28906.52200000001
20031,28713.51800000001
20032,28990.51900000001
20033,28382.51400000001
20034,27576.51000000001
20035,27063.49800000001
20036,26820.49700000001
20037,26668.493000000013
20038,26278.498000000014
20039,25440.49600000001
20040,24578.49700000001
20041,25383.494000000013
20042,24216.490000000013
20043,23750.489000000012
20044,23476.487000000012
20045,24580.479000000014
20046,25566.477000000017
20047,26134.477000000014
20048,25627.479000000014
20049,25283.478000000014
20050,24036.48000000001
20051,23527.48100000001
20052,24105.474000000013
20053,24291.47700000001
20054,24893.486000000008
20055,24384.49100000001
20056,24064.497000000007
20057,24431.497000000007
20058,23891.49900000001
20059,24095.49600000001
20060,26355.49500000001
20061,25533.485000000008
20062,26349.47800000001
20063,25505.47700000001
20064,24953.466000000004
20065,24849.466000000004
20066,23957.467000000008
20067,22979.464000000007
20068,23286.465000000007
20069,23657.45700000001
20070,23062.45700000001
20071,24162.45300000001
20072,22835.446000000007
20073,23165.447000000007
20074,22590.44500000001
20075,22784.45300000001
20076,22840.453000000005
20077,22282.462000000007
20078,22580.455000000005
20079,22420.448000000004
20080,21007.442000000003
20081,20696.442000000003
20082,20645.448000000004
20083,22041.440000000006
20084,23283.426000000007
20085,22606.425000000003
20086,23003.423000000003
20087,23057.430000000004
20088,24391.426000000003
20089,24408.427000000003
20090,25780.423000000003
20091,24081.430000000004
20092,24069.427000000003
20093,22688.423000000003
20094,22909.419
20095,22416.425
20096,21618.429
20097,21578.425
20098,20305.423
20099,19703.419
20100,18795.422000000002
20101,19560.420000000002
20102,19380.422000000002
20103,19459.424
20104,18611.423000000003
20105,17566.425000000003
20106,16132.428000000004
20107,16340.429000000004
20108,16350.421000000004
20109,16375.421000000002
20110,16318.421000000004
20111,16189.417000000003
20112,15927.418000000003
20113,16697.415
20114,17830.415
20115,17731.417000000005
20116,18595.418
20117,19185.407
20118,20084.408
20119,20634.404000000002
20120,22617.399
20121,22259.397
20122,21811.400999999998
20123,21200.4
20124,21837.386
20125,22302.382
20126,22656.372
20127,21417.367999999995
20128,22225.354999999996
20129,22477.345999999994
20130,21389.342999999993
20131,20703.336999999996
20132,20375.341999999997
20133,19980.346999999994
20134,18992.345999999994
20135,17256.351
20136,15261.350999999999
20137,15162.351999999999
20138,13773.359
20139,12878.363
20140,11325.368000000002
20141,12106.364000000003
20142,11782.377000000006
20143,11074.380000000006
20144,12200.376000000006
20145,12473.384000000005
20146,13582.389000000006
20147,14082.39900000001
20148,14492.40800000001
20149,13687.414000000013
20150,14547.422000000015
20151,15004.437000000016
20152,14373.448000000017
20153,13608.455000000016
20154,11432.47400000002
20155,10809.484000000022
20156,9250.507000000021
20157,6378.532000000018
20158,3715.5650000000055
20159,736.606
20160,1521.4449999999954
20161,2504.431999999998
20162,4234.422000000016
20163,4469.420000000016
20164,4974.415000000015
20165,6359.407000000015
20166,7087.3970000000145
20167,8015.388000000016
20168,9457.384000000018
20169,10197.382000000016
20170,13203.378000000017
20171,13485.375000000015
20172,12688.367000000013
20173,12989.366000000015
20174,13704.364000000012
20175,13846.359000000011
20176,14381.35000000001
20177,14456.34700000001
20178,14257.344000000008
20179,14200.341000000008
20180,12116.347000000005
20181,13546.344000000005
20182,14186.345000000005
20183,16156.341000000004
20184,17281.336000000003
20185,18153.33
20186,18704.323
20187,20199.314
20188,19899.301999999996
20189,20009.303999999996
20190,18984.308999999997
20191,17768.314
20192,18503.318
20193,16658.315
20194,15763.311
20195,15160.311
20196,15530.307
20197,14259.317000000001
20198,14572.319000000001
20199,14732.317000000001
20200,15455.313000000004
20201,15995.311000000002
20202,15705.310000000001
20203,15632.312000000002
20204,17208.31
20205,17773.311
20206,17108.309
20207,18143.305000000004
20208,19398.306000000004
20209,18938.303000000004
20210,18333.300000000003
20211,17338.293
20212,17513.29
20213,18791.292
20214,18001.292
20215,17371.293
20216,17551.292
20217,18136.288000000004
20218,17343.282000000003
20219,17313.277000000002
20220,17468.277000000002
20221,17603.280000000002
20222,18073.268000000004
20223,17043.271000000004
20224,15715.270000000004
20225,15343.267000000005
20226,15386.258000000003
20227,15201.258000000003
20228,14596.255000000003
20229,15696.253000000004
20230,15496.249000000003
20231,15281.246000000005
20232,14798.250000000005
20233,14831.240000000007
20234,15591.235000000008
20235,16496.234000000008
20236,16301.231000000009
20237,16106.224000000007
20238,16141.215000000007
20239,14971.214000000007
20240,14594.209000000006
20241,14579.209000000008
20242,15784.205000000007
20243,16741.207000000006
20244,16346.210000000006
20245,16746.208000000006
20246,17144.210000000006
20247,16739.212000000007
20248,17144.212000000007
20249,17154.213000000007
20250,17524.214000000007
20251,17754.215000000004
20252,17359.216000000004
20253,17738.218000000004
20254,17399.215000000004
20255,17429.213000000003
20256,17411.216000000004
20257,17431.214000000004
20258,17441.212000000003
20259,18456.208000000002
20260,18271.207000000002
20261,17884.206000000006
20262,17839.213000000003
20263,17469.211000000003
20264,19016.213000000003
20265,18241.212000000003
20266,17856.209000000006
20267,18454.206000000002
20268,18654.205
20269,17494.203000000005
20270,16899.203
20271,16927.199
20272,16494.206000000002
20273,16517.204
20274,16349.201000000003
20275,16959.198
20276,16774.196
20277,16161.201000000003
20278,16379.198000000002
20279,16787.196
20280,17367.197000000004
20281,17584.195000000003
20282,17984.194
20283,18564.195
20284,18336.199
20285,18339.2
20286,19909.2
20287,19699.2
20288,19489.203
20289,19844.206000000002
20290,20029.207000000002
20291,19424.211000000003
20292,19027.213000000003
20293,19212.214000000004
20294,20167.217000000004
20295,19997.217000000004
20296,19976.219000000005
20297,20548.218000000004
20298,20764.217000000004
20299,19409.215000000004
20300,18841.213
20301,17646.215000000004
20302,18034.214
20303,17406.218
20304,16641.218000000004
20305,16626.221000000005
20306,15859.218000000004
20307,15659.217000000004
20308,15649.217000000004
20309,15697.212000000005
20310,15702.211000000005
20311,15717.211000000005
20312,16142.206000000004
20313,17137.2
20314,17522.2
20315,18107.201
20316,19869.201
20317,20062.202
20318,19662.204
20319,21444.2
20320,21649.198
20321,21239.201
20322,21229.2
20323,20229.204
20324,20609.205
20325,20609.205
20326,20227.208000000002
20327,21039.204
20328,21807.205
20329,19844.208000000002
20330,19499.203
20331,18499.207000000002
20332,18149.209000000003
20333,18164.207000000002
20334,17614.206000000002
20335,17819.204
20336,17844.202
20337,16879.200000000004
20338,15687.204000000003
20339,15877.205000000004
20340,16482.203
20341,17594.204
20342,17429.201000000005
20343,18372.198
20344,18577.197000000004
20345,18749.2
20346,20119.199
20347,20484.204
20348,20064.207000000002
20349,21239.206000000002
20350,20661.207000000002
20351,20068.207000000002
20352,21104.201
20353,20129.201
20354,21512.201
20355,21137.197
20356,21519.196
20357,22279.198
20358,23059.197
20359,21889.194
20360,20894.198
20361,20919.191
20362,20704.192000000003
20363,20709.191000000003
20364,20324.191000000003
20365,20514.191000000003
20366,20099.195000000003
20367,18724.197000000004
20368,17369.201000000005
20369,17944.199000000004
20370,18516.201
20371,18506.203
20372,18098.205
20373,18123.204000000005
20374,17946.204000000005
20375,18734.204000000005
20376,19694.203000000005
20377,20477.202000000005
20378,20889.198000000004
20379,21674.197000000004
20380,21443.198000000004
20381,21843.196000000004
20382,22281.195000000003
20383,22081.192000000003
20384,22303.191000000003
20385,21885.191000000003
20386,21898.189000000006
20387,21704.189000000002
20388,21924.186000000005
20389,21159.183000000005
20390,20139.190000000006
20391,20129.190000000006
20392,19974.187000000005
20393,20592.179000000004
20394,20794.18
20395,20999.178
20396,21019.176
20397,21208.173
20398,20987.178
20399,20416.178
20400,20811.178
20401,20651.179
20402,19676.183
20403,19853.187
20404,20271.189000000002
20405,20841.191000000003
20406,22015.194000000003
20407,22068.191000000003
20408,22826.198000000004
20409,23553.203
20410,23150.205
20411,23125.208000000002
20412,24503.204
20413,24513.2
20414,23744.197
20415,23370.198
20416,22777.205
20417,22760.207000000002
20418,22386.209000000003
20419,21845.210000000003
20420,21263.215000000004
20421,21486.212000000003
20422,21754.209000000003
20423,21971.205
20424,22316.211000000003
20425,21709.214000000004
20426,22113.212000000003
20427,21983.211000000003
20428,21049.210000000003
20429,21822.211000000003
20430,22832.210000000003
20431,22844.209000000003
20432,22834.210000000003
20433,24409.210000000003
20434,24627.206000000002
20435,26039.204
20436,26804.201
20437,27167.205
20438,27921.210000000003
20439,27913.209000000003
20440,26913.212000000003
20441,26564.209000000003
20442,26806.208000000002
20443,26827.209000000003
20444,26238.210000000003
20445,25639.212000000003
20446,26126.202
20447,25561.202
20448,24941.203
20449,25214.206000000002
20450,24548.199
20451,24341.201
20452,24128.206000000002
20453,23403.204
20454,23345.210000000003
20455,22559.211000000003
20456,22985.207000000002
20457,23421.21
20458,22097.209000000006
20459,22854.210000000003
20460,24233.212
20461,23611.218
20462,23606.216
20463,24982.217
20464,24558.222
20465,25559.221000000005
20466,26001.219000000005
20467,26832.220000000005
20468,27412.218
20469,26999.22
20470,26564.223
20471,26374.228000000003
20472,26155.228000000003
20473,26532.230000000003
20474,26738.229000000003
20475,27538.229000000003
20476,28157.227000000003
20477,26913.236000000004
20478,26360.237000000005
20479,26603.235000000004
20480,25634.234000000004
20481,26069.230000000003
20482,26450.23
20483,26291.229
20484,26278.23
20485,25307.23
20486,25536.228
20487,25385.224000000002
20488,24283.219
20489,23876.222
20490,24457.223
20491,24263.227000000003
20492,24465.229000000003
20493,26085.226000000002
20494,26097.224000000002
20495,27318.222000000005
20496,27418.219000000005
20497,27060.218000000004
20498,27467.215000000004
20499,27378.206000000002
20500,26797.206000000002
20501,27004.208000000002
20502,27632.204
20503,28235.203
20504,28613.202
20505,29220.201
20506,29420.206000000002
20507,29181.204
20508,28614.204
20509,28623.204
20510,27287.210000000003
20511,27514.213000000003
20512,27624.208000000002
20513,27637.206000000002
20514,27737.2
20515,27477.193000000003
20516,26714.196000000004
20517,26128.193000000003
20518,24746.201
20519,25190.201
20520,26357.202
20521,26599.196000000004
20522,26803.198
20523,28781.192000000003
20524,28211.195000000007
20525,28956.196000000004
20526,28474.198000000008
20527,28935.191000000006
20528,29705.188000000006
20529,29415.191000000003
20530,29317.190000000002
20531,29752.201000000005
20532,30748.208000000002
20533,31369.212000000003
20534,31475.205
20535,31106.209000000003
20536,31324.212000000003
20537,31177.22
20538,30269.227000000003
20539,30578.226000000002
20540,29743.230000000003
20541,29323.229
20542,28559.236
20543,28864.229
20544,28399.232
20545,28617.237
20546,27895.239
20547,27113.238
20548,25613.239
20549,26548.242000000002
20550,27469.249000000003
20551,27083.251000000004
20552,27834.258
20553,29044.254
20554,29286.258
20555,29731.256000000005
20556,31184.248000000003
20557,31429.245000000003
20558,30757.253000000004
20559,29342.265000000003
20560,27950.268000000004
20561,28155.268000000004
20562,28958.266000000007
20563,29708.270000000004
20564,29692.279000000006
20565,30151.276000000005
20566,30629.274000000005
20567,30032.280000000002
20568,30861.276
20569,31468.277000000002
20570,31846.278000000002
20571,31527.283000000003
20572,30765.273
20573,35712.268000000004
20574,35758.266
20575,35861.273
20576,35101.27500000001
20577,34432.279
20578,34004.275
20579,34954.273
20580,35791.274000000005
20581,35586.264
20582,36493.268000000004
20583,36716.270000000004
20584,36483.27500000001
20585,36137.270000000004
20586,36373.27100000001
20587,36965.278000000006
20588,36396.273
20589,34819.272000000004
20590,34235.26000000001
20591,34968.258
20592,41003.25200000001
20593,41134.261
20594,42154.258
20595,43879.25
20596,43941.242000000006
20597,42981.238000000005
20598,43169.240000000005
20599,44735.231
20600,44776.227
20601,44379.226
20602,43519.221000000005
20603,42249.227000000006
20604,42487.22200000001
20605,42382.223000000005
20606,42362.21800000001
20607,37076.21100000001
20608,36321.20700000001
20609,36624.21000000001
20610,36121.209
20611,35879.213
20612,36676.208000000006
20613,36994.209
20614,35635.209
20615,35434.202000000005
20616,35424.19500000001
20617,35236.189000000006
20618,35617.185000000005
20619,27626.183000000005
20620,26812.175000000007
20621,27539.168000000005
20622,28435.158000000003
20623,29729.157000000003
20624,30901.148000000005
20625,32069.140000000003
20626,32044.138000000003
20627,31929.134000000005
20628,32732.132000000005
20629,33670.131
20630,34015.126000000004
20631,34400.123999999996
20632,33472.12
20633,33117.117
20634,33144.116
20635,32926.115000000005
20636,33787.113000000005
20637,33766.114
20638,32163.118000000006
20639,32722.118000000006
20640,33298.117000000006
20641,32510.119000000006
20642,33233.12
20643,32951.12100000001
20644,31579.121000000006
20645,31256.118000000006
20646,30925.116
20647,31531.115000000005
20648,31361.122000000007
20649,29351.122000000003
20650,28909.124000000003
20651,28513.125000000007
20652,29851.124000000003
20653,30440.126000000007
20654,31300.128000000004
20655,32485.125000000004
20656,32042.124000000003
20657,31998.120000000003
20658,32768.12
20659,34109.12
20660,33856.119
20661,34483.115
20662,33471.114
20663,32879.111000000004
20664,33427.11
20665,33517.106
20666,34451.103
20667,34226.101
20668,33041.103
20669,32620.105000000003
20670,33033.103
20671,31872.105000000007
20672,31708.107000000007
20673,31482.111000000008
20674,30862.11400000001
20675,30063.11200000001
20676,30061.106000000003
20677,29937.105000000007
20678,30111.105000000007
20679,29485.101000000006
20680,28883.10300000001
20681,28128.10300000001
20682,27737.10400000001
20683,28132.10300000001
20684,28805.09800000001
20685,30350.09500000001
20686,29746.093000000008
20687,29147.092000000008
20688,29521.092000000008
20689,31251.093000000008
20690,31231.090000000007
20691,32457.095000000005
20692,33027.092000000004
20693,32598.096000000005
20694,33033.089
20695,31988.090000000004
20696,32010.089000000004
20697,32035.086000000003
20698,32145.075000000008
20699,31650.073000000008
20700,32070.071000000007
20701,31710.067000000006
20702,31745.064000000006
20703,31930.061000000005
20704,31565.061000000005
20705,30955.061000000005
20706,30765.060000000005
20707,31170.063000000006
20708,31385.064000000006
20709,30080.063000000006
20710,29460.065000000006
20711,28450.067000000006
20712,28820.067000000006
20713,29410.066000000006
20714,30030.065000000006
20715,31590.065000000006
20716,31985.066000000006
20717,30640.067000000006
20718,30275.068000000007
20719,31420.069000000007
20720,31425.069000000007
20721,32590.070000000007
20722,33170.071
20723,33390.071
20724,33225.07000000001
20725,32890.07000000001
20726,34070.068
20727,34360.064000000006
20728,34360.064000000006
20729,35175.063
20730,35295.066
20731,35530.064000000006
20732,34840.061
20733,33990.06500000001
20734,34225.06300000001
20735,33270.064000000006
20736,31735.064000000006
20737,32290.06500000001
20738,32885.065
20739,31160.064000000006
20740,30590.067000000006
20741,29580.069000000007
20742,29735.072000000007
20743,29955.073000000008
20744,30780.074000000008
20745,31975.074000000008
20746,31645.07200000001
20747,31270.06900000001
20748,30885.06800000001
20749,32095.065000000006
20750,31915.06200000001
20751,33090.06100000001
20752,33340.060000000005
20753,33545.05900000001
20754,32520.05900000001
20755,31930.06100000001
20756,32925.06300000001
20757,33180.062000000005
20758,33370.06300000001
20759,33755.064000000006
20760,34070.06500000001
20761,33705.06500000001
20762,33380.062000000005
20763,33375.06300000001
20764,34395.060000000005
20765,34430.058000000005
20766,33000.06100000001
20767,33480.058000000005
20768,33675.05900000001
20769,31680.06300000001
20770,31890.06100000001
20771,30555.06000000001
20772,30575.06100000001
20773,29990.06300000001
20774,30050.06300000001
20775,31050.06300000001
20776,30850.06400000001
20777,30570.06600000001
20778,30635.06300000001
20779,31215.06400000001
20780,31585.06300000001
20781,32765.06200000001
20782,32505.06700000001
20783,32690.07000000001
20784,31105.071000000007
20785,30940.071000000007
20786,32505.07100000001
20787,32095.075000000008
20788,31370.07400000001
20789,31340.07500000001
20790,31965.07300000001
20791,31990.07300000001
20792,32185.07400000001
20793,31745.074000000008
20794,32495.075000000008
20795,32330.074000000008
20796,31175.071000000007
20797,31345.073000000008
20798,31800.070000000007
20799,30785.074000000008
20800,30190.07600000001
20801,29455.07700000001
20802,30028.074000000008
20803,30763.073000000008
20804,31128.073000000008
20805,32118.071000000007
20806,31825.072000000007
20807,31785.073000000008
20808,32010.072000000007
20809,32400.073000000008
20810,33190.07200000001
20811,34040.068
20812,34380.068
20813,34950.071
20814,33805.071
20815,38760.07200000001
20816,39790.071
20817,39055.073000000004
20818,38650.071
20819,38855.07000000001
20820,39045.071
20821,39460.071
20822,39895.067
20823,38535.06700000001
20824,38620.067
20825,38195.069
20826,31750.06900000001
20827,32990.066
20828,33580.065
20829,32305.06300000001
20830,31555.06200000001
20831,30590.060000000005
20832,30900.058000000005
20833,31460.05900000001
20834,31840.062000000005
20835,32955.063
20836,32955.063
20837,32345.06300000001
20838,32370.06300000001
20839,33150.063
20840,33175.063
20841,33560.066
20842,33530.066999999995
20843,33785.065
20844,32310.06300000001
20845,31325.06500000001
20846,32670.06500000001
20847,32880.062000000005
20848,32455.06400000001
20849,32570.06000000001
20850,33328.060000000005
20851,33688.06100000001
20852,33333.059
20853,32588.058000000008
20854,33108.063
20855,32128.066000000006
20856,30748.070000000007
20857,31293.075000000008
20858,32053.07500000001
20859,31113.075000000008
20860,30463.07800000001
20861,30023.075000000008
20862,30828.07600000001
20863,32148.07700000001
20864,33548.076
20865,34173.078
20866,34248.073000000004
20867,33538.07600000001
20868,33648.079000000005
20869,34738.077000000005
20870,34993.071
20871,35183.073
20872,34908.079000000005
20873,34798.077000000005
20874,33083.07800000001
20875,32753.076000000012
20876,33558.077000000005
20877,33518.08000000001
20878,33488.077000000005
20879,33553.07800000001
20880,34358.078
20881,34545.08
20882,33930.081000000006
20883,33240.08400000001
20884,33210.085000000014
20885,32625.080000000013
20886,32025.078000000012
20887,32245.080000000013
20888,32700.077000000012
20889,31140.077000000012
20890,29825.077000000012
20891,29610.07600000001
20892,30055.07900000001
20893,30845.07700000001
20894,32580.077000000012
20895,33980.076
20896,33780.077000000005
20897,32750.07800000001
20898,32975.07700000001
20899,34355.07400000001
20900,34745.075000000004
20901,34745.075000000004
20902,34800.074
20903,35155.076
20904,34215.07400000001
20905,34015.071
20906,34295.07400000001
20907,35300.07
20908,34540.07100000001
20909,34895.073000000004
20910,35635.06800000001
20911,35925.064
20912,35895.065
20913,34910.06800000001
20914,34080.07300000001
20915,33650.07600000001
20916,32775.07500000001
20917,32970.07500000001
20918,32800.07000000001
20919,31665.06800000001
20920,31085.06700000001
20921,30485.06800000001
20922,30325.06600000001
20923,29960.07500000001
20924,31160.07400000001
20925,32290.077000000012
20926,32180.079000000012
20927,31620.079000000012
20928,31925.081000000013
20929,33065.08200000001
20930,32930.080000000016
20931,33445.08400000002
20932,33410.08600000001
20933,33800.08600000001
20934,32730.081000000013
20935,31740.084000000013
20936,32610.077000000012
20937,32080.07500000001
20938,32305.07400000001
20939,32425.07500000001
20940,33795.07400000001
20941,34475.07000000001
20942,34060.06900000001
20943,33530.068000000014
20944,33915.06900000001
20945,32530.07200000001
20946,32130.07300000001
20947,32610.06900000001
20948,32545.07200000001
20949,31595.076000000012
20950,31090.06900000001
20951,30505.06900000001
20952,31555.06400000001
20953,31165.06400000001
20954,32060.06500000001
20955,34165.066000000006
20956,33580.06700000001
20957,33170.06700000001
20958,33005.066000000006
20959,33990.07200000001
20960,33560.076000000015
20961,34215.07600000001
20962,34795.078
20963,34795.078
20964,33945.083000000006
20965,33415.081000000006
20966,33745.08300000001
20967,33545.08400000001
20968,33794.081000000006
20969,32949.084
20970,33604.081000000006
20971,33869.09100000001
20972,33127.088
20973,32722.09100000001
20974,33152.08900000001
20975,31587.09200000001
20976,31251.08800000001
20977,31941.09100000001
20978,32546.08700000001
20979,31748.08800000001
20980,30543.09000000001
20981,29752.09000000001
20982,30757.08900000001
20983,30592.08900000001
20984,31372.08900000001
20985,32948.08900000001
20986,32622.08800000001
20987,31927.08600000001
20988,32937.084
20989,33517.08600000001
20990,34079.08900000001
20991,34952.094000000005
20992,34912.09700000001
20993,34909.09900000001
20994,33764.10100000001
20995,33104.106000000014
20996,32364.108000000015
20997,32334.11000000001
20998,32774.10500000001
20999,32174.10300000001
21000,33504.09700000001
21001,33734.09700000001
21002,32564.09700000001
21003,32929.09700000001
21004,33505.09900000001
21005,31735.10300000001
21006,30666.10200000001
21007,31746.09600000001
21008,30981.09800000001
21009,30965.10000000001
21010,30003.09700000001
21011,29461.09700000001
21012,30717.094000000012
21013,31437.098000000013
21014,32821.09700000001
21015,34464.09600000001
21016,35482.09300000001
21017,35932.09300000001
21018,36218.088
21019,36808.088
21020,37076.083000000006
21021,38031.082
21022,38423.083000000006
21023,37453.084
21024,35863.08500000001
21025,35923.083000000006
21026,35683.08900000001
21027,35045.09000000001
21028,34276.091000000015
21029,33082.09400000001
21030,33922.092000000004
21031,33858.09300000001
21032,33364.08900000001
21033,33924.08900000001
21034,34049.09500000001
21035,32754.10200000001
21036,31798.104000000007
21037,31569.11200000001
21038,31018.11200000001
21039,30442.11400000001
21040,30050.11800000001
21041,30095.11700000001
21042,30302.117000000006
21043,31602.11900000001
21044,32756.122000000007
21045,34526.119
21046,35039.12500000001
21047,35434.123999999996
21048,36237.12699999999
21049,36982.132
21050,36163.134999999995
21051,36541.138999999996
21052,36552.13599999999
21053,35347.14
21054,34851.14000000001
21055,34986.14400000001
21056,34812.14400000001
21057,34722.141
21058,33377.145000000004
21059,32441.147000000008
21060,33439.14600000001
21061,34183.149000000005
21062,34458.15
21063,34948.153
21064,35615.149999999994
21065,34134.148
21066,33548.15000000001
21067,33604.152
21068,34318.155
21069,34572.15099999999
21070,34393.147999999994
21071,34469.151
21072,33547.153000000006
21073,33985.156
21074,34226.158
21075,35505.166999999994
21076,36246.16799999999
21077,36856.16799999999
21078,37229.16999999999
21079,37365.17599999999
21080,36512.181
21081,36443.183
21082,37059.183
21083,35816.183
21084,34741.18800000001
21085,34979.18800000001
21086,34315.19500000001
21087,33386.19700000001
21088,32053.197000000007
21089,32311.194000000007
21090,33656.194
21091,33381.19700000001
21092,34431.194
21093,34624.19900000001
21094,35232.200000000004
21095,33958.200000000004
21096,33773.205
21097,34742.202000000005
21098,35079.207
21099,34114.212
21100,33476.21800000001
21101,34144.215000000004
21102,32845.22200000001
21103,33902.219000000005
21104,34350.223000000005
21105,35598.221999999994
21106,35966.219
21107,36952.22
21108,37695.216
21109,38330.215000000004
21110,37895.217
21111,39190.217
21112,38714.217
21113,38153.219
21114,37213.219
21115,37512.223999999995
21116,37072.227
21117,36568.229
21118,35338.232
21119,35177.239
21120,35424.238999999994
21121,35829.241
21122,37502.237
21123,37363.238
21124,37698.242999999995
21125,36673.24999999999
21126,37263.253000000004
21127,37168.255
21128,37254.263999999996
21129,36549.268
21130,36767.267
21131,35987.268
21132,35439.276
21133,35833.28
21134,36057.283
21135,36654.284999999996
21136,36773.278
21137,38713.278000000006
21138,38701.28
21139,39903.282
21140,39416.284
21141,40143.289
21142,38938.291
21143,43646.295000000006
21144,42684.295
21145,43838.295000000006
21146,43811.298
21147,42750.302
21148,42794.30400000001
21149,42228.311
21150,42583.314000000006
21151,42691.315
21152,44109.312000000005
21153,43856.314
21154,44417.321
21155,44287.322
21156,44543.320999999996
21157,44542.313
21158,44454.323000000004
21159,44733.325000000004
21160,45056.32400000001
21161,44319.331000000006
21162,44083.338
21163,45095.339
21164,45084.341
21165,46482.33699999999
21166,45775.34299999999
21167,46872.34599999999
21168,46136.356
21169,46422.354
21170,45907.356
21171,46053.361
21172,45696.359000000004
21173,44746.363
21174,44484.371
21175,43937.36599999999
21176,43916.365999999995
21177,43643.36199999999
21178,43509.36399999999
21179,43017.36399999999
21180,43802.36999999999
21181,44727.37599999998
21182,45436.37799999999
21183,45002.38299999999
21184,44969.39499999999
21185,44860.40199999999
21186,44678.40299999999
21187,44285.41099999999
21188,45017.412
21189,45521.409999999996
21190,45676.40099999999
21191,44928.40999999999
21192,44292.41199999999
21193,45579.410999999986
21194,45387.405999999995
21195,46661.414
21196,46675.413
21197,47428.418999999994
21198,46322.428
21199,47071.434
21200,40230.441
21201,40242.45
21202,40505.441
21203,40266.448000000004
21204,40892.45100000001
21205,40727.452000000005
21206,40579.448
21207,40934.44200000001
21208,41223.441000000006
21209,40975.443999999996
21210,41709.444
21211,42403.449
21212,43576.452000000005
21213,43324.44700000001
21214,43422.446
21215,42346.44500000001
21216,42215.45200000001
21217,42806.45000000001
21218,43294.448000000004
21219,42604.45100000001
21220,42760.46100000001
21221,41881.477000000006
21222,41090.48800000002
21223,42031.48600000002
21224,41199.49200000001
21225,42409.487000000016
21226,41944.49200000002
21227,42838.485000000015
21228,42818.49200000001
21229,43505.49400000002
21230,42597.49700000002
21231,42078.503000000004
21232,41241.505000000005
21233,41079.500000000015
21234,41756.502
21235,41893.50800000001
21236,42010.50399999999
21237,41816.50100000001
21238,41966.503000000004
21239,41806.50700000002
21240,43469.50100000001
21241,44904.50300000001
21242,45451.508000000016
21243,45092.51100000002
21244,45015.51800000002
21245,43155.525000000016
21246,43450.532
21247,43241.534
21248,43005.53300000001
21249,43114.53300000002
21250,43662.534000000014
21251,44320.53800000001
21252,43374.54
21253,43612.543000000005
21254,42799.55400000001
21255,44011.55000000001
21256,42775.55900000002
21257,44102.565000000024
21258,45089.57100000002
21259,45516.56200000002
21260,44260.56600000002
21261,43430.56600000003
21262,42550.58100000002
21263,42101.58100000002
21264,42134.58400000002
21265,41788.58300000001
21266,41750.59000000002
21267,42202.58800000001
21268,42194.58600000002
21269,41767.59600000002
21270,43401.59000000002
21271,43258.59500000001
21272,44033.60200000002
21273,45293.58800000001
21274,45811.58800000001
21275,44550.59900000001
21276,45123.59700000001
21277,44706.59700000001
21278,43903.60500000001
21279,42982.60500000001
21280,43913.59900000002
21281,44856.60200000001
21282,44061.60000000001
21283,44682.60900000001
21284,44496.617000000006
21285,44925.617000000006
21286,44773.612
21287,45140.623
21288,45907.636000000006
21289,46187.63900000001
21290,45224.629000000015
21291,44360.63700000001
21292,43843.64700000001
21293,42327.646000000015
21294,42413.65600000001
21295,42260.67300000001
21296,42458.676000000014
21297,42842.657000000014
21298,41752.66900000001
21299,41301.658
21300,42176.65200000002
21301,42061.646000000015
21302,42780.64200000002
21303,42884.635000000024
21304,43222.644000000015
21305,42614.65300000001
21306,43364.650000000016
21307,43175.64600000003
21308,43737.63600000001
21309,43312.64000000002
21310,43064.63400000002
21311,43857.640000000014
21312,43823.63600000001
21313,44619.63900000002
21314,44705.63100000002
21315,45211.62400000001
21316,44126.633000000016
21317,44007.63200000002
21318,45046.63400000003
21319,46233.629000000015
21320,46497.623000000014
21321,45900.61800000002
21322,45556.61800000002
21323,43786.623000000014
21324,43434.62100000001
21325,43398.631
21326,43813.626000000004
21327,43908.625000000015
21328,42451.623000000014
21329,42033.62400000002
21330,41710.61700000002
21331,41772.621000000014
21332,41999.615000000005
21333,42891.606000000014
21334,43106.61300000002
21335,41989.61900000002
21336,42647.624000000025
21337,43167.62900000002
21338,42895.628000000026
21339,42501.622000000025
21340,41679.63200000003
21341,42320.63000000002
21342,42246.635000000024
21343,43123.641000000025
21344,43073.637000000024
21345,43807.63000000002
21346,43061.62500000002
21347,42581.61900000002
21348,44126.61700000002
21349,45170.61700000001
21350,45539.613000000005
21351,44889.60700000002
21352,43978.60500000001
21353,42202.611000000004
21354,42056.61700000001
21355,42887.61500000001
21356,43975.61900000001
21357,44085.621000000014
21358,43456.62600000001
21359,42920.62600000001
21360,43013.63200000002
21361,43659.63000000002
21362,44999.63200000001
21363,44775.627000000015
21364,44760.63300000001
21365,44114.62800000001
21366,44597.62400000002
21367,44709.61700000001
21368,44347.62000000001
21369,44274.62300000002
21370,44064.61600000001
21371,44630.601000000024
21372,44308.60200000002
21373,43879.61300000002
21374,43716.61300000002
21375,42922.61500000002
21376,41583.60200000001
21377,40430.60000000002
21378,40855.58900000002
21379,41071.582000000024
21380,41079.58900000002
21381,40164.59400000002
21382,38354.597000000016
21383,38622.597000000016
21384,37989.59900000002
21385,38398.59800000003
21386,38759.60800000003
21387,39397.594000000034
21388,38530.586000000025
21389,38253.580000000016
21390,37781.57200000002
21391,37936.57700000002
21392,38967.572000000015
21393,38735.57100000002
21394,39871.574000000015
21395,39205.57100000002
21396,41012.57500000002
21397,41372.56800000002
21398,41415.57100000001
21399,40571.576000000015
21400,39888.57400000002
21401,39368.58600000002
21402,39602.572000000015
21403,38287.56600000002
21404,37194.57000000002
21405,37428.57700000002
21406,35483.57300000002
21407,34488.56900000002
21408,35060.561000000016
21409,35235.559000000016
21410,36270.558000000005
21411,35685.566000000006
21412,34677.56500000002
21413,34236.56000000002
21414,34588.54900000001
21415,34863.55400000001
21416,34831.54800000001
21417,35915.55
21418,35193.543000000005
21419,35115.549999999996
21420,34954.545
21421,34133.54100000001
21422,34910.539000000004
21423,35650.542
21424,36677.539
21425,36208.541999999994
21426,37428.536
21427,36865.541999999994
21428,36638.541
21429,34994.534999999996
21430,34633.528000000006
21431,35631.530000000006
21432,35865.524000000005
21433,34661.525
21434,33560.52400000002
21435,33866.521000000015
21436,32331.520000000015
21437,31217.514000000014
21438,31364.51400000001
21439,32422.516000000014
21440,33054.51500000001
21441,32638.52700000001
21442,31350.530000000013
21443,30493.526000000016
21444,30091.524000000016
21445,30674.523000000012
21446,31525.532000000014
21447,32959.52900000001
21448,37709.52900000001
21449,37721.53300000001
21450,36784.532000000014
21451,36724.52200000001
21452,37361.52200000001
21453,38170.52100000001
21454,39013.51700000001
21455,37867.51200000002
21456,38570.51100000001
21457,38641.51400000001
21458,37823.51200000002
21459,35947.523000000016
21460,35179.52700000002
21461,35535.52800000001
21462,35221.52500000001
21463,34910.52700000001
21464,33858.532000000014
21465,34662.53200000001
21466,32751.52100000001
21467,32093.523000000012
21468,38718.504000000015
21469,39793.50100000002
21470,40420.49400000002
21471,40337.49400000001
21472,33674.487000000016
21473,32772.483000000015
21474,32580.481000000014
21475,31829.480000000018
21476,32036.485000000015
21477,31797.484000000015
21478,31765.481000000018
21479,32861.47800000002
21480,32045.474000000017
21481,31890.480000000014
21482,32907.48200000002
21483,34475.47400000002
21484,35717.46800000001
21485,34736.47300000001
21486,35765.47400000001
21487,36327.466000000015
21488,35900.46400000001
21489,34042.46300000001
21490,33386.45800000001
21491,33717.45700000001
21492,32165.45600000001
21493,32318.453000000012
21494,25635.44800000001
21495,25969.45000000001
21496,24203.46100000001
21497,24975.456000000013
21498,25661.45500000001
21499,25496.45500000001
21500,25664.44600000001
21501,24597.448000000015
21502,25330.44500000001
21503,24052.437000000013
21504,24739.441000000013
21505,25212.440000000013
21506,25707.443000000014
21507,26140.44800000001
21508,25528.44600000001
21509,26967.447000000007
21510,26779.44400000001
21511,25661.44900000001
21512,25640.445000000007
21513,26241.447000000007
21514,26882.448000000008
21515,25631.447000000007
21516,26283.45300000001
21517,26300.449000000008
21518,27109.450000000008
21519,26147.445000000007
21520,25392.44000000001
21521,26310.435000000005
21522,25057.427000000003
21523,24134.430000000008
21524,23012.423000000006
21525,23196.42000000001
21526,21643.41700000001
21527,21536.42000000001
21528,21010.411000000007
21529,20142.410000000007
21530,20616.407000000007
21531,19828.408000000007
21532,20408.408000000003
21533,20187.403000000002
21534,20890.395000000004
21535,20855.398000000005
21536,21311.393000000007
21537,21201.391000000003
21538,21493.389000000003
21539,23046.387000000006
21540,23414.386000000002
21541,22441.391000000003
21542,23062.395
21543,23906.388000000006
21544,24648.385000000006
21545,24396.386000000006
21546,24920.384000000005
21547,24856.383000000005
21548,26133.383000000005
21549,24680.385000000006
21550,24044.383000000005
21551,24526.379000000008
21552,23685.383
21553,22733.383
21554,22181.385
21555,20638.394
21556,19542.388000000003
21557,19815.384
21558,19858.384000000002
21559,19906.383
21560,19983.389
21561,19988.385000000002
21562,19651.385000000002
21563,19431.382
21564,18751.382999999998
21565,19203.386
21566,19595.379999999997
21567,19243.367
21568,17701.358999999997
21569,18312.363999999998
21570,19258.352999999996
21571,17101.366999999995
21572,17568.371999999996
21573,17063.374999999996
21574,17919.373
21575,17438.370999999996
21576,17766.373
21577,17179.37
21578,17727.37
21579,17571.377
21580,15927.380000000001
21581,16385.385000000006
21582,16055.392000000003
21583,15899.401000000005
21584,15542.408000000007
21585,14445.417000000009
21586,13655.42700000001
21587,14506.42300000001
21588,15087.434000000012
21589,14119.431000000011
21590,14388.438000000013
21591,13368.453000000016
21592,12575.464000000018
21593,11351.469000000016
21594,9969.482000000015
21595,8576.500000000016
21596,7229.521000000014
21597,5430.556000000014
21598,3732.578000000002
21599,951.6169999999983
21600,1480.4289999999983
21601,2720.4280000000035
21602,5130.41200000001
21603,6598.405000000018
21604,7693.397000000018
21605,8483.39800000002
21606,9336.392000000018
21607,10493.385000000018
21608,11603.378000000017
21609,12258.374000000016
21610,14858.370000000017
21611,14258.369000000015
21612,12613.367000000015
21613,12376.358000000013
21614,12261.35500000001
21615,12941.355000000009
21616,12816.355000000009
21617,13196.353000000008
21618,12566.355000000009
21619,13096.354000000007
21620,11506.347000000005
21621,12359.347000000005
21622,13376.337000000005
21623,14103.328000000005
21624,15333.321000000004
21625,14960.321000000004
21626,16360.314000000002
21627,17000.31
21628,17406.303
21629,17941.298
21630,16841.304
21631,18056.303
21632,19046.304999999997
21633,19204.309999999998
21634,18574.315
21635,19154.316
21636,18624.316
21637,18144.318
21638,19179.32
21639,18949.318
21640,20806.307
21641,20166.304
21642,20451.298
21643,19739.3
21644,18549.303
21645,18709.3
21646,18944.294
21647,19071.292
21648,18416.297000000002
21649,17684.297000000002
21650,15634.296000000006
21651,16054.287000000004
21652,14817.289000000004
21653,14219.287000000006
21654,14979.283000000005
21655,14534.285000000005
21656,13767.286000000006
21657,13577.278000000006
21658,13069.280000000006
21659,12986.282000000007
21660,13121.277000000007
21661,13441.273000000008
21662,14311.264000000006
21663,14644.265000000007
21664,14004.264000000006
21665,14779.258000000005
21666,15176.257000000009
21667,16481.25500000001
21668,17089.249000000007
21669,17679.244000000006
21670,18032.241000000005
21671,18232.239000000005
21672,17960.234000000004
21673,17710.231000000007
21674,17295.225000000006
21675,16975.22500000001
21676,17795.221000000005
21677,17825.213000000007
21678,18150.218000000008
21679,17390.209000000006
21680,16603.20200000001
21681,16640.190000000006
21682,16443.195000000007
21683,15466.198000000008
21684,16071.197000000007
21685,15901.194000000007
21686,15326.195000000007
21687,14756.198000000008
21688,13571.200000000006
21689,13558.203000000007
21690,13973.200000000006
21691,14008.199000000006
21692,14643.197000000006
21693,16208.199000000004
21694,16821.198000000004
21695,17411.199000000004
21696,16816.203000000005
21697,15683.204000000005
21698,16876.201000000005
21699,17876.200000000004
21700,18291.20100000001
21701,18507.201000000005
21702,17919.204000000005
21703,17509.209000000006
21704,17512.208000000006
21705,18107.208000000006
21706,19284.205000000005
21707,19476.206000000006
21708,19472.207000000006
21709,18487.209000000006
21710,17547.204000000005
21711,17122.207000000006
21712,18522.202000000005
21713,17327.204000000005
21714,17537.202000000005
21715,17147.202000000005
21716,16547.205000000005
21717,17529.204000000005
21718,16927.204000000005
21719,16162.203000000005
21720,15957.205000000004
21721,16362.204000000003
21722,15202.204000000003
21723,15769.205000000004
21724,16331.210000000005
21725,16974.204000000005
21726,16794.201000000005
21727,15789.204000000005
21728,16592.201000000005
21729,18362.198000000008
21730,19147.199000000008
21731,18927.199000000008
21732,18712.200000000008
21733,19272.203000000005
21734,18887.20200000001
21735,18095.204000000005
21736,18460.204000000005
21737,17870.203000000005
21738,17895.200000000004
21739,18090.201000000005
21740,17550.195000000003
21741,17930.195000000003
21742,18700.197000000004
21743,17945.193000000003
21744,17935.195000000003
21745,17755.194000000003
21746,18522.195000000007
21747,19282.199000000008
21748,19687.196000000007
21749,18912.195000000007
21750,18479.199000000004
21751,18674.199000000004
21752,18279.200000000008
21753,19059.199000000004
21754,18858.200000000008
21755,19903.193000000007
21756,18508.197000000007
21757,18326.197000000007
21758,18896.200000000008
21759,19524.194000000007
21760,20277.195000000007
21761,20272.193000000007
21762,20297.190000000006
21763,19747.187000000005
21764,19544.187000000005
21765,19384.185000000005
21766,19954.187000000005
21767,19564.187000000005
21768,19152.188000000006
21769,19714.190000000006
21770,19109.192000000006
21771,18481.196000000007
21772,18874.195000000007
21773,17705.195000000003
21774,17907.192000000003
21775,17700.196000000004
21776,18535.187000000005
21777,18925.187000000005
21778,18697.188000000006
21779,18702.189000000006
21780,18290.191000000003
21781,19680.188000000006
21782,19125.186000000005
21783,20490.185000000005
21784,20285.187000000005
21785,21282.186000000005
21786,20877.187000000005
21787,20877.187000000005
21788,22412.190000000002
21789,21647.188000000006
21790,22007.193000000003
21791,20389.199000000004
21792,20404.198000000004
21793,19994.200000000004
21794,20344.203000000005
21795,19366.203000000005
21796,19941.205000000005
21797,19386.202000000005
21798,19229.198000000008
21799,19629.197000000007
21800,18884.196000000007
21801,18704.191000000006
21802,19657.188000000006
21803,18072.190000000006
21804,17867.193000000003
21805,18232.192000000006
21806,18432.192000000006
21807,19002.197000000007
21808,18802.195000000007
21809,19387.196000000007
21810,19512.20200000001
21811,19487.20100000001
21812,19069.20100000001
21813,20644.198000000008
21814,20824.199000000008
21815,21994.198000000008
21816,22219.194000000007
21817,22609.190000000006
21818,24349.189000000006
21819,24759.183000000005
21820,24949.182000000004
21821,24549.183000000005
21822,24319.190000000006
21823,24519.187000000005
21824,24719.187000000005
21825,24471.194000000007
21826,24891.18800000001
21827,24093.190000000006
21828,22708.19200000001
21829,22700.19100000001
21830,21338.18900000001
21831,21748.18600000001
21832,21799.182000000008
21833,20629.18400000001
21834,20034.18600000001
21835,19664.188000000006
21836,20494.18400000001
21837,21259.18700000001
21838,21264.18800000001
21839,21124.183000000008
21840,21651.18700000001
21841,20921.178000000007
21842,19723.183000000008
21843,21111.18400000001
21844,21286.187000000005
21845,22706.183000000005
21846,23149.179000000004
21847,23164.181000000004
21848,24759.179000000007
21849,24955.182000000004
21850,25173.181000000004
21851,24628.177000000003
21852,24223.180000000004
21853,24205.183000000005
21854,24223.181000000004
21855,24079.182000000004
21856,24114.184000000005
21857,23915.185000000005
21858,22335.190000000006
21859,22354.191000000006
21860,21179.193000000007
21861,21964.195000000007
21862,22990.193000000007
21863,21638.196000000004
21864,20830.199000000004
21865,20275.202000000005
21866,21305.201000000005
21867,22299.199000000004
21868,21702.204000000005
21869,21340.201000000005
21870,21532.203000000005
21871,20744.209000000006
21872,20748.208000000006
21873,21708.211000000007
21874,22393.205000000005
21875,24595.202000000005
21876,24608.206000000006
21877,24242.206000000006
21878,25792.208000000006
21879,26374.209000000006
21880,26813.209000000006
21881,26283.209000000006
21882,24948.211000000007
21883,25373.209000000006
21884,26210.200000000004
21885,26640.196000000004
21886,27072.194000000003
21887,27545.192000000003
21888,27202.188000000006
21889,27002.187000000005
21890,25707.187000000005
21891,25919.186000000005
21892,25740.190000000006
21893,24124.193000000003
21894,23894.196000000004
21895,23192.196000000004
21896,24024.195000000003
21897,25402.197000000004
21898,24820.197000000004
21899,24253.198000000004
21900,24433.200000000004
21901,24429.205000000005
21902,24252.205000000005
21903,24667.208000000006
21904,24864.212000000007
21905,26858.209000000006
21906,26900.203000000005
21907,26697.206000000006
21908,27497.209000000006
21909,27691.210000000006
21910,28716.207000000006
21911,27640.213000000003
21912,26405.216000000004
21913,26959.221000000005
21914,27129.226000000006
21915,26676.230000000003
21916,27082.23
21917,27454.226000000002
21918,27017.23
21919,26432.234
21920,24692.233
21921,26405.228
21922,27629.222
21923,26492.222
21924,25978.22
21925,25640.214
21926,26081.212
21927,26790.219
21928,26459.215
21929,26102.216
21930,27498.219
21931,27491.216
21932,26760.213000000003
21933,27009.217
21934,27002.219
21935,28551.226000000002
21936,28172.227000000003
21937,26650.231000000003
21938,28041.228000000003
21939,28997.229000000003
21940,29028.226000000002
21941,28079.224000000002
21942,27083.228000000003
21943,27509.230000000003
21944,27944.224000000002
21945,27675.222
21946,27878.221
21947,28514.221
21948,28217.219
21949,27716.219
21950,26786.215000000007
21951,26993.213000000003
21952,28736.218
21953,27214.215000000004
21954,26434.221000000005
21955,26696.217000000004
21956,27734.212000000003
21957,28237.217
21958,28021.214000000004
21959,27663.209000000003
21960,28483.208000000002
21961,28919.208000000002
21962,28561.207000000002
21963,28792.202
21964,29065.193000000003
21965,29665.192000000003
21966,30223.191000000003
21967,28871.187
21968,29659.18
21969,30948.184999999998
21970,30621.184999999998
21971,28907.193000000003
21972,28692.196000000004
21973,29429.207000000002
21974,29874.209000000003
21975,30015.213000000003
21976,30221.215000000004
21977,31021.218000000004
21978,30360.222000000005
21979,29780.226000000002
21980,29121.224000000006
21981,29352.220000000005
21982,30649.223000000005
21983,30386.222000000005
21984,29056.228000000003
21985,28496.228000000003
21986,29460.230000000003
21987,29409.229000000007
21988,28427.236000000008
21989,28683.232000000007
21990,28784.24100000001
21991,29146.245000000003
21992,28431.239000000005
21993,29747.235
21994,29558.242000000002
21995,30904.243000000002
21996,30654.250000000004
21997,29615.252
21998,29773.262000000002
21999,31101.249
22000,31121.252
22001,29538.258
22002,29295.262000000002
22003,30874.265000000003
22004,30743.265000000003
22005,30596.271000000004
22006,30765.259000000002
22007,31994.260000000002
22008,31781.269000000004
22009,31653.274000000005
22010,30439.290000000005
22011,30854.294
22012,32407.286000000004
22013,31570.286
22014,30611.280000000002
22015,29849.280000000002
22016,30850.275
22017,30595.275
22018,30636.277000000002
22019,30006.276000000005
22020,31444.273000000005
22021,31831.279000000006
22022,31439.276
22023,31649.274
22024,32044.272
22025,32291.266
22026,31959.255000000005
22027,31044.246000000006
22028,30561.256
22029,31310.260000000002
22030,32072.252
22031,31051.251000000004
22032,31064.251
22033,32635.250000000007
22034,32525.245000000003
22035,32284.243000000002
22036,32290.244000000002
22037,33177.243
22038,33112.236
22039,32393.237000000005
22040,31391.230000000007
22041,31621.228000000006
22042,32450.219000000005
22043,30816.225000000006
22044,29856.214000000007
22045,29012.209000000006
22046,28621.212000000007
22047,28475.206000000006
22048,28766.206000000006
22049,28890.207000000006
22050,35710.205
22051,36672.205
22052,36621.197
22053,35798.201
22054,37090.200000000004
22055,38638.199
22056,38824.19
22057,37698.184
22058,38104.174
22059,38680.174
22060,38646.172000000006
22061,38566.162
22062,39940.151
22063,35266.151999999995
22064,34844.155999999995
22065,34052.158
22066,33583.147
22067,34311.147999999994
22068,34094.146
22069,34155.133
22070,33138.133
22071,33012.13
22072,33193.132
22073,32296.126
22074,30882.13
22075,30240.126000000004
22076,29898.124000000003
22077,29407.131000000005
22078,30895.133
22079,31272.129000000004
22080,33276.122
22081,33870.12100000001
22082,32567.119000000006
22083,32535.119000000006
22084,33310.12
22085,34013.122
22086,33770.12500000001
22087,32440.121000000006
22088,32616.122000000003
22089,33029.12100000001
22090,32815.122
22091,32640.121000000006
22092,32697.119000000006
22093,33414.119000000006
22094,33883.114
22095,33656.111000000004
22096,33024.115000000005
22097,35133.117
22098,34311.118
22099,33556.109000000004
22100,32765.109000000004
22101,32971.105
22102,33754.102
22103,32633.098
22104,31421.100000000002
22105,30632.097000000005
22106,30585.098000000005
22107,30216.093000000004
22108,31210.086000000003
22109,31767.087000000003
22110,33137.084
22111,33993.091
22112,33290.085
22113,33226.091
22114,34214.088
22115,34436.087
22116,34808.085
22117,32838.088
22118,33050.084
22119,33659.087
22120,33587.090000000004
22121,33507.089
22122,33182.084
22123,33798.083000000006
22124,33632.083000000006
22125,33873.082
22126,33713.075000000004
22127,35138.081
22128,34112.08
22129,32909.08
22130,32392.075000000004
22131,31857.073000000004
22132,32407.076000000005
22133,31207.076000000005
22134,30037.076000000005
22135,29452.074000000004
22136,28880.076000000005
22137,28470.073000000008
22138,29335.072000000007
22139,29160.066000000006
22140,30995.058000000005
22141,31155.06100000001
22142,29590.059000000005
22143,30030.059000000005
22144,31630.057000000008
22145,31785.060000000005
22146,31975.061000000005
22147,31165.062000000005
22148,31530.062000000005
22149,32890.064000000006
22150,32685.067000000006
22151,32885.066000000006
22152,33250.067
22153,33795.07000000001
22154,34220.069
22155,34085.067
22156,34180.064000000006
22157,36250.064
22158,36070.062
22159,34730.062000000005
22160,34010.061
22161,34400.061
22162,35520.060999999994
22163,34180.061
22164,33200.062000000005
22165,32813.061
22166,31598.065000000006
22167,30648.066000000006
22168,31818.067000000006
22169,30473.070000000007
22170,30448.070000000007
22171,30403.074000000008
22172,29473.071000000007
22173,28398.070000000007
22174,30108.069000000007
22175,30638.075000000008
22176,30828.07600000001
22177,29838.074000000008
22178,29473.074000000008
22179,31013.074000000008
22180,31268.073000000008
22181,30853.073000000008
22182,31628.066000000006
22183,32863.064000000006
22184,33023.066000000006
22185,32603.067000000006
22186,32433.068000000007
22187,34973.06699999999
22188,33768.069
22189,34003.066
22190,34058.066
22191,34108.066
22192,34833.066999999995
22193,33683.069
22194,31928.069000000007
22195,31568.06800000001
22196,31773.06600000001
22197,31648.06200000001
22198,32363.066000000006
22199,30578.067000000006
22200,30958.067000000006
22201,31373.067000000006
22202,30133.06400000001
22203,30933.060000000005
22204,31490.06700000001
22205,32015.06800000001
22206,32410.067000000006
22207,31150.070000000007
22208,30980.070000000007
22209,31930.070000000007
22210,32290.072000000007
22211,31795.070000000007
22212,31570.071000000007
22213,32715.071000000007
22214,32980.066000000006
22215,32555.068000000007
22216,32495.070000000007
22217,33665.07000000001
22218,33475.069
22219,33460.07200000001
22220,33620.07200000001
22221,33920.075000000004
22222,34445.071
22223,33485.071
22224,32375.074000000008
22225,31750.07800000001
22226,31090.074000000008
22227,31705.074000000008
22228,32330.071000000007
22229,31185.07200000001
22230,31190.071000000007
22231,31320.07400000001
22232,32200.07900000001
22233,33250.07400000001
22234,33935.07800000001
22235,34155.07800000001
22236,33785.079000000005
22237,38340.07800000001
22238,38195.07800000001
22239,38775.079000000005
22240,38975.07800000001
22241,38320.07400000001
22242,36785.07400000001
22243,37435.07200000001
22244,37665.07000000001
22245,37075.07200000001
22246,31850.07600000001
22247,32545.07900000001
22248,32390.07600000001
22249,32590.075000000008
22250,32655.073000000008
22251,33465.07200000001
22252,34475.07000000001
22253,33265.07400000001
22254,34740.071
22255,34370.074000000015
22256,34785.07600000001
22257,35010.07600000001
22258,35755.078000000016
22259,35160.07600000001
22260,35075.079000000005
22261,35465.079000000005
22262,35925.08000000001
22263,37555.07600000001
22264,38100.07400000001
22265,38550.07200000001
22266,37575.07200000001
22267,36165.076
22268,35980.07400000001
22269,42050.07800000001
22270,42325.077000000005
22271,41405.076000000015
22272,39515.07500000001
22273,39190.07300000001
22274,39410.07300000001
22275,39165.07400000001
22276,39535.07300000001
22277,39555.07500000001
22278,39650.07100000001
22279,40115.07100000001
22280,39270.07400000001
22281,40320.06900000002
22282,41130.068
22283,38905.07000000001
22284,39190.06700000001
22285,39195.066000000006
22286,40250.061000000016
22287,40495.061000000016
22288,40850.06300000001
22289,39710.062000000005
22290,39875.06300000001
22291,40320.062000000005
22292,40535.058000000005
22293,40950.05900000001
22294,40665.06300000001
22295,41675.061
22296,40665.065
22297,40040.068000000014
22298,45600.06700000001
22299,46055.064000000006
22300,47035.063
22301,40110.066000000006
22302,38973.06400000001
22303,38788.06400000001
22304,38853.06100000001
22305,38423.06400000001
22306,37493.06500000001
22307,38498.06400000001
22308,37518.066000000006
22309,38293.06700000001
22310,37143.06900000001
22311,37393.068000000014
22312,39508.06900000001
22313,39613.072000000015
22314,39868.07000000001
22315,39453.07000000001
22316,40058.07100000001
22317,40378.066000000006
22318,40743.068000000014
22319,39928.07000000001
22320,39710.07000000001
22321,40260.07300000002
22322,38410.07300000001
22323,39025.07300000001
22324,39220.07300000001
22325,40005.072000000015
22326,39430.07000000001
22327,39260.07000000001
22328,39970.07400000001
22329,40525.07000000001
22330,41300.07100000001
22331,40755.068
22332,39350.072000000015
22333,38265.07000000001
22334,38650.07100000001
22335,39115.066000000006
22336,38355.066000000006
22337,39185.06300000001
22338,38070.062000000005
22339,38035.06500000001
22340,37055.068000000014
22341,38110.06400000001
22342,39650.06300000001
22343,39590.06500000001
22344,39625.06300000001
22345,39625.06400000001
22346,40365.068000000014
22347,41055.07100000001
22348,35960.07600000001
22349,35160.07500000001
22350,35220.074000000015
22351,35650.07100000001
22352,35915.06700000001
22353,36280.071
22354,36635.068999999996
22355,36530.066
22356,36775.066
22357,35985.068
22358,35740.072
22359,36550.07
22360,36740.070999999996
22361,35930.06999999999
22362,34835.06800000001
22363,33870.066000000006
22364,33835.06800000001
22365,34465.064000000006
22366,33695.062000000005
22367,33460.06500000001
22368,32650.06600000001
22369,33465.064000000006
22370,32310.06600000001
22371,33130.06300000001
22372,33580.06300000001
22373,33380.064000000006
22374,33850.058000000005
22375,33400.060000000005
22376,34600.05900000001
22377,35015.05800000001
22378,36160.058000000005
22379,34985.05900000001
22380,35150.060000000005
22381,35145.06100000001
22382,35260.06200000001
22383,36405.063
22384,37175.065
22385,37300.06
22386,37290.062
22387,36575.058999999994
22388,36250.06
22389,37625.061
22390,38465.059
22391,37460.060000000005
22392,36660.05900000001
22393,35630.060000000005
22394,34460.06100000001
22395,35385.062
22396,33770.06800000001
22397,34160.06800000001
22398,32570.07100000001
22399,33600.073000000004
22400,33980.071
22401,34610.069
22402,35425.06700000001
22403,35650.066000000006
22404,35615.069
22405,34230.07200000001
22406,35435.069
22407,36035.067
22408,36815.069
22409,36235.069
22410,36215.069
22411,36405.071
22412,36400.072
22413,37405.071
22414,37995.07
22415,38160.070999999996
22416,38010.075999999994
22417,37816.07399999999
22418,37832.075
22419,37616.075999999994
22420,38456.074
22421,37701.074
22422,36671.075000000004
22423,35381.07
22424,34406.070999999996
22425,34931.073
22426,33986.074
22427,34661.07199999999
22428,33931.072
22429,34380.072
22430,33361.07400000001
22431,33711.077
22432,35065.077
22433,35425.079
22434,35620.081
22435,34150.078
22436,35290.079999999994
22437,34812.083999999995
22438,35502.079
22439,34572.08500000001
22440,34732.087
22441,35142.088
22442,35322.087
22443,36217.094
22444,36227.098999999995
22445,37217.096
22446,37682.09099999999
22447,37762.09
22448,38387.08799999999
22449,38136.092
22450,38311.091
22451,36521.094
22452,35927.098999999995
22453,34362.09999999999
22454,33622.098
22455,33849.097
22456,33039.09900000001
22457,34055.1
22458,34339.102999999996
22459,34949.102999999996
22460,34804.10399999999
22461,35579.104999999996
22462,36603.102999999996
22463,35818.104999999996
22464,37017.101
22465,35488.102999999996
22466,36038.106
22467,35258.106
22468,35605.105
22469,34856.103
22470,35331.105
22471,35417.111000000004
22472,35069.109000000004
22473,36529.105
22474,37135.105
22475,37416.102999999996
22476,36793.10800000001
22477,36628.11
22478,36474.113
22479,37754.117
22480,37959.117
22481,37051.116
22482,36354.116
22483,35295.114
22484,33980.113
22485,34986.112
22486,33992.114
22487,34611.119000000006
22488,34272.119999999995
22489,34504.123
22490,34594.123
22491,35179.127
22492,35578.127
22493,35749.126000000004
22494,36289.132
22495,36336.13
22496,37493.134
22497,36763.136
22498,37582.13999999999
22499,36342.145
22500,36152.147999999994
22501,36899.149
22502,36932.15
22503,37931.153
22504,37643.157
22505,36649.16
22506,36104.162
22507,36324.16499999999
22508,35595.168999999994
22509,36385.17199999999
22510,36590.17
22511,36960.16899999999
22512,36730.172999999995
22513,35864.17199999999
22514,35006.176999999996
22515,36286.17799999999
22516,35435.181
22517,36364.184
22518,35854.191
22519,36036.193999999996
22520,36327.199
22521,35630.200999999994
22522,36065.201
22523,35690.208
22524,36384.217000000004
22525,36200.217000000004
22526,37339.22
22527,37070.216
22528,38105.216
22529,36420.222
22530,36011.227
22531,36420.226
22532,36044.227
22533,36730.23
22534,37425.223999999995
22535,37151.219
22536,37101.21699999999
22537,37122.215
22538,36194.216
22539,37264.223999999995
22540,36868.227
22541,37715.233
22542,37146.236
22543,36961.23799999999
22544,37252.23299999999
22545,38332.23499999999
22546,37693.23599999999
22547,38228.240999999995
22548,38183.244999999995
22549,38388.244
22550,38817.244
22551,37585.25299999999
22552,38383.25699999999
22553,38701.25699999999
22554,39567.25199999999
22555,39702.25099999999
22556,40627.24699999999
22557,39516.25499999999
22558,40068.26099999999
22559,39294.26499999999
22560,39216.265999999996
22561,39126.261999999995
22562,39074.26099999999
22563,38711.26799999999
22564,38867.26999999999
22565,37910.26999999999
22566,37897.26899999999
22567,37490.27
22568,36429.271
22569,37344.276999999995
22570,36185.286
22571,37490.288
22572,37070.293999999994
22573,36865.287
22574,36080.289
22575,37041.291
22576,36790.29
22577,37302.28799999999
22578,38193.293999999994
22579,38152.291999999994
22580,38217.296
22581,37076.299
22582,38358.306000000004
22583,39760.306
22584,40938.307
22585,40363.302
22586,40778.309
22587,40062.311
22588,40226.319
22589,39844.323000000004
22590,39983.32600000001
22591,39970.327000000005
22592,39403.32600000001
22593,44852.33
22594,45148.337
22595,45867.33600000001
22596,46086.334
22597,45803.341
22598,44957.35100000001
22599,45309.36
22600,45299.361000000004
22601,45806.36600000001
22602,39447.37500000001
22603,38626.37700000001
22604,37217.380000000005
22605,38399.381
22606,38394.378000000004
22607,38593.38
22608,39427.381
22609,39300.382
22610,39415.379
22611,38705.382
22612,40674.379
22613,41732.378
22614,42062.38000000001
22615,40594.38700000001
22616,41769.386000000006
22617,39862.38900000001
22618,39267.397000000004
22619,38819.39600000001
22620,39374.399000000005
22621,38827.41300000001
22622,38067.41500000001
22623,39282.41700000001
22624,40264.419000000016
22625,40380.42400000001
22626,40097.41500000001
22627,41168.41800000001
22628,40937.416000000005
22629,41711.417000000016
22630,41638.41400000002
22631,41953.42000000001
22632,40919.417000000016
22633,39901.42100000002
22634,39049.43100000002
22635,40062.42300000002
22636,40275.426000000014
22637,40002.42200000001
22638,40327.426000000014
22639,38614.43500000001
22640,38746.43500000001
22641,39270.434
22642,41659.438
22643,41518.446
22644,41970.449
22645,41247.452000000005
22646,41181.447
22647,40488.458
22648,40435.455
22649,40782.458
22650,41578.46399999999
22651,41878.46499999999
22652,41941.463
22653,42410.469000000005
22654,42516.478
22655,42638.486999999994
22656,42036.49
22657,42828.498999999996
22658,42291.501000000004
22659,43608.511
22660,42915.512
22661,42958.512
22662,41067.52
22663,40501.52999999999
22664,39441.534999999996
22665,39974.532999999996
22666,41079.537000000004
22667,40447.536
22668,41135.53799999999
22669,39914.53799999999
22670,39214.53999999999
22671,38890.541
22672,41579.530999999995
22673,41680.541000000005
22674,42500.553
22675,41725.555
22676,42241.548
22677,42462.549
22678,42523.55
22679,42752.551
22680,43227.560000000005
22681,42864.554
22682,43828.558000000005
22683,44177.55299999999
22684,44027.560999999994
22685,44063.55900000001
22686,43492.55400000001
22687,44230.553000000014
22688,44085.56000000001
22689,45149.561000000016
22690,43884.566000000006
22691,44667.56200000001
22692,42748.562000000005
22693,42470.56500000001
22694,41335.56500000001
22695,42204.56400000001
22696,42871.57200000001
22697,42775.57200000001
22698,42578.57800000001
22699,41225.58000000001
22700,42031.572000000015
22701,42946.57200000001
22702,43832.575000000004
22703,44314.576
22704,45438.58100000001
22705,45341.58100000001
22706,44232.58900000001
22707,44542.58600000001
22708,44947.59100000001
22709,44568.600000000006
22710,44238.602
22711,43007.6
22712,42650.604999999996
22713,42326.613999999994
22714,43361.61500000001
22715,42894.62
22716,42122.627
22717,42664.62700000001
22718,42851.631
22719,43725.63900000001
22720,43764.64700000002
22721,43721.63300000001
22722,42956.63000000002
22723,42368.634000000005
22724,42085.638000000006
22725,41818.63700000002
22726,42584.63500000002
22727,42091.64300000002
22728,42184.64900000002
22729,41382.65300000001
22730,41682.648000000016
22731,42765.650000000016
22732,43540.65200000002
22733,43959.648000000016
22734,43094.65400000002
22735,43067.64600000001
22736,43327.65000000001
22737,44124.653000000006
22738,43718.655000000006
22739,44475.65
22740,44011.638000000006
22741,43273.640000000014
22742,43460.62700000001
22743,43531.62200000001
22744,44654.63
22745,44099.62900000001
22746,43833.62500000001
22747,43824.625000000015
22748,43527.623000000014
22749,43780.63000000001
22750,43928.63500000001
22751,48244.62700000001
22752,47789.63600000002
22753,47196.63900000001
22754,46689.64100000001
22755,46076.653000000006
22756,46146.65300000001
22757,45446.647000000004
22758,46464.64700000001
22759,45732.63500000002
22760,45713.644000000015
22761,46959.64900000001
22762,47999.64900000001
22763,48273.64600000001
22764,47028.64600000001
22765,47471.64500000001
22766,47370.64600000001
22767,48072.631
22768,47433.62700000001
22769,48077.63100000001
22770,47317.63400000002
22771,47887.62500000002
22772,46917.63800000002
22773,46715.63000000002
22774,48124.63600000002
22775,47791.641000000025
22776,47907.644000000015
22777,48074.64500000002
22778,47556.64600000001
22779,48632.65100000001
22780,48801.64700000001
22781,46853.64500000002
22782,45263.65700000002
22783,44805.65300000003
22784,44851.65300000001
22785,45158.64600000001
22786,45790.648000000016
22787,46170.64000000003
22788,47566.63800000002
22789,46181.635000000024
22790,46460.641000000025
22791,47568.643000000025
22792,48245.64900000001
22793,48440.64300000002
22794,40651.63700000002
22795,40535.637000000024
22796,39757.643000000025
22797,39125.65000000002
22798,39126.64600000002
22799,39956.63000000002
22800,39789.64400000002
22801,40213.642000000014
22802,40309.63400000001
22803,41278.61700000001
22804,42506.615000000005
22805,41946.61600000001
22806,42036.619000000006
22807,42202.623000000014
22808,41577.61500000001
22809,42428.61300000002
22810,41982.60200000002
22811,39849.612000000016
22812,38660.61700000001
22813,37130.61500000002
22814,36741.62700000002
22815,36934.62300000002
22816,37557.620000000024
22817,37313.61800000002
22818,37144.61300000002
22819,35598.61300000002
22820,35607.622000000025
22821,37150.62100000002
22822,38043.617000000035
22823,37918.61500000002
22824,37188.61100000002
22825,37065.611000000026
22826,36635.61500000003
22827,36695.61400000002
22828,36505.61700000002
22829,35896.612000000016
22830,35984.61700000001
22831,35321.62200000002
22832,35686.623000000014
22833,37133.60600000002
22834,37816.60000000001
22835,37600.587000000014
22836,37489.58100000001
22837,37766.57800000001
22838,36604.58100000002
22839,37691.58400000002
22840,37979.587000000014
22841,36803.582000000024
22842,35102.578000000016
22843,34344.587000000014
22844,35310.56900000002
22845,34088.57500000002
22846,34418.572000000015
22847,35200.561000000016
22848,35310.56200000001
22849,34319.55000000001
22850,34589.55000000001
22851,35467.55400000002
22852,36352.56200000001
22853,35719.561000000016
22854,34163.55600000002
22855,33789.55700000002
22856,32921.56900000002
22857,32615.56400000002
22858,32834.56200000001
22859,32523.55200000002
22860,32526.55000000002
22861,31585.55400000002
22862,31427.56300000002
22863,31412.57400000002
22864,32216.568000000017
22865,33182.56200000001
22866,33330.562000000005
22867,32069.56000000002
22868,31678.56300000002
22869,33194.566000000006
22870,32818.55800000001
22871,31823.55700000002
22872,31627.55700000002
22873,30245.56500000002
22874,29705.558000000023
22875,28642.555000000022
22876,29216.554000000026
22877,29278.561000000023
22878,30534.548000000024
22879,29722.53900000002
22880,29622.542000000023
22881,31182.541000000023
22882,31415.55100000002
22883,31334.560000000023
22884,30389.55600000002
22885,29807.55100000002
22886,29151.55600000002
22887,29013.55900000002
22888,28646.54000000002
22889,27657.543000000023
22890,27385.55300000002
22891,27557.553000000018
22892,27303.55900000002
22893,27568.55200000002
22894,28591.55200000002
22895,30597.54300000002
22896,30862.53700000002
22897,30472.52900000002
22898,29803.52600000002
22899,30531.52900000002
22900,30887.52900000002
22901,29239.52300000002
22902,29227.516000000018
22903,27643.50400000002
22904,27547.50500000002
22905,27250.49600000002
22906,27281.50200000002
22907,26548.50700000002
22908,28769.50000000002
22909,28775.49400000002
22910,28338.492000000017
22911,28538.48800000002
22912,28932.479000000018
22913,29280.478000000017
22914,28467.476000000017
22915,27776.473000000013
22916,27556.467000000015
22917,28205.454000000012
22918,26531.451000000015
22919,27004.44800000001
22920,26411.450000000015
22921,26988.44500000001
22922,26364.450000000008
22923,27044.454000000012
22924,27774.45900000001
22925,28051.464000000007
22926,28884.467000000008
22927,28243.47500000001
22928,27327.483000000007
22929,27476.47100000001
22930,27857.468000000008
22931,27149.464000000014
22932,27590.45900000001
22933,26193.450000000008
22934,26537.449000000008
22935,24937.448000000008
22936,24498.44800000001
22937,24696.44400000001
22938,26416.43900000001
22939,26081.44300000001
22940,26411.432000000008
22941,26659.43400000001
22942,26842.427000000007
22943,26376.425000000014
22944,24879.42000000001
22945,25239.418000000012
22946,25131.426000000007
22947,25672.42400000001
22948,25085.41900000001
22949,24402.426000000007
22950,22437.43100000001
22951,21922.429000000004
22952,22440.424000000006
22953,23264.416000000005
22954,23983.415000000005
22955,24202.411000000004
22956,24393.410000000007
22957,23785.408000000003
22958,22786.415000000005
22959,22515.415000000005
22960,23062.420000000006
22961,22543.424000000006
22962,22397.426000000007
22963,21675.431000000008
22964,22023.42700000001
22965,21218.425000000007
22966,20764.426000000007
22967,20161.427000000007
22968,21445.41800000001
22969,21819.410000000007
22970,22552.408000000007
22971,23083.410000000007
22972,23926.405000000006
22973,24604.41000000001
22974,23799.412000000008
22975,23703.411000000007
22976,23530.413000000008
22977,23506.415000000005
22978,23759.414000000004
22979,23676.418000000005
22980,22496.426000000003
22981,20982.422000000006
22982,19631.422000000006
22983,19851.418000000005
22984,20262.426000000007
22985,20127.434000000005
22986,20246.430000000004
22987,20035.428000000004
22988,19551.427000000003
22989,20580.420000000002
22990,20893.416
22991,21763.416
22992,21448.408000000003
22993,20848.400999999998
22994,20605.403
22995,21605.399
22996,20358.399
22997,19228.398
22998,18725.4
22999,17103.397
23000,17160.396
23001,17473.399000000005
23002,18455.396000000004
23003,19387.393000000004
23004,18898.389000000003
23005,18193.382
23006,17341.39
23007,18719.385000000002
23008,19151.374000000003
23009,20794.368
23010,21513.346999999994
23011,20732.347999999994
23012,18771.344999999998
23013,19304.342999999997
23014,18785.351
23015,17463.352
23016,17401.356000000003
23017,16104.363000000001
23018,14929.37
23019,13944.368000000002
23020,13089.371000000001
23021,13262.377
23022,13724.381000000003
23023,13203.394000000006
23024,13849.400000000007
23025,15072.406000000008
23026,14921.409000000009
23027,14518.407000000008
23028,15397.407000000008
23029,15069.415000000012
23030,16100.424000000012
23031,14689.443000000014
23032,13929.456000000015
23033,13364.464000000013
23034,11052.47200000001
23035,8574.484000000011
23036,7624.4990000000125
23037,5593.537000000014
23038,4223.555000000011
23039,1771.6019999999978
23040,2275.4359999999983
23041,3850.4230000000157
23042,5963.40600000002
23043,8441.399000000023
23044,9489.393000000022
23045,10516.39500000002
23046,11768.391000000021
23047,12708.38500000002
23048,13175.388000000019
23049,13585.382000000018
23050,16550.38000000002
23051,16100.377000000017
23052,15190.378000000013
23053,13665.382000000012
23054,13575.380000000012
23055,13473.378000000008
23056,12843.373000000007
23057,13213.368000000008
23058,13558.360000000006
23059,13766.362000000006
23060,11230.356000000005
23061,12480.346000000005
23062,14491.340000000004
23063,14676.338000000003
23064,15936.331000000002
23065,16776.326
23066,17236.316
23067,18036.311
23068,17888.308
23069,18533.308999999997
23070,18768.307999999997
23071,18193.310999999998
23072,17368.317000000003
23073,18349.322
23074,17934.323
23075,18754.323
23076,19479.326
23077,19239.328
23078,19859.327
23079,19444.319
23080,19479.318
23081,18764.316000000003
23082,18547.314000000002
23083,17077.319000000003
23084,16942.315000000002
23085,16127.318000000005
23086,15737.316000000003
23087,16769.318000000003
23088,16344.304000000004
23089,17034.300000000003
23090,17339.298000000003
23091,16639.299000000003
23092,17229.299000000003
23093,17199.302000000007
23094,16794.287000000004
23095,16877.280000000002
23096,17692.273
23097,17972.269
23098,17672.268
23099,16557.267000000003
23100,15582.261000000002
23101,15347.260000000004
23102,14932.256000000003
23103,14970.247000000003
23104,16330.245000000003
23105,16180.242000000004
23106,14900.248000000005
23107,14255.245000000003
23108,14545.246000000005
23109,14867.245000000006
23110,15302.241000000005
23111,16122.231000000005
23112,16560.227000000006
23113,16555.223000000005
23114,16545.219
23115,15750.227000000004
23116,15368.220000000005
23117,16531.217000000008
23118,16501.215000000007
23119,16856.212000000007
23120,17611.204000000005
23121,16271.200000000006
23122,16271.202000000007
23123,16669.199000000008
23124,15489.201000000006
23125,16494.198000000004
23126,17316.195000000007
23127,18119.193000000003
23128,17699.200000000004
23129,18281.20100000001
23130,16551.200000000004
23131,16549.200000000004
23132,16929.200000000004
23133,16569.199000000008
23134,16944.202000000005
23135,15394.202000000005
23136,15992.202000000005
23137,14807.204000000005
23138,14810.207000000006
23139,15030.205000000005
23140,15635.203000000005
23141,17390.205
23142,17385.205000000005
23143,16970.212000000007
23144,16567.213000000007
23145,18377.206000000002
23146,18372.206000000002
23147,19955.203
23148,20509.207000000002
23149,19522.209000000003
23150,19497.212000000003
23151,18499.212000000003
23152,18097.212000000003
23153,17502.214000000004
23154,17732.207000000002
23155,18107.207000000006
23156,18089.209000000003
23157,17297.215000000007
23158,17297.215000000004
23159,17685.215000000004
23160,16337.213000000005
23161,16137.211000000005
23162,17122.208000000006
23163,17477.209000000003
23164,16679.213000000007
23165,16132.210000000005
23166,17517.207000000006
23167,16947.206000000002
23168,16554.205000000005
23169,16364.207000000002
23170,16754.206000000006
23171,17524.208000000006
23172,16944.207000000006
23173,16564.207000000006
23174,17734.206000000006
23175,23834.206000000002
23176,23049.208000000002
23177,23647.207000000002
23178,25217.206000000002
23179,26027.2
23180,26417.2
23181,26237.2
23182,26072.197000000004
23183,26272.196000000004
23184,25104.196000000004
23185,24929.196000000004
23186,25129.195000000003
23187,25357.192000000003
23188,24397.189000000002
23189,23169.193000000003
23190,21789.194000000003
23191,21814.192000000003
23192,22639.188000000006
23193,22422.189000000002
23194,22707.182
23195,21892.186
23196,22842.189000000002
23197,22652.188000000002
23198,22672.184
23199,23667.183
23200,23629.188000000002
23201,24214.188000000002
23202,23444.186
23203,23054.186
23204,23619.185
23205,25142.188000000002
23206,24367.188000000002
23207,25342.188000000002
23208,26897.189000000002
23209,21967.190000000002
23210,22152.192000000003
23211,21954.192000000003
23212,21359.194000000003
23213,21579.192000000003
23214,21167.194000000003
23215,20982.194000000003
23216,20372.196
23217,20557.195
23218,19797.194
23219,18597.196000000004
23220,17594.198000000004
23221,17214.196000000004
23222,17814.194000000003
23223,17024.196
23224,17851.191
23225,17301.189000000002
23226,18266.191000000003
23227,18082.192000000003
23228,17707.191000000003
23229,18312.190000000002
23230,17707.192000000003
23231,18067.195000000003
23232,17457.197
23233,17044.201000000005
23234,17447.200000000004
23235,18602.201
23236,18402.2
23237,20332.200999999997
23238,21684.204
23239,22489.201
23240,23287.197
23241,23097.196000000004
23242,23117.193000000003
23243,23137.188000000002
23244,22327.189000000002
23245,22499.191000000003
23246,21519.189000000002
23247,20747.185
23248,20724.188000000002
23249,19539.188000000002
23250,18154.191000000006
23251,17539.191000000003
23252,16951.191000000006
23253,16419.187000000005
23254,17784.189000000002
23255,17804.185000000005
23256,18784.182000000004
23257,18994.179000000004
23258,18449.174000000003
23259,19034.175000000003
23260,19779.178000000004
23261,19929.181000000004
23262,19724.178000000004
23263,19904.180000000004
23264,19488.181000000004
23265,19443.184
23266,19276.179000000004
23267,22026.175000000003
23268,23414.172000000002
23269,24559.174000000003
23270,24364.176000000003
23271,24534.177000000003
23272,24721.177000000003
23273,24311.181000000004
23274,23906.183000000005
23275,23906.178000000004
23276,23103.181
23277,22706.182
23278,23124.181
23279,21326.185
23280,20759.184
23281,20386.185
23282,18834.187000000005
23283,18059.189000000006
23284,18259.189000000006
23285,18071.197000000004
23286,18651.200000000004
23287,19031.204
23288,19248.206000000002
23289,20216.208000000002
23290,20399.209000000003
23291,20996.207000000006
23292,20844.202000000005
23293,20444.202000000005
23294,21052.202
23295,21450.201
23296,21506.197
23297,23649.196000000004
23298,25194.199000000004
23299,25789.197000000004
23300,26393.193000000003
23301,26583.194000000003
23302,25859.190000000002
23303,25469.193000000003
23304,24898.192000000003
23305,25312.188000000002
23306,25129.187
23307,26311.182
23308,26276.186
23309,25740.181
23310,25596.177000000003
23311,25089.173000000003
23312,23709.174000000003
23313,23124.177000000003
23314,23309.182
23315,22568.18
23316,22776.179
23317,23551.181
23318,22956.182
23319,23750.183
23320,23737.184
23321,23386.185
23322,22225.186
23323,21813.191000000003
23324,27352.191000000003
23325,27553.188000000002
23326,28525.190000000002
23327,30114.189000000002
23328,31659.193000000003
23329,32049.195000000003
23330,32905.193
23331,33551.189
23332,32990.19
23333,32221.193000000003
23334,31854.193000000003
23335,32047.193000000003
23336,31443.195000000003
23337,32649.192000000003
23338,33230.19
23339,32580.195000000003
23340,32208.199000000004
23341,31420.205000000005
23342,30286.211000000003
23343,29946.208000000002
23344,29372.207000000002
23345,28995.206000000002
23346,28652.207000000002
23347,29257.209000000003
23348,29366.214
23349,30188.223
23350,30398.223
23351,30991.226000000002
23352,29421.225000000002
23353,29602.227000000003
23354,29457.223
23355,30112.217
23356,31129.215
23357,32169.214
23358,33884.213
23359,33647.215000000004
23360,33904.207
23361,33661.214
23362,33554.211
23363,31586.209000000003
23364,31571.213000000003
23365,32052.217000000004
23366,30899.218000000004
23367,31302.219000000005
23368,26682.213000000003
23369,26222.216000000004
23370,25992.219000000005
23371,25881.213000000003
23372,25557.207000000002
23373,24444.206000000002
23374,24643.210000000003
23375,24423.211000000003
23376,24296.207000000002
23377,24316.203
23378,24966.202
23379,25136.208000000002
23380,24961.203
23381,26085.208000000002
23382,25539.211000000003
23383,25253.211000000003
23384,24575.216000000004
23385,25309.208000000002
23386,26502.209000000003
23387,27622.212000000003
23388,29813.213000000003
23389,29779.213000000003
23390,29281.222
23391,29720.218
23392,29701.218
23393,27565.219000000005
23394,28204.211000000003
23395,29624.208000000002
23396,28473.208000000002
23397,28711.210000000003
23398,28936.207000000002
23399,29003.203
23400,29482.195000000003
23401,29268.197
23402,28701.201
23403,27912.201
23404,27532.2
23405,26977.190000000006
23406,26180.191000000006
23407,26034.188000000006
23408,25859.190000000006
23409,26466.190000000006
23410,25896.194000000007
23411,26803.202000000005
23412,26582.202000000005
23413,26982.213000000003
23414,25958.216000000004
23415,28094.224000000002
23416,28684.231000000003
23417,29072.233000000004
23418,30808.24
23419,31412.246000000003
23420,32416.247000000003
23421,32234.249
23422,31664.251
23423,29951.247000000003
23424,31378.244000000002
23425,32255.238
23426,31147.238
23427,31120.245000000003
23428,31813.243000000002
23429,30926.239
23430,31502.24
23431,31529.243000000002
23432,31328.242000000002
23433,30794.24
23434,30586.247000000003
23435,29125.251
23436,29172.252000000004
23437,28844.255000000005
23438,28964.264000000003
23439,29197.259000000002
23440,28829.262000000006
23441,30816.264000000006
23442,30080.266000000007
23443,30867.273000000005
23444,30459.272000000008
23445,29725.264000000006
23446,30750.264000000006
23447,31475.264000000003
23448,31830.269000000004
23449,32428.277000000006
23450,33938.283
23451,33205.277
23452,31365.265000000007
23453,29815.269000000008
23454,30999.264000000006
23455,31564.268000000004
23456,30498.262000000006
23457,30365.276000000005
23458,30002.27800000001
23459,28988.27600000001
23460,29163.277000000006
23461,28294.286000000007
23462,28888.284000000007
23463,28595.283000000007
23464,27766.28200000001
23465,27346.27800000001
23466,27737.28000000001
23467,29431.271000000008
23468,29112.272000000008
23469,28739.266000000007
23470,28549.260000000006
23471,29033.254000000008
23472,28516.26000000001
23473,29079.25600000001
23474,29119.252000000008
23475,28253.250000000004
23476,30142.250000000004
23477,30492.248000000003
23478,31311.241
23479,31824.241
23480,34087.24599999999
23481,33806.242999999995
23482,33002.243
23483,32751.238
23484,34063.238999999994
23485,34470.23099999999
23486,34622.22899999999
23487,34512.21
23488,34272.208999999995
23489,33360.206000000006
23490,33769.204999999994
23491,33157.200000000004
23492,34444.198
23493,34829.19399999999
23494,34647.18199999999
23495,33440.189000000006
23496,31760.182000000004
23497,31486.187000000005
23498,30907.179000000004
23499,31312.166000000005
23500,31240.168000000005
23501,31786.161000000004
23502,31946.161000000004
23503,31920.160000000003
23504,31315.156000000006
23505,30751.152000000006
23506,32484.150000000005
23507,32432.151000000005
23508,33230.141
23509,33979.136
23510,34741.132
23511,34892.123
23512,33124.12900000001
23513,37692.126000000004
23514,39604.12400000001
23515,39766.126000000004
23516,39862.119000000006
23517,39466.12299999999
23518,40262.121
23519,38972.11600000001
23520,38988.115000000005
23521,38175.117000000006
23522,39539.119000000006
23523,40099.118
23524,39442.111999999994
23525,38826.115000000005
23526,38288.111000000004
23527,37924.106
23528,36385.11200000001
23529,37323.10800000001
23530,36264.11200000001
23531,36838.11
23532,36547.11600000001
23533,39437.113
23534,40044.10699999999
23535,39728.107
23536,41283.106
23537,41888.106
23538,41890.107
23539,42253.104999999996
23540,42863.10800000001
23541,43206.11200000001
23542,41846.11
23543,40518.111999999994
23544,41910.11099999999
23545,42499.109
23546,41540.106
23547,40993.103
23548,41588.095
23549,41079.09300000001
23550,40847.094
23551,40494.09
23552,41840.087
23553,44316.081999999995
23554,42891.07800000001
23555,42377.077000000005
23556,41787.077000000005
23557,42481.081000000006
23558,41855.081000000006
23559,42220.081000000006
23560,41451.08
23561,41297.079
23562,41267.077000000005
23563,41646.08
23564,36496.084
23565,35505.085999999996
23566,36882.081999999995
23567,36701.079
23568,37326.075
23569,37122.070999999996
23570,37265.074
23571,37390.079
23572,35780.082
23573,34295.082
23574,35265.082
23575,36036.083000000006
23576,36572.079000000005
23577,36222.076
23578,36416.08
23579,35673.07800000001
23580,36293.075000000004
23581,36743.06800000001
23582,37833.069
23583,37658.07000000001
23584,36473.073000000004
23585,36573.071
23586,36163.07000000001
23587,37330.071
23588,36750.07200000001
23589,36550.073
23590,37120.07000000001
23591,37125.069
23592,37355.067
23593,38760.064
23594,39365.062000000005
23595,37965.064
23596,39160.064
23597,38745.064
23598,38315.068
23599,39175.067
23600,40155.068
23601,39790.069
23602,39230.07000000001
23603,38095.068
23604,38735.067
23605,39665.072
23606,38530.07000000001
23607,38200.068
23608,38730.069
23609,37440.066
23610,37200.06999999999
23611,37490.066
23612,38080.064999999995
23613,38305.064
23614,37510.068
23615,36870.068999999996
23616,35450.075000000004
23617,36205.075000000004
23618,36420.072
23619,36230.072
23620,35575.076
23621,35570.077999999994
23622,35615.08
23623,37060.079
23624,38340.072
23625,37590.070999999996
23626,39270.066999999995
23627,38885.066999999995
23628,38685.068
23629,39360.066
23630,39560.064999999995
23631,40345.064
23632,39790.062999999995
23633,38180.062999999995
23634,38835.059
23635,40485.056
23636,39675.057
23637,39475.058
23638,38955.057
23639,38415.058
23640,38805.058
23641,38155.060999999994
23642,38930.062999999995
23643,39255.06599999999
23644,36610.068999999996
23645,35670.066999999995
23646,34355.068
23647,34155.07
23648,34565.06599999999
23649,34925.068
23650,34700.068999999996
23651,34090.07
23652,33755.068999999996
23653,34920.06999999999
23654,35575.06599999999
23655,35380.06699999999
23656,36875.06999999999
23657,37105.06799999999
23658,37300.07099999999
23659,38090.064999999995
23660,38090.064999999995
23661,39240.06399999999
23662,38455.066
23663,37125.06399999999
23664,37110.06799999999
23665,37535.070999999996
23666,36668.069
23667,37708.07
23668,37478.073000000004
23669,36528.073
23670,36063.078
23671,35623.079000000005
23672,35508.082
23673,36103.08
23674,36118.079000000005
23675,36183.08
23676,35478.075000000004
23677,35293.073000000004
23678,34308.075000000004
23679,34213.079000000005
23680,34078.077000000005
23681,34643.076
23682,35258.075000000004
23683,36828.075000000004
23684,36543.083
23685,35418.084
23686,37433.081
23687,37375.083999999995
23688,37475.09
23689,37480.09
23690,37695.086
23691,37855.088
23692,38540.083000000006
23693,37455.083000000006
23694,36750.079000000005
23695,37200.078
23696,36415.079000000005
23697,37035.077
23698,36943.076
23699,36248.075000000004
23700,36673.073000000004
23701,36353.069
23702,35808.076
23703,35648.075000000004
23704,36653.07400000001
23705,36578.07000000001
23706,35633.069
23707,34888.06700000001
23708,34498.06700000001
23709,34913.06800000001
23710,34688.069
23711,35693.069
23712,35888.069
23713,37668.069
23714,37728.06800000001
23715,38123.06800000001
23716,39223.066
23717,38793.07
23718,39478.06500000001
23719,39703.064000000006
23720,39673.06500000001
23721,39698.06500000001
23722,40063.06500000001
23723,38528.06500000001
23724,37343.06800000001
23725,37193.070000000014
23726,36483.066000000006
23727,37528.063
23728,36173.06500000001
23729,35543.06400000001
23730,35508.066000000006
23731,34338.066000000006
23732,34173.06500000001
23733,33623.06300000001
23734,34978.066000000006
23735,34443.066000000006
23736,33943.06400000001
23737,33613.062000000005
23738,33193.06400000001
23739,33583.06400000001
23740,32258.06600000001
23741,32223.06900000001
23742,32813.06900000001
23743,35003.06500000001
23744,34743.068000000014
23745,32478.06600000001
23746,33778.07000000001
23747,33078.07000000001
23748,33203.075000000004
23749,33553.06900000001
23750,33738.071
23751,36718.06800000001
23752,36688.06900000001
23753,36133.067
23754,36235.069
23755,37055.066
23756,36150.062
23757,37520.062999999995
23758,37055.058999999994
23759,36725.057
23760,36320.06
23761,36035.062999999995
23762,35425.064
23763,35455.062999999995
23764,36430.062
23765,36465.061
23766,36105.061
23767,35460.063
23768,33195.062000000005
23769,32965.06500000001
23770,32350.066000000013
23771,32345.06700000001
23772,33160.06500000001
23773,34015.069
23774,34395.072
23775,34010.073000000004
23776,35375.073
23777,34600.074
23778,35685.07299999999
23779,35965.070999999996
23780,36530.06999999999
23781,36935.066999999995
23782,36375.06799999999
23783,35230.06800000001
23784,34300.069
23785,34465.071
23786,33670.07
23787,34530.06800000001
23788,33235.06800000001
23789,32650.06800000001
23790,33015.06900000001
23791,32975.07200000001
23792,32645.07100000001
23793,32395.07100000001
23794,32635.076000000012
23795,33195.07600000001
23796,33240.07200000001
23797,32845.07300000001
23798,33035.07400000001
23799,33235.07300000001
23800,32840.07400000001
23801,32235.07300000001
23802,33118.076000000015
23803,34423.07800000001
23804,34178.07800000001
23805,33183.07800000001
23806,34913.078
23807,33998.085000000014
23808,34658.08000000001
23809,34683.08000000001
23810,34643.083000000006
23811,33948.083000000006
23812,33968.084
23813,32763.086000000014
23814,32993.08400000001
23815,33228.081000000006
23816,32438.08300000001
23817,33248.08200000001
23818,33788.08
23819,33193.07800000001
23820,38303.077000000005
23821,39243.07500000001
23822,38443.07400000001
23823,38183.077000000005
23824,38663.077000000005
23825,39438.07800000001
23826,38388.07800000001
23827,37993.07900000001
23828,37363.07400000001
23829,37648.07100000001
23830,37418.072000000015
23831,37233.07000000001
23832,38298.06700000001
23833,38908.068000000014
23834,37778.072000000015
23835,37618.07000000001
23836,38613.073000000004
23837,38093.07000000001
23838,38525.073000000004
23839,38720.073000000004
23840,39495.075
23841,40040.077999999994
23842,40245.076
23843,39245.077000000005
23844,39650.071
23845,39385.075000000004
23846,38700.08000000001
23847,39115.08
23848,39895.081000000006
23849,39505.081000000006
23850,39085.084
23851,38895.08300000001
23852,38240.08000000001
23853,38867.07800000001
23854,39837.08
23855,40317.077000000005
23856,39902.08
23857,40017.079
23858,38657.07800000001
23859,38517.07800000001
23860,40597.07800000001
23861,40573.081000000006
23862,41608.08
23863,41688.083
23864,41385.08600000001
23865,41155.088
23866,42385.08600000001
23867,43000.08600000001
23868,43910.09
23869,43885.09
23870,44445.09
23871,39280.08700000001
23872,39400.094000000005
23873,38190.09700000001
23874,37695.09400000001
23875,37535.092000000004
23876,37145.091
23877,37790.089
23878,37780.091
23879,37815.089
23880,37985.090000000004
23881,38535.092
23882,37760.091
23883,38287.093
23884,39501.091
23885,39751.09
23886,40176.087999999996
23887,39026.092
23888,37036.095
23889,36831.098
23890,36045.098
23891,35878.098
23892,36133.096000000005
23893,35959.095
23894,35529.099
23895,34926.098000000005
23896,36144.098
23897,36965.094
23898,38865.094
23899,38755.097
23900,40089.092
23901,39699.092
23902,39533.09299999999
23903,38622.092000000004
23904,37577.098
23905,37654.102
23906,38211.10599999999
23907,39021.106999999996
23908,39275.10199999999
23909,39200.108
23910,39021.10999999999
23911,39556.111
23912,39415.106999999996
23913,40691.098999999995
23914,41949.096
23915,42575.096
23916,42595.098999999995
23917,41344.102999999996
23918,40399.104
23919,40142.108
23920,39044.108
23921,39097.10999999999
23922,39745.109
23923,40130.112
23924,40367.113
23925,38867.113000000005
23926,39728.112
23927,39977.11800000001
23928,41232.11800000001
23929,41120.11800000001
23930,41895.12100000001
23931,41260.128000000004
23932,41235.13
23933,39961.126000000004
23934,39372.12700000001
23935,38912.132000000005
23936,38634.128000000004
23937,39250.13100000001
23938,38897.133
23939,38709.133
23940,38929.136
23941,39057.14
23942,39429.141
23943,40335.14600000001
23944,41508.149000000005
23945,42257.15500000001
23946,41905.15600000001
23947,41300.157
23948,40710.161
23949,40615.158
23950,39602.159
23951,39202.162
23952,39177.166
23953,40167.16499999999
23954,39668.168
23955,38874.168999999994
23956,39103.174
23957,39442.172999999995
23958,40532.165
23959,40981.168
23960,41497.174999999996
23961,41692.181000000004
23962,41072.187
23963,39042.188
23964,37339.192
23965,37731.197
23966,37316.199
23967,37114.206
23968,38178.209
23969,37578.216
23970,37794.216
23971,38277.215
23972,39609.212
23973,40656.214
23974,42116.214
23975,42966.218
23976,42831.22
23977,42213.22899999999
23978,41814.22899999999
23979,41649.23199999999
23980,40844.23299999999
23981,40421.23299999999
23982,41112.231
23983,41681.231999999996
23984,41621.236
23985,41187.238999999994
23986,41633.236
23987,41736.237
23988,41443.24
23989,42097.246999999996
23990,42939.244
23991,42886.24199999999
23992,42116.240000000005
23993,40987.240000000005
23994,39925.239
23995,40104.242
23996,39482.24500000001
23997,40331.246000000014
23998,38519.25000000001
23999,38378.255000000005
24000,39430.255000000005
24001,39410.263000000006
24002,39801.264
24003,40328.26900000001
24004,41725.273
24005,41777.276000000005
24006,42320.279
24007,41735.28200000001
24008,41585.28200000001
24009,41606.27600000001
24010,40347.282000000014
24011,40355.284000000014
24012,41033.288000000015
24013,40895.28600000001
24014,41137.28800000001
24015,41407.28900000001
24016,41517.29200000001
24017,41112.295000000006
24018,41483.29400000001
24019,39691.295
24020,39767.301
24021,38933.307
24022,38183.305
24023,36813.301999999996
24024,35674.306
24025,35554.303
24026,35143.303
24027,35721.311
24028,36285.310000000005
24029,35436.316000000006
24030,36465.321
24031,37067.323000000004
24032,38151.32600000001
24033,38774.325000000004
24034,40578.317
24035,40716.31800000001
24036,39875.329000000005
24037,39155.33900000001
24038,38672.333000000006
24039,38587.33700000001
24040,37656.34100000001
24041,37366.34900000001
24042,36952.35400000001
24043,37649.363000000005
24044,38244.365000000005
24045,38900.36200000001
24046,39237.362000000016
24047,39377.362000000016
24048,40866.36700000002
24049,40875.36900000002
24050,41127.368000000024
24051,42744.36800000002
24052,41732.37500000002
24053,40091.37800000002
24054,39361.37400000002
24055,38947.37400000002
24056,38260.379000000015
24057,38128.388
24058,38032.389
24059,38307.383
24060,40063.394
24061,40352.403
24062,40983.405
24063,47117.41
24064,48038.416000000005
24065,48545.41900000001
24066,48994.42800000001
24067,48949.42700000001
24068,48038.43600000001
24069,48105.442
24070,47217.43700000001
24071,47385.43900000002
24072,48244.44100000001
24073,49819.44000000002
24074,49444.43800000002
24075,45267.44900000002
24076,45356.45000000001
24077,45025.45600000002
24078,45990.45400000001
24079,46644.451000000015
24080,47223.44900000001
24081,46930.46100000001
24082,46616.45600000002
24083,44566.466000000015
24084,43840.46900000001
24085,43121.46700000002
24086,43180.46400000001
24087,40891.472000000016
24088,40867.47300000001
24089,40706.46300000002
24090,42213.464000000014
24091,42132.470000000016
24092,41958.47100000002
24093,42046.47400000002
24094,43464.46900000002
24095,44519.46700000002
24096,45231.46400000002
24097,45646.46300000002
24098,45183.462000000014
24099,44660.46700000001
24100,43648.465000000004
24101,43448.47200000001
24102,44143.47000000001
24103,45383.47400000001
24104,45076.475
24105,45436.48800000001
24106,44666.49200000001
24107,45434.485000000015
24108,46149.485000000015
24109,47267.49400000001
24110,46943.49900000002
24111,46730.50700000002
24112,47513.503000000026
24113,46427.504000000015
24114,45525.50300000002
24115,44746.50500000001
24116,44907.50900000001
24117,43679.52100000001
24118,43877.525
24119,44488.523
24120,45764.524000000005
24121,45688.527
24122,44679.52800000001
24123,45094.54200000001
24124,46607.544
24125,47786.55400000001
24126,47815.552000000025
24127,47538.55600000002
24128,47689.54900000001
24129,46823.55400000002
24130,45795.551000000014
24131,45144.56900000002
24132,44306.57200000002
24133,45015.57500000002
24134,44936.58500000002
24135,44270.58200000002
24136,43640.59200000002
24137,44849.59000000002
24138,45436.58800000002
24139,46048.59700000002
24140,46652.59000000002
24141,46891.59400000002
24142,47028.60000000002
24143,45309.612000000016
24144,44585.61800000002
24145,44456.62700000001
24146,45031.630000000005
24147,44921.628000000004
24148,44735.621000000014
24149,45361.62000000002
24150,46835.61300000002
24151,46880.61700000001
24152,46737.61600000001
24153,47506.61300000001
24154,48367.619000000006
24155,48537.61800000001
24156,48307.621000000014
24157,47331.623000000014
24158,47052.615000000005
24159,45547.631
24160,44207.63799999999
24161,43901.63100000001
24162,43766.638000000006
24163,43480.63800000001
24164,44183.623000000014
24165,43714.61800000001
24166,43851.60800000001
24167,43950.61100000001
24168,44401.619000000006
24169,45596.613000000005
24170,46716.60400000001
24171,46786.602000000006
24172,47318.600000000006
24173,45846.598000000005
24174,45691.59300000001
24175,45426.60800000001
24176,45238.622
24177,44631.628000000004
24178,44846.627
24179,44417.633
24180,46197.634999999995
24181,45986.638
24182,45808.634999999995
24183,46450.635
24184,47706.634000000005
24185,47804.639
24186,48001.637
24187,47318.64700000001
24188,46918.64800000001
24189,46188.64100000001
24190,44204.65000000001
24191,44027.65200000001
24192,44555.653000000006
24193,44800.65900000001
24194,44430.655000000006
24195,44474.659
24196,44213.65500000001
24197,44320.65500000001
24198,45195.653000000006
24199,46012.653000000006
24200,44740.66000000001
24201,45337.658
24202,45641.658
24203,43969.651000000005
24204,42657.65600000001
24205,42263.65400000001
24206,41830.64700000001
24207,41763.63900000002
24208,40906.63900000001
24209,41210.638000000006
24210,43235.64400000001
24211,41486.645000000004
24212,40596.643000000004
24213,42347.62499999999
24214,44052.628
24215,44469.638999999996
24216,45176.64200000001
24217,44903.65000000001
24218,45257.645000000004
24219,44636.646
24220,43184.638
24221,43842.641
24222,43816.632
24223,44269.64199999999
24224,44546.635
24225,44139.637
24226,43729.639
24227,43474.64599999999
24228,45219.645
24229,45951.641
24230,45373.655
24231,45685.657
24232,46694.657
24233,44329.65499999999
24234,43030.65899999999
24235,42675.657
24236,41888.663
24237,41743.65700000001
24238,41220.646000000015
24239,41261.651000000005
24240,42253.657000000014
24241,41649.65400000001
24242,41374.65
24243,42828.652
24244,43948.638999999996
24245,44223.636
24246,44330.634000000005
24247,43958.63100000001
24248,42713.63500000001
24249,41824.638000000006
24250,41184.626000000004
24251,41729.62600000001
24252,41387.62800000001
24253,41602.62800000001
24254,41734.629
24255,42467.62500000001
24256,41546.621
24257,42606.61600000001
24258,43414.616
24259,43195.617000000006
24260,42971.60500000001
24261,42409.61400000001
24262,43237.61600000001
24263,41655.60100000001
24264,40508.60500000002
24265,38358.60700000001
24266,38813.595000000016
24267,37836.60100000001
24268,36802.61000000001
24269,36525.599
24270,37401.59300000001
24271,36608.605
24272,35426.60000000001
24273,36078.59400000001
24274,37205.586
24275,38338.587
24276,37855.58600000001
24277,37945.583
24278,37944.57400000001
24279,38397.57400000001
24280,37845.56800000001
24281,38196.57400000001
24282,38361.575000000004
24283,39249.563
24284,39022.560000000005
24285,39446.56800000001
24286,39258.55600000001
24287,39868.54600000001
24288,40998.55800000001
24289,40372.546
24290,39613.543
24291,39521.54
24292,40095.55000000001
24293,37789.549000000006
24294,36645.545000000006
24295,33809.553000000014
24296,33873.55200000001
24297,32848.54700000001
24298,31765.539000000015
24299,31445.551000000014
24300,32198.550000000014
24301,31042.54800000001
24302,30153.551000000014
24303,30846.55300000001
24304,31541.557000000015
24305,32801.55200000002
24306,32663.56000000002
24307,33050.54600000002
24308,32718.548000000017
24309,32628.545000000016
24310,32319.542000000016
24311,32514.548000000017
24312,32207.548000000013
24313,32908.54800000001
24314,32902.54700000001
24315,33441.54600000002
24316,33133.542000000016
24317,34453.53400000001
24318,35345.541000000005
24319,35437.53400000001
24320,34379.525000000016
24321,35034.52600000002
24322,35705.52200000001
24323,34275.521000000015
24324,33677.517000000014
24325,32887.515000000014
24326,33045.51800000001
24327,31504.521000000015
24328,31526.530000000017
24329,31099.533000000018
24330,31690.540000000015
24331,30427.524000000016
24332,36011.52600000001
24333,30708.526000000013
24334,30647.531000000014
24335,31214.523000000016
24336,31476.513000000014
24337,30800.508000000016
24338,29229.505000000016
24339,29504.498000000014
24340,29245.500000000015
24341,30284.496000000014
24342,29169.501000000015
24343,29896.493000000017
24344,30379.497000000018
24345,30730.496000000017
24346,30087.491000000016
24347,31403.493000000017
24348,31698.495000000017
24349,32224.497000000018
24350,31180.50000000002
24351,31742.485000000015
24352,32009.493000000017
24353,31192.489000000016
24354,30734.491000000016
24355,30347.485000000015
24356,30396.489000000016
24357,28748.489000000016
24358,28404.48400000002
24359,28447.474000000017
24360,28704.474000000017
24361,27184.475000000017
24362,26887.474000000013
24363,26818.465000000015
24364,26428.461000000014
24365,26113.46300000001
24366,26687.458000000013
24367,25950.458000000013
24368,25984.456000000017
24369,25299.454000000012
24370,25793.451000000012
24371,26477.450000000015
24372,24903.454000000012
24373,25969.44300000001
24374,26352.44600000001
24375,27956.44000000001
24376,27556.436000000012
24377,28522.430000000008
24378,29424.42500000001
24379,29664.431000000008
24380,28492.437000000005
24381,29062.433000000008
24382,29754.432000000008
24383,26696.435000000005
24384,26744.430000000008
24385,26118.424000000006
24386,25740.420000000006
24387,26110.415000000005
24388,25392.414000000008
24389,25550.412000000004
24390,25570.41100000001
24391,23886.420000000006
24392,23466.42000000001
24393,24406.41900000001
24394,24728.42200000001
24395,23890.41500000001
24396,25048.40900000001
24397,23236.40800000001
24398,22617.410000000014
24399,21982.401000000013
24400,22865.39800000001
24401,22403.40400000001
24402,22865.404000000006
24403,23170.40600000001
24404,23527.40100000001
24405,25226.39900000001
24406,24473.402000000002
24407,25846.4
24408,25537.401
24409,26351.396000000004
24410,25534.40100000001
24411,26573.404000000006
24412,26109.406000000003
24413,25603.401000000005
24414,25035.402000000006
24415,24411.399000000005
24416,24293.393000000004
24417,23808.390000000003
24418,23886.393000000004
24419,23435.397000000004
24420,23207.394000000004
24421,21700.397
24422,20612.4
24423,20022.412000000004
24424,19401.407000000003
24425,18497.403000000006
24426,17694.408000000003
24427,17361.418000000005
24428,17539.410000000003
24429,16279.407000000001
24430,16803.399
24431,17421.399000000005
24432,18184.398000000005
24433,19064.397000000004
24434,19233.393000000004
24435,20445.390000000003
24436,21008.388000000003
24437,21247.385000000006
24438,19672.390000000003
24439,19890.384000000005
24440,19676.381000000005
24441,19573.386000000002
24442,19370.390000000003
24443,19054.393000000004
24444,19875.389000000003
24445,20274.384000000005
24446,21103.372000000003
24447,22154.370000000003
24448,23574.369
24449,25555.357
24450,25664.35
24451,23985.346999999998
24452,22579.346999999998
24453,21512.347999999998
24454,21111.349
24455,19276.353
24456,17475.355
24457,16564.358000000004
24458,15673.364000000001
24459,13457.368000000002
24460,12829.367000000004
24461,12808.372000000003
24462,12611.380000000005
24463,12058.391000000005
24464,11001.401000000005
24465,11427.403000000008
24466,12135.407000000008
24467,11594.41000000001
24468,10909.422000000011
24469,10513.436000000014
24470,11738.445000000012
24471,11602.453000000012
24472,11649.464000000013
24473,11038.475000000013
24474,9327.491000000013
24475,8870.498000000014
24476,8076.520000000015
24477,6858.549000000017
24478,4138.585000000015
24479,1299.6219999999983
24480,1850.4259999999958
24481,3760.4110000000123
24482,4288.406000000014
24483,6508.390000000022
24484,7106.38300000002
24485,8356.380000000025
24486,9611.377000000022
24487,11116.37500000002
24488,11621.376000000017
24489,11831.379000000015
24490,13256.38400000002
24491,11970.381000000018
24492,12224.378000000015
24493,11554.374000000014
24494,12181.371000000014
24495,11647.376000000011
24496,11742.37700000001
24497,11199.373000000009
24498,11631.36500000001
24499,11694.374000000009
24500,10439.366000000007
24501,13269.363000000007
24502,15067.364000000009
24503,15157.361000000006
24504,16014.351000000004
24505,17547.339
24506,17377.333000000002
24507,17200.332000000002
24508,17740.329999999998
24509,18870.319999999996
24510,19240.323999999997
24511,18795.321999999996
24512,17313.334
24513,18698.333
24514,17956.336
24515,18216.335
24516,18829.334
24517,19147.337
24518,19322.338
24519,19467.333
24520,19417.334
24521,17957.333000000002
24522,22232.326999999997
24523,21457.326
24524,22012.329
24525,21402.328
24526,21625.323000000004
24527,20992.324
24528,21092.326
24529,20897.313000000002
24530,21162.304000000004
24531,23737.293
24532,24272.296000000002
24533,24047.293
24534,22837.293000000005
24535,23415.288
24536,22180.292000000005
24537,22115.289000000004
24538,21075.287000000004
24539,21242.281000000003
24540,21057.27300000001
24541,19995.274000000005
24542,20700.269000000008
24543,21520.268000000004
24544,22525.264000000003
24545,22015.264000000006
24546,22865.257000000005
24547,22835.252000000004
24548,23365.250000000004
24549,24125.243000000002
24550,23342.237000000005
24551,22380.233000000007
24552,21528.230000000003
24553,20943.226000000006
24554,20753.223000000005
24555,20161.216000000008
24556,19751.209000000006
24557,20141.205000000005
24558,20156.205000000005
24559,20166.20300000001
24560,15061.198000000004
24561,16041.195000000005
24562,16411.198000000008
24563,16218.199000000006
24564,16813.197000000004
24565,17608.198000000004
24566,17444.195000000003
24567,16669.196000000007
24568,16914.196000000004
24569,15562.197000000004
24570,15944.203000000005
24571,15754.202000000005
24572,15777.200000000004
24573,16182.200000000004
24574,16382.201000000005
24575,15939.205000000005
24576,17112.208000000006
24577,17307.209000000003
24578,17674.211000000003
24579,18442.214000000004
24580,18037.214000000004
24581,16852.219000000005
24582,17257.217000000004
24583,16665.220000000005
24584,17475.217000000004
24585,16528.216000000004
24586,15933.219000000005
24587,16323.218000000004
24588,15572.216000000006
24589,21825.214000000007
24590,22215.214000000007
24591,22990.214000000004
24592,23569.214000000004
24593,24182.211000000003
24594,23995.211000000003
24595,24580.211000000003
24596,25160.211000000003
24597,24157.213000000007
24598,23734.219000000005
24599,22794.214000000004
24600,17484.216000000004
24601,18254.217000000004
24602,18087.213000000003
24603,17547.207000000002
24604,17132.212000000003
24605,18327.207000000002
24606,18327.207000000002
24607,18737.204
24608,19932.199
24609,20904.2
24610,19714.201
24611,18714.203
24612,17539.204
24613,18334.2
24614,18747.198
24615,16552.207000000002
24616,17302.209000000003
24617,17882.210000000003
24618,16322.210000000005
24619,17507.207000000002
24620,18697.206000000002
24621,18872.207000000002
24622,20017.211
24623,20417.209000000003
24624,20657.204
24625,20862.204
24626,20837.207000000002
24627,20457.206000000002
24628,21049.206000000002
24629,19314.205
24630,19919.201
24631,19539.201
24632,19954.197
24633,19959.196000000004
24634,20624.189000000002
24635,20434.188000000002
24636,20634.184
24637,19649.188000000002
24638,20652.185
24639,21222.187
24640,20247.188000000002
24641,19667.187
24642,18047.195000000003
24643,19219.195000000003
24644,18807.196000000004
24645,18812.195
24646,20012.192000000003
24647,21367.194000000003
24648,20027.191000000003
24649,19802.196000000004
24650,21547.197000000004
24651,20765.198000000004
24652,21780.195000000003
24653,21190.197000000004
24654,20955.200000000004
24655,22190.191000000003
24656,22200.191000000003
24657,21030.190000000002
24658,20972.195000000003
24659,21185.191000000003
24660,20445.188000000002
24661,21002.190000000002
24662,20607.189000000002
24663,21002.188000000002
24664,21587.189000000002
24665,20967.191000000003
24666,21152.193000000003
24667,20952.193000000003
24668,20987.190000000002
24669,20774.191000000003
24670,20637.187
24671,20837.186
24672,20647.185
24673,21214.187
24674,21034.187
24675,20449.187
24676,20777.194000000003
24677,21138.194000000003
24678,20913.194000000003
24679,20328.193000000003
24680,21253.196000000004
24681,19698.193000000003
24682,20868.190000000002
24683,20298.190000000002
24684,20128.187
24685,21260.189000000002
24686,22065.181
24687,22075.183
24688,22047.185
24689,22232.184
24690,21067.183
24691,22047.18
24692,21667.182
24693,22824.184
24694,23209.183
24695,22002.184
24696,21612.185
24697,21602.185
24698,20817.182000000004
24699,20997.184000000005
24700,20772.182000000004
24701,20782.181000000004
24702,20202.177000000003
24703,19802.178000000004
24704,19202.184000000005
24705,19802.182000000004
24706,21552.181000000004
24707,21017.181000000004
24708,21002.186000000005
24709,20006.186000000005
24710,21796.183000000005
24711,20836.181000000004
24712,21436.178000000004
24713,21872.173000000003
24714,21667.172000000002
24715,22252.171000000002
24716,21487.168
24717,21872.168000000005
24718,23032.166000000005
24719,23232.167000000005
24720,22449.168000000005
24721,23049.166000000005
24722,22854.167000000005
24723,23817.166000000005
24724,23652.165000000005
24725,21702.170000000002
24726,22857.170000000002
24727,22263.173000000003
24728,21159.172000000002
24729,21134.176000000003
24730,20569.177000000003
24731,19815.176000000003
24732,20577.178000000004
24733,20772.180000000004
24734,20767.183
24735,21590.185000000005
24736,22254.184000000005
24737,22437.185000000005
24738,21846.188000000006
24739,20715.188000000006
24740,21904.188000000006
24741,20703.190000000006
24742,20529.191000000003
24743,20931.190000000002
24744,21292.191000000003
24745,21889.191000000003
24746,21709.190000000002
24747,21338.191000000003
24748,21958.189000000002
24749,22553.187
24750,22520.187
24751,23275.191000000003
24752,23081.193000000003
24753,24137.189000000002
24754,24959.189000000002
24755,23988.190000000002
24756,24385.191000000003
24757,24960.189000000002
24758,24967.189000000002
24759,25204.187
24760,24008.191000000003
24761,23446.187
24762,24193.187
24763,24845.187
24764,24474.188000000002
24765,24871.187000000005
24766,26269.186
24767,26464.186
24768,25675.188000000002
24769,23909.198000000004
24770,24327.198000000004
24771,23893.200000000004
24772,23704.201000000005
24773,23905.202000000005
24774,25130.200000000004
24775,25542.199000000004
24776,24957.200000000004
24777,24741.204000000005
24778,25009.198000000004
24779,25241.197000000004
24780,25606.196000000004
24781,25487.192000000003
24782,24535.194000000003
24783,25706.196000000004
24784,26974.192000000003
24785,28060.194000000003
24786,28301.198000000004
24787,28285.205000000005
24788,27731.207000000006
24789,27363.210000000006
24790,26410.209000000006
24791,27069.205000000005
24792,27428.206000000002
24793,28089.203000000005
24794,27450.207000000002
24795,27394.205000000005
24796,28785.202000000005
24797,28961.205
24798,28863.197000000004
24799,28044.196000000004
24800,28131.196000000004
24801,26975.197000000004
24802,26592.197000000004
24803,26487.194000000003
24804,26760.190000000002
24805,27648.194000000003
24806,26824.194000000003
24807,26491.192000000003
24808,26469.192000000003
24809,27429.192000000003
24810,28133.185
24811,28140.186000000005
24812,27370.187
24813,27700.189000000002
24814,28481.193000000003
24815,29057.189
24816,29247.191
24817,30046.194
24818,29418.192
24819,29457.187
24820,27339.190000000006
24821,27170.189000000006
24822,28840.184000000005
24823,29620.186
24824,28743.194000000003
24825,28985.187000000005
24826,29797.184000000005
24827,29776.190000000002
24828,29240.188000000002
24829,28158.179000000004
24830,28850.172000000002
24831,27933.168
24832,27031.177000000003
24833,26274.177000000003
24834,26436.180000000004
24835,27294.176000000003
24836,27074.175000000003
24837,26591.174000000003
24838,25427.178000000004
24839,26273.172000000002
24840,26685.173000000003
24841,26845.178000000004
24842,25827.180000000004
24843,27006.177000000003
24844,28143.179000000004
24845,29301.180000000004
24846,29262.181000000004
24847,29659.182000000004
24848,29565.187000000005
24849,29221.191000000003
24850,27926.189000000002
24851,28244.200000000004
24852,29657.204000000005
24853,31427.209000000003
24854,31597.206000000002
24855,31555.215000000004
24856,32118.219000000005
24857,32346.221000000005
24858,32114.223000000005
24859,31156.224000000002
24860,30518.227000000006
24861,29829.228000000003
24862,29652.239000000005
24863,28844.240000000005
24864,29216.238000000005
24865,29635.236000000004
24866,28640.244000000006
24867,28726.239000000005
24868,28205.239000000005
24869,28447.243000000002
24870,27853.248000000003
24871,27404.262000000002
24872,26225.267000000003
24873,26592.265000000003
24874,27000.267000000003
24875,27062.262000000002
24876,27678.259000000005
24877,28810.243000000002
24878,28678.245000000003
24879,29358.250000000004
24880,28752.254000000004
24881,29139.251000000004
24882,29252.264000000003
24883,31102.256000000005
24884,30681.259000000005
24885,31053.265000000003
24886,32293.266000000003
24887,32508.275000000005
24888,32423.268000000004
24889,31803.277000000006
24890,32027.273000000005
24891,30884.274000000005
24892,31156.270000000004
24893,30637.266000000003
24894,29879.271000000004
24895,28862.279000000006
24896,28116.277000000006
24897,27335.275000000005
24898,26644.277000000006
24899,26648.271000000004
24900,26777.278000000006
24901,26192.274000000005
24902,25384.279000000006
24903,25342.274000000005
24904,26347.268000000004
24905,27223.267000000003
24906,27999.267000000003
24907,28797.269000000004
24908,29187.262000000006
24909,30130.258000000005
24910,29795.246000000006
24911,30591.240000000005
24912,31147.236000000004
24913,32883.232
24914,33027.231
24915,33641.229999999996
24916,34001.229999999996
24917,33952.23299999999
24918,33419.238000000005
24919,31711.230000000007
24920,31594.229000000007
24921,31007.225000000006
24922,30767.229000000007
24923,29974.230000000007
24924,29613.215000000004
24925,29140.22
24926,27983.219000000005
24927,27639.210000000006
24928,27223.208000000006
24929,26488.204000000005
24930,26648.201000000005
24931,26786.190000000006
24932,26764.189000000006
24933,25539.185000000005
24934,26816.183000000005
24935,26920.182000000004
24936,26911.182000000008
24937,27361.176000000007
24938,30384.180000000004
24939,31583.177000000007
24940,31032.172000000006
24941,32694.167000000005
24942,32572.170000000006
24943,39806.155
24944,39922.15299999999
24945,40321.15299999999
24946,41834.14899999999
24947,41683.14199999999
24948,41472.137
24949,40308.134000000005
24950,38328.130000000005
24951,37860.12100000001
24952,37702.118
24953,37138.118
24954,36242.117000000006
24955,36280.113000000005
24956,34743.114
24957,33951.113000000005
24958,33365.113000000005
24959,33576.114
24960,33082.114
24961,33145.11
24962,34083.111000000004
24963,34251.111000000004
24964,34926.11600000001
24965,35488.113000000005
24966,35116.114
24967,36045.113000000005
24968,36612.11200000001
24969,37099.118
24970,36210.12
24971,36943.122
24972,36916.12
24973,38488.11899999999
24974,37889.12
24975,37694.118
24976,38644.113
24977,38460.10799999999
24978,37740.10400000001
24979,36411.103
24980,36182.106
24981,35213.105
24982,34866.106
24983,33929.101
24984,34400.098
24985,36843.096000000005
24986,36607.095
24987,36797.096000000005
24988,35864.092000000004
24989,36040.092000000004
24990,36018.094000000005
24991,35825.095
24992,36008.097
24993,35968.100000000006
24994,36333.099
24995,36156.098
24996,36209.094000000005
24997,37079.08900000001
24998,38082.08700000001
24999,38808.08899999999
25000,37940.091
25001,38750.088
25002,39180.083
25003,42663.08499999999
25004,41655.084
25005,35880.08999999999
25006,36112.085999999996
25007,36007.087
25008,35742.087
25009,34788.085999999996
25010,35424.083
25011,34669.08299999999
25012,34879.085
25013,32871.087999999996
25014,33156.086
25015,33336.08700000001
25016,33247.076
25017,33052.075000000004
25018,32137.072000000007
25019,32355.069000000007
25020,31960.070000000007
25021,31820.067000000006
25022,32160.069000000007
25023,32445.065000000006
25024,33245.066
25025,33340.062000000005
25026,34485.064
25027,34640.068
25028,36015.066999999995
25029,37340.068999999996
25030,36895.06999999999
25031,37505.066999999995
25032,42190.068
25033,44130.072
25034,43060.067
25035,43030.068
25036,43095.064999999995
25037,41725.067
25038,41255.069
25039,40115.068
25040,40750.068
25041,41280.07
25042,41850.068
25043,40090.068999999996
25044,40870.068999999996
25045,41680.06799999999
25046,41285.068999999996
25047,41350.066
25048,40185.064999999995
25049,40300.063
25050,39765.064
25051,39785.064999999995
25052,34875.064999999995
25053,35300.062999999995
25054,36355.06599999999
25055,34925.06899999999
25056,35145.070999999996
25057,36600.068
25058,37965.068
25059,38370.070999999996
25060,37760.070999999996
25061,37180.070999999996
25062,36840.070999999996
25063,38205.070999999996
25064,36645.072
25065,37660.068999999996
25066,37460.073
25067,36545.071
25068,35390.073
25069,34780.074
25070,35820.071
25071,36495.068
25072,36340.066
25073,34610.066
25074,34605.067
25075,35450.064999999995
25076,34875.068
25077,35300.066999999995
25078,33975.064
25079,34340.064
25080,33920.064999999995
25081,33895.064999999995
25082,35005.066999999995
25083,35590.068
25084,36375.066999999995
25085,35560.068999999996
25086,35820.06599999999
25087,36370.068
25088,38155.066999999995
25089,39145.064
25090,38595.062
25091,38365.064999999995
25092,37825.066
25093,38375.068
25094,37625.066999999995
25095,37550.068
25096,37980.064999999995
25097,36875.06199999999
25098,36520.06
25099,35795.058999999994
25100,36940.058999999994
25101,37175.056
25102,37060.06
25103,35230.06599999999
25104,36150.066999999995
25105,36985.064999999995
25106,36770.064
25107,37185.064
25108,35655.06299999999
25109,35490.06199999999
25110,34705.064999999995
25111,34770.06299999999
25112,35325.06399999999
25113,35940.06299999999
25114,36350.064999999995
25115,36185.06399999999
25116,36515.06699999999
25117,36745.06999999999
25118,38308.068999999996
25119,38973.068
25120,38383.068999999996
25121,38573.071
25122,38443.067
25123,39678.064
25124,38928.064999999995
25125,38398.064
25126,38733.066
25127,37198.066
25128,37223.068
25129,36158.073
25130,36573.073
25131,36448.068999999996
25132,37588.070999999996
25133,36728.064
25134,37283.066
25135,37996.061
25136,37921.058
25137,37761.056
25138,35871.05499999999
25139,35613.058000000005
25140,34768.061
25141,35218.060000000005
25142,35043.061
25143,35793.062
25144,36213.061
25145,35853.06
25146,36398.063
25147,37363.065
25148,38728.064999999995
25149,39003.065
25150,38743.069
25151,39063.068
25152,38218.071
25153,38978.071
25154,37748.073
25155,37788.071
25156,37653.069
25157,36473.071
25158,36643.072
25159,36083.072
25160,37103.068
25161,37593.064
25162,37683.07
25163,36768.068
25164,38168.066
25165,36613.066
25166,36043.06800000001
25167,35658.06800000001
25168,33678.071
25169,33508.071
25170,33268.07000000001
25171,32708.070000000007
25172,32153.071000000007
25173,32518.071000000007
25174,33553.07000000001
25175,33563.068000000014
25176,33523.07100000001
25177,35078.073000000004
25178,36468.073000000004
25179,37093.071
25180,37533.071
25181,38578.06800000001
25182,38158.07
25183,38993.070000000014
25184,37405.07100000001
25185,36450.06800000001
25186,36600.07400000001
25187,34905.073000000004
25188,34670.077000000005
25189,34340.07500000001
25190,34340.07500000001
25191,33860.07900000001
25192,34085.07900000001
25193,32715.083000000013
25194,34370.079000000005
25195,34935.078
25196,34650.081000000006
25197,35295.079000000005
25198,32950.08000000001
25199,30590.08400000001
25200,29710.080000000013
25201,28570.080000000013
25202,28970.07900000001
25203,29835.07700000001
25204,30205.076000000012
25205,30855.07300000001
25206,31405.072000000007
25207,32185.072000000007
25208,34085.073000000004
25209,34255.077000000005
25210,35290.07700000001
25211,36455.079000000005
25212,36275.081000000006
25213,36430.081000000006
25214,36035.08
25215,35675.079000000005
25216,36415.083
25217,34665.082
25218,35225.082
25219,34360.079000000005
25220,34810.078
25221,34450.077000000005
25222,33665.069
25223,32470.06900000001
25224,33545.065
25225,33515.06700000001
25226,32760.06900000001
25227,33115.07200000001
25228,31550.06900000001
25229,31350.07000000001
25230,30290.072000000007
25231,29845.07100000001
25232,30815.072000000007
25233,31390.074000000008
25234,32585.07300000001
25235,32955.07200000001
25236,32985.07100000001
25237,34270.063
25238,35415.062
25239,35950.066
25240,36730.066
25241,37675.066999999995
25242,38035.068
25243,38165.070999999996
25244,36255.072
25245,36505.071
25246,37640.068999999996
25247,36565.073000000004
25248,37375.072
25249,35770.076
25250,36485.07
25251,36260.071
25252,34485.075000000004
25253,33195.07800000001
25254,34885.079000000005
25255,34265.081000000006
25256,33710.079000000005
25257,33505.08000000001
25258,31170.079000000012
25259,31205.077000000012
25260,30520.07300000001
25261,29320.074000000008
25262,29895.07600000001
25263,30935.07300000001
25264,31815.06800000001
25265,32775.066000000006
25266,33135.06700000001
25267,33790.06800000001
25268,34735.06800000001
25269,35915.067
25270,36505.066
25271,37890.058
25272,37665.060000000005
25273,38080.059
25274,36966.056
25275,36536.060000000005
25276,36751.061
25277,36166.061
25278,37166.062000000005
25279,36221.06300000001
25280,42061.062000000005
25281,42656.061
25282,42301.058999999994
25283,41156.05900000001
25284,42903.058000000005
25285,41918.062000000005
25286,40973.062000000005
25287,40163.06300000001
25288,38338.066000000006
25289,37398.07300000001
25290,37083.068000000014
25291,35678.07100000001
25292,37313.066000000006
25293,32333.071000000007
25294,34262.07100000001
25295,40937.07000000001
25296,41552.069
25297,42942.069
25298,43257.075
25299,43842.076
25300,44597.076
25301,45127.08099999999
25302,44962.08
25303,45234.076
25304,43669.077000000005
25305,43294.08
25306,43698.08
25307,42448.077999999994
25308,43488.076
25309,43068.077000000005
25310,42998.075000000004
25311,43388.076
25312,41793.08
25313,41219.08
25314,44634.083000000006
25315,44044.08500000001
25316,43938.079000000005
25317,44003.07800000001
25318,42278.07800000001
25319,41593.083000000006
25320,40563.084
25321,39528.08700000001
25322,40353.08900000001
25323,40386.088
25324,40705.082
25325,41451.083000000006
25326,42217.086
25327,43563.087999999996
25328,44525.086
25329,44965.087999999996
25330,45544.08699999999
25331,45599.085999999996
25332,45313.092
25333,46179.08899999999
25334,45457.087
25335,44812.09
25336,44979.093
25337,43373.095
25338,45161.093
25339,43936.094000000005
25340,45117.096000000005
25341,45472.099
25342,44272.101
25343,44707.097
25344,44472.1
25345,43712.102000000006
25346,37925.097
25347,37835.102000000006
25348,36075.10400000001
25349,36465.105
25350,34756.10400000001
25351,33972.10300000001
25352,35169.10300000001
25353,35004.105
25354,35394.105
25355,36356.106
25356,36736.111000000004
25357,38783.117
25358,38671.117
25359,40106.115999999995
25360,40780.113
25361,41412.117000000006
25362,40745.119999999995
25363,40866.119
25364,39661.123
25365,39621.117
25366,38892.115999999995
25367,38008.111999999994
25368,39563.116
25369,38955.117
25370,40610.115
25371,40937.121
25372,40549.119999999995
25373,39740.12599999999
25374,39810.12899999999
25375,39560.134999999995
25376,39270.140999999996
25377,38693.147000000004
25378,37107.153
25379,37132.148
25380,36247.152
25381,35720.153
25382,36909.159
25383,37511.163
25384,38182.166000000005
25385,39200.163
25386,39186.171
25387,40600.176999999996
25388,40615.182
25389,41861.184
25390,41334.185000000005
25391,41989.183
25392,41873.184
25393,41569.186
25394,41222.183
25395,39162.18699999999
25396,39192.186
25397,38047.184
25398,39774.187000000005
25399,38703.19600000001
25400,39413.201
25401,39608.203
25402,39355.206
25403,38480.211
25404,38475.215000000004
25405,37683.21600000001
25406,38090.213
25407,37980.214
25408,36211.21500000001
25409,35891.22000000001
25410,35062.21800000001
25411,35322.21900000001
25412,35558.221000000005
25413,36279.225000000006
25414,38043.225999999995
25415,38414.229999999996
25416,38804.235
25417,40107.232
25418,40655.234
25419,42605.239
25420,43180.239
25421,43213.240000000005
25422,42248.248
25423,41917.24600000001
25424,41037.25200000001
25425,41221.255000000005
25426,41103.254
25427,39784.25600000001
25428,41433.251000000004
25429,40008.25200000001
25430,40992.248999999996
25431,41206.248999999996
25432,41341.24800000001
25433,41499.244999999995
25434,41734.248999999996
25435,40605.251000000004
25436,40520.25199999999
25437,40339.255000000005
25438,38667.256
25439,39105.262
25440,38661.26400000002
25441,38602.267000000014
25442,38962.273
25443,39640.274
25444,40176.276000000005
25445,40554.27700000001
25446,41503.280000000006
25447,42298.283
25448,42330.287000000004
25449,43751.28900000001
25450,43752.29200000001
25451,43738.29200000001
25452,43642.295000000006
25453,43351.30000000001
25454,43031.302
25455,43030.305000000015
25456,42165.308000000005
25457,41457.30900000001
25458,42445.31000000001
25459,41052.316000000006
25460,41128.32100000001
25461,41008.326000000015
25462,41053.32900000001
25463,40484.33400000002
25464,39988.33200000001
25465,39673.33800000002
25466,39724.33500000001
25467,39576.337000000014
25468,39413.334
25469,39041.34000000001
25470,39119.342000000004
25471,38309.34600000002
25472,38944.34100000002
25473,39833.33600000002
25474,40382.34200000001
25475,40882.343000000015
25476,42147.343000000015
25477,42682.34800000001
25478,42134.35400000001
25479,43402.35600000001
25480,43516.354000000014
25481,43846.35700000001
25482,44578.35700000001
25483,43568.36100000001
25484,43049.362000000016
25485,42591.36300000002
25486,41708.36100000001
25487,41002.36300000001
25488,41270.36400000002
25489,40874.360000000015
25490,41574.36200000001
25491,42070.368000000024
25492,42119.37000000001
25493,42554.37000000001
25494,42476.37400000002
25495,42566.37600000001
25496,43413.373000000014
25497,42968.38300000002
25498,44395.37900000002
25499,44848.37800000001
25500,43969.38000000002
25501,44030.383000000016
25502,43497.39100000002
25503,43982.401000000005
25504,44858.40500000001
25505,44869.41
25506,45544.41800000001
25507,46121.42800000001
25508,46347.42600000002
25509,47025.42900000002
25510,46788.43100000001
25511,47473.432000000015
25512,47612.436000000016
25513,46297.43500000001
25514,45523.43400000001
25515,45301.43500000001
25516,44848.44100000001
25517,44223.44100000001
25518,43992.43500000002
25519,42901.441000000006
25520,43259.45000000001
25521,44125.45000000001
25522,44307.443000000014
25523,45279.447000000015
25524,45532.45200000002
25525,45041.46
25526,45219.46200000001
25527,45131.468000000015
25528,44979.473000000005
25529,45714.472
25530,44519.486
25531,44622.48099999999
25532,44413.479
25533,46364.47
25534,46630.475000000006
25535,46816.47200000001
25536,46941.47700000001
25537,47129.477999999996
25538,47253.475999999995
25539,48747.48299999999
25540,48595.488
25541,48467.488999999994
25542,48762.503
25543,47410.504
25544,46146.507
25545,46085.505999999994
25546,46075.511
25547,46214.513
25548,45320.522000000004
25549,41548.519
25550,41237.522
25551,41336.534999999996
25552,41727.531
25553,41690.52900000001
25554,42020.529
25555,42562.523
25556,43097.532
25557,42779.533
25558,42108.541000000005
25559,42489.54
25560,43270.54100000001
25561,42865.54400000001
25562,42580.54700000001
25563,44094.555000000015
25564,44516.55300000001
25565,44285.55400000001
25566,44574.553000000014
25567,45948.555000000015
25568,45979.55500000001
25569,46658.562
25570,46461.574
25571,45480.58
25572,45352.573000000004
25573,43779.58800000001
25574,43087.592000000004
25575,43258.59100000001
25576,42196.59000000001
25577,42087.596000000005
25578,42402.59900000001
25579,42125.602999999996
25580,41540.603
25581,41804.608
25582,41722.61100000001
25583,42333.61800000001
25584,42801.61600000001
25585,42650.612000000016
25586,43236.61300000002
25587,42470.61300000002
25588,42353.61800000002
25589,42315.616000000016
25590,43264.62600000001
25591,43748.633000000016
25592,44229.63200000001
25593,44754.627000000015
25594,45660.623000000014
25595,44667.62500000002
25596,44458.62600000002
25597,45472.625000000015
25598,45939.627000000015
25599,46496.62300000002
25600,45953.621000000014
25601,45510.61900000002
25602,44444.621000000014
25603,43619.621000000014
25604,42620.61900000001
25605,43275.61400000001
25606,42708.61100000001
25607,42931.61200000001
25608,42894.608000000015
25609,41591.61500000001
25610,40933.61500000001
25611,41343.61600000001
25612,41665.618
25613,42504.606
25614,43313.59500000001
25615,43759.60100000001
25616,43868.60400000001
25617,43758.606
25618,43471.615999999995
25619,43355.62
25620,44596.627
25621,44027.633
25622,44089.62800000001
25623,44411.623000000014
25624,45012.629000000015
25625,44081.63700000002
25626,43381.640000000014
25627,43120.64800000002
25628,43203.64900000002
25629,44222.64900000001
25630,44510.64300000001
25631,44157.65400000001
25632,42985.661000000015
25633,43018.65100000001
25634,42176.642000000014
25635,42604.64600000001
25636,41978.64100000001
25637,42220.63700000002
25638,42241.63400000002
25639,40601.63700000001
25640,39461.64700000001
25641,39734.644000000015
25642,40475.646000000015
25643,41237.64700000002
25644,40927.650000000016
25645,40752.643000000025
25646,41925.63300000002
25647,41937.63800000002
25648,42371.65200000002
25649,42616.657000000014
25650,43166.65500000001
25651,43198.648000000016
25652,43102.64200000002
25653,42554.64800000003
25654,43289.65000000001
25655,42240.65200000001
25656,41678.657000000014
25657,41511.659000000014
25658,41703.657000000014
25659,42221.664000000004
25660,43225.67000000001
25661,43370.66400000001
25662,42760.661000000015
25663,42223.663000000015
25664,41697.66400000001
25665,42054.66600000001
25666,41538.66900000001
25667,42666.662000000004
25668,41323.652
25669,40180.65900000001
25670,39055.654
25671,38806.655000000006
25672,39711.648
25673,40279.644
25674,40409.65000000001
25675,40951.62800000001
25676,41847.63600000002
25677,42184.63900000002
25678,42598.63600000003
25679,42642.63500000002
25680,43350.62400000002
25681,43261.62500000002
25682,43035.62600000002
25683,43166.62700000002
25684,42482.627000000015
25685,42498.62900000002
25686,40916.633000000016
25687,40769.629000000015
25688,41013.617000000006
25689,42632.62200000001
25690,43695.628000000004
25691,43470.629
25692,42375.624
25693,41446.62499999999
25694,40508.62499999999
25695,40453.622
25696,39869.626000000004
25697,38705.61300000001
25698,37292.62100000001
25699,35521.618
25700,34345.61300000001
25701,33812.61600000001
25702,34338.61500000001
25703,34895.612000000016
25704,36065.610000000015
25705,36221.59700000001
25706,37156.594000000005
25707,38394.59900000001
25708,38383.600000000006
25709,37248.60300000001
25710,38109.59900000001
25711,38778.59200000001
25712,38662.594000000005
25713,38666.588
25714,38167.58700000001
25715,37187.59200000001
25716,36099.605
25717,35444.613000000005
25718,35245.61200000001
25719,37150.60400000001
25720,37028.59600000001
25721,37196.59500000001
25722,35962.59800000001
25723,34484.60100000001
25724,33816.604000000014
25725,33727.604000000014
25726,33798.608000000015
25727,33890.60300000001
25728,32667.609000000022
25729,30840.609000000026
25730,30310.594000000023
25731,30173.58400000002
25732,31404.58400000002
25733,32321.58400000002
25734,32999.58400000002
25735,32784.582000000024
25736,33256.57400000002
25737,33752.56300000002
25738,34341.572000000015
25739,34255.576000000015
25740,34362.58100000001
25741,33697.58200000001
25742,33237.58600000002
25743,34887.582
25744,34373.582
25745,34464.562000000005
25746,33435.56500000002
25747,32416.566000000017
25748,32013.564000000017
25749,32830.568000000014
25750,34016.55900000001
25751,34188.559
25752,34056.548
25753,32169.546000000017
25754,31332.546000000017
25755,31932.539000000015
25756,30920.55300000002
25757,31721.554000000022
25758,30469.54800000002
25759,28765.544000000024
25760,26881.54500000002
25761,27184.540000000023
25762,27984.55100000002
25763,29343.54900000002
25764,30232.543000000023
25765,29201.536000000022
25766,29150.54500000002
25767,28934.550000000017
25768,30040.551000000018
25769,30825.556000000015
25770,31606.553000000018
25771,31518.55400000002
25772,31347.54100000002
25773,30814.54500000002
25774,30165.53900000002
25775,31082.543000000016
25776,30348.536000000015
25777,28914.534000000014
25778,29079.53500000001
25779,29433.536000000015
25780,30386.53200000001
25781,29782.523000000012
25782,29551.511000000013
25783,28716.505000000012
25784,28401.51200000001
25785,28048.516000000014
25786,28272.51800000002
25787,28793.515000000014
25788,28016.505000000012
25789,27063.50200000001
25790,25641.500000000015
25791,26496.50300000001
25792,27468.501000000015
25793,28741.499000000014
25794,28375.49400000001
25795,27582.491000000013
25796,28138.48300000001
25797,27896.47700000001
25798,28846.47200000001
25799,29445.46500000001
25800,30836.46600000001
25801,30423.46400000001
25802,29365.46400000001
25803,28928.46100000001
25804,28598.46200000001
25805,28012.462000000014
25806,26946.46200000001
25807,26349.46300000001
25808,25967.46600000001
25809,26696.456000000013
25810,26987.45800000001
25811,26725.45700000001
25812,26640.454000000012
25813,25411.455000000016
25814,26236.44900000001
25815,25677.458000000013
25816,26279.464000000014
25817,26296.474000000013
25818,26017.46400000001
25819,25728.471000000012
25820,24349.46900000001
25821,25052.46500000001
25822,26073.46500000001
25823,26615.470000000012
25824,25255.46500000001
25825,24529.46400000001
25826,24952.464000000007
25827,25017.464000000007
25828,25680.461000000007
25829,25525.45600000001
25830,26890.444000000007
25831,26750.439000000006
25832,25854.432000000004
25833,26451.429000000007
25834,27244.425000000007
25835,26390.425000000007
25836,25042.428000000004
25837,24538.431000000004
25838,23994.437000000005
25839,24710.436000000005
25840,24662.434000000005
25841,24219.446000000004
25842,23344.442000000003
25843,22299.441000000003
25844,22663.442000000003
25845,23077.434
25846,23178.431000000004
25847,22998.425000000003
25848,22467.426000000003
25849,21285.432000000004
25850,20007.430000000004
25851,19930.426000000003
25852,20888.424000000003
25853,20462.427
25854,19442.425
25855,18726.426000000003
25856,20535.420000000002
25857,20706.414000000004
25858,20460.418000000005
25859,20197.420000000006
25860,20843.425000000007
25861,20146.419
25862,19980.417000000005
25863,20346.414000000004
25864,18763.423000000003
25865,18991.412000000004
25866,17826.419000000005
25867,18326.418
25868,18006.427000000003
25869,19069.421000000002
25870,18084.420000000002
25871,19568.408000000003
25872,18870.410000000003
25873,18390.406000000003
25874,21123.401
25875,21284.398
25876,21596.399
25877,19926.400000000005
25878,19886.402000000002
25879,19292.395000000004
25880,18822.403000000002
25881,18788.401000000005
25882,19107.4
25883,19196.399000000005
25884,17943.396000000004
25885,17633.392000000003
25886,17639.386000000002
25887,18216.38
25888,19173.369
25889,19591.359999999997
25890,21742.345999999994
25891,20300.346999999998
25892,19420.351
25893,18779.349
25894,17872.352
25895,16056.363000000001
25896,15714.364
25897,15313.363000000001
25898,14159.369999999999
25899,14312.372
25900,12865.37
25901,12926.375
25902,12735.383
25903,12337.387000000004
25904,12995.399000000005
25905,13884.404000000004
25906,13980.405000000006
25907,13911.407000000007
25908,13608.413000000008
25909,14103.41500000001
25910,13551.423000000013
25911,13146.433000000015
25912,12800.446000000016
25913,12588.457000000017
25914,9959.474000000018
25915,9202.49200000002
25916,7750.514000000016
25917,6045.535000000018
25918,5204.565000000019
25919,897.6119999999983
25920,2306.431999999997
25921,3766.4280000000117
25922,5636.421000000019
25923,7129.409000000018
25924,8444.40100000002
25925,9090.397000000023
25926,10210.39400000002
25927,11650.390000000018
25928,12320.386000000017
25929,13035.379000000017
25930,14245.379000000017
25931,13730.374000000016
25932,13295.369000000015
25933,12605.369000000012
25934,12260.371000000012
25935,11907.36900000001
25936,11377.37200000001
25937,10387.37800000001
25938,10480.375000000007
25939,10470.376000000007
25940,8435.375000000005
25941,9065.376000000006
25942,9180.364000000003
25943,10880.353000000001
25944,12850.340000000002
25945,14132.331999999999
25946,15570.326999999997
25947,16210.320999999998
25948,17067.313
25949,17009.316
25950,18839.316
25951,19409.32
25952,20944.32
25953,20324.323
25954,18462.329
25955,18237.334000000003
25956,18577.322
25957,18380.329
25958,18310.327999999998
25959,17843.329
25960,17943.322
25961,18210.311
25962,17233.306
25963,17166.306
25964,16861.31
25965,16261.309000000001
25966,17001.306
25967,17236.297000000002
25968,17361.297
25969,17251.298
25970,16741.298
25971,16131.296
25972,16536.288
25973,16486.285
25974,17693.28
25975,17391.281
25976,16766.279000000002
25977,16996.274
25978,17031.27
25979,16111.276000000003
25980,16611.271000000004
25981,17401.267000000003
25982,17728.265000000003
25983,18691.264000000003
25984,17109.262000000002
25985,17899.256
25986,17884.253
25987,17869.245
25988,17429.249000000003
25989,17984.249
25990,18479.242000000002
25991,17241.244000000002
25992,16459.238
25993,15521.233000000002
25994,15678.226000000002
25995,15486.219000000003
25996,15979.223000000004
25997,15204.216000000004
25998,14359.215000000004
25999,13924.214000000005
26000,14149.205000000004
26001,14924.200000000004
26002,15306.201000000006
26003,16651.198000000004
26004,17611.200000000004
26005,17036.203000000005
26006,17286.199000000008
26007,17868.200000000004
26008,19465.197000000007
26009,19463.197000000007
26010,18516.196000000007
26011,19726.188000000006
26012,19731.190000000006
26013,19931.192000000006
26014,18381.192000000006
26015,18769.194000000007
26016,17384.198000000004
26017,21916.205000000005
26018,21756.204000000005
26019,21591.201000000005
26020,21997.200000000004
26021,21604.201000000005
26022,21597.205
26023,21397.206000000006
26024,21344.211000000003
26025,21742.212000000007
26026,22739.208000000006
26027,22364.205
26028,21369.207000000002
26029,21564.208000000006
26030,21579.207000000002
26031,22352.209000000006
26032,22717.211000000007
26033,23132.208000000006
26034,23742.205000000005
26035,23357.207000000006
26036,23992.199000000004
26037,23414.199000000004
26038,24207.197000000007
26039,24057.193000000007
26040,24032.195000000003
26041,24447.193000000007
26042,25619.189000000006
26043,25252.189000000006
26044,25282.186000000005
26045,25087.187000000005
26046,24347.182000000004
26047,25089.184000000005
26048,24879.187000000005
26049,24844.190000000006
26050,24874.188000000006
26051,24654.190000000006
26052,23289.190000000006
26053,23684.190000000006
26054,23862.192000000003
26055,24439.192000000006
26056,25227.190000000006
26057,24047.192000000003
26058,24062.191000000006
26059,24019.196000000007
26060,23839.193000000003
26061,24072.188000000002
26062,18937.192000000006
26063,19112.194000000003
26064,19489.195000000003
26065,19504.195000000007
26066,18749.193000000007
26067,19157.191000000006
26068,17954.194000000003
26069,17569.192000000003
26070,17182.192000000003
26071,18109.196000000004
26072,19469.196000000004
26073,19284.193000000003
26074,19294.190000000006
26075,19504.188000000006
26076,19522.188000000006
26077,19512.188000000006
26078,19527.186000000005
26079,19504.189000000006
26080,20676.188000000006
26081,20679.188000000006
26082,18899.192000000006
26083,20109.190000000006
26084,19892.194000000007
26085,19707.192000000006
26086,19907.192000000006
26087,19522.191000000006
26088,19662.197000000007
26089,20642.196000000007
26090,19832.199000000008
26091,19462.196000000007
26092,21027.194000000007
26093,20637.196000000007
26094,20827.195000000007
26095,21022.195000000007
26096,20239.195000000007
26097,20794.198000000004
26098,20404.198000000008
26099,20021.198000000008
26100,18066.199000000004
26101,18839.20100000001
26102,18659.198000000008
26103,18664.198000000008
26104,18312.193000000007
26105,18717.190000000006
26106,19507.187000000005
26107,19307.188000000006
26108,18907.188000000002
26109,18772.182000000004
26110,18932.188000000006
26111,18922.191000000006
26112,18532.191000000006
26113,19322.192000000003
26114,20692.190000000002
26115,20692.190000000006
26116,19499.192000000006
26117,19894.186000000005
26118,19694.186000000005
26119,21059.184000000005
26120,22219.184000000005
26121,21594.188000000006
26122,22607.183000000005
26123,22607.183000000005
26124,21604.182000000004
26125,21642.179000000004
26126,20822.185000000005
26127,21032.182000000004
26128,20602.182000000008
26129,20437.179000000007
26130,19052.180000000008
26131,20237.178000000007
26132,19627.182000000008
26133,19847.178000000007
26134,18849.177000000007
26135,18469.175000000007
26136,19464.177000000007
26137,19059.175000000007
26138,18669.177000000007
26139,18211.18400000001
26140,17621.183000000008
26141,18024.183000000008
26142,18769.18500000001
26143,18908.18700000001
26144,21063.181000000008
26145,21445.183000000005
26146,20688.181000000004
26147,20514.179000000004
26148,21304.175000000003
26149,22069.175000000003
26150,23454.171000000002
26151,23046.175000000003
26152,23061.173000000003
26153,23466.170000000006
26154,23297.168000000005
26155,24892.164000000004
26156,23924.167000000005
26157,23326.167000000005
26158,22374.160000000003
26159,22779.164000000004
26160,21824.164000000004
26161,22199.167000000005
26162,21981.170000000006
26163,22546.173000000006
26164,20976.178000000007
26165,19426.176000000007
26166,20389.180000000008
26167,20414.176000000007
26168,21173.178000000007
26169,20429.175000000007
26170,20074.174000000006
26171,21401.177000000007
26172,21625.179000000007
26173,22400.182000000008
26174,22605.182000000004
26175,24010.176000000007
26176,22657.181000000004
26177,22737.180000000004
26178,22366.179000000007
26179,23297.183000000005
26180,23938.182000000004
26181,23357.184000000005
26182,23416.184000000005
26183,23223.186000000005
26184,23628.184000000005
26185,24954.186000000005
26186,24573.185000000005
26187,24579.186000000005
26188,23229.184000000005
26189,24415.184000000005
26190,23851.188000000006
26191,24102.187000000005
26192,24064.193000000007
26193,24815.195000000007
26194,23499.191000000006
26195,21779.189000000006
26196,22959.187000000005
26197,22595.189000000006
26198,22566.195000000007
26199,22572.193000000007
26200,22173.194000000007
26201,23554.196000000007
26202,24578.192000000006
26203,24953.191000000006
26204,25173.194000000007
26205,25429.195000000003
26206,24653.196000000004
26207,24286.196000000004
26208,24681.195000000003
26209,25755.194000000007
26210,27569.193000000003
26211,27415.191000000006
26212,27665.189000000006
26213,28230.192000000006
26214,27645.200000000004
26215,27867.203000000005
26216,27081.202000000005
26217,26673.205000000005
26218,26334.200000000004
26219,27020.192000000006
26220,26825.190000000006
26221,26484.189000000006
26222,26535.186000000005
26223,27094.191000000006
26224,25664.197000000004
26225,24308.200000000004
26226,24291.203000000005
26227,23323.209000000006
26228,23354.207000000006
26229,24040.200000000004
26230,23158.199000000008
26231,24486.206000000006
26232,25581.200000000004
26233,25156.201000000005
26234,24953.203000000005
26235,25160.204000000005
26236,24725.204000000005
26237,24807.200000000004
26238,25066.195000000003
26239,25626.197
26240,27422.194000000003
26241,27554.197
26242,28179.197
26243,29205.194
26244,29423.191000000003
26245,29582.192
26246,28615.190000000002
26247,28202.192000000003
26248,27851.193000000003
26249,28482.193000000003
26250,28089.194000000003
26251,28458.195
26252,28169.186
26253,28592.187
26254,27389.189000000002
26255,26656.190000000002
26256,26846.191000000003
26257,26350.189000000002
26258,26408.188000000002
26259,25567.194000000003
26260,24574.197
26261,25800.194
26262,26839.191000000003
26263,26193.197000000004
26264,25753.202
26265,25781.204
26266,24346.214
26267,24196.210000000003
26268,24580.209
26269,25184.206000000002
26270,27015.213000000003
26271,27206.217000000004
26272,27771.217000000004
26273,27773.217000000004
26274,28588.216000000004
26275,28356.216000000004
26276,28428.212000000003
26277,27911.208000000006
26278,27326.208000000006
26279,28296.207000000006
26280,27949.201000000005
26281,28904.200000000004
26282,29036.207000000006
26283,29643.208000000006
26284,28647.207000000006
26285,28311.201
26286,27719.2
26287,26711.203
26288,27294.198
26289,26977.199
26290,26159.208000000002
26291,26756.21
26292,27106.221
26293,27151.217
26294,32465.217
26295,32719.227
26296,31230.225
26297,31668.231
26298,31396.233
26299,31687.233000000004
26300,32655.235000000004
26301,33172.239
26302,33606.240000000005
26303,28534.244000000002
26304,29149.238000000005
26305,29410.238000000005
26306,29398.244000000002
26307,29155.248000000003
26308,28969.250000000004
26309,29394.253000000004
26310,28301.251000000004
26311,29638.247000000003
26312,29065.245000000006
26313,29322.247000000003
26314,28537.251000000004
26315,28580.245000000003
26316,27664.253000000004
26317,27628.254000000004
26318,27803.257000000005
26319,27898.250000000004
26320,27552.248
26321,28292.251
26322,28537.25
26323,28497.259000000002
26324,27935.258
26325,27812.259000000005
26326,27205.262000000002
26327,27986.261000000002
26328,27819.265000000003
26329,28213.260000000002
26330,29990.266
26331,30605.267
26332,30753.268
26333,30708.275
26334,30768.269
26335,31108.276
26336,31557.273
26337,32141.268
26338,31171.268
26339,31566.267
26340,30780.268
26341,30650.265
26342,30024.267
26343,30633.262000000002
26344,30556.260000000002
26345,29725.262000000002
26346,29287.268
26347,28529.266000000003
26348,29251.267000000003
26349,29292.266000000003
26350,28489.268000000007
26351,29095.263000000003
26352,28830.262000000002
26353,29042.258
26354,28782.255
26355,28999.257
26356,27731.259000000002
26357,28135.260000000002
26358,27794.260000000002
26359,28112.265000000003
26360,29702.260000000002
26361,30010.256000000005
26362,30451.245000000003
26363,30414.243000000002
26364,31151.234000000004
26365,31275.232000000004
26366,31662.225000000002
26367,32808.221
26368,31848.216000000004
26369,31911.209000000003
26370,31010.204
26371,31866.202000000005
26372,31076.202000000005
26373,31836.200000000004
26374,30847.204000000005
26375,29491.202000000005
26376,29522.201000000005
26377,29247.205000000005
26378,31004.201000000005
26379,30469.189000000002
26380,29615.190000000002
26381,30019.184
26382,29450.184000000005
26383,29174.176000000003
26384,28390.173000000003
26385,28613.163
26386,28399.157000000003
26387,28293.158000000003
26388,27675.154000000002
26389,28255.154000000002
26390,29654.147000000004
26391,29107.141000000003
26392,29843.141000000003
26393,29604.145000000004
26394,30777.143000000004
26395,31207.139000000003
26396,31617.136000000006
26397,32508.140000000003
26398,31872.142000000003
26399,32324.137000000002
26400,31819.132000000005
26401,32001.136000000006
26402,31011.138000000006
26403,31606.135000000006
26404,31441.133000000005
26405,30212.138000000006
26406,30196.137000000006
26407,29819.132000000005
26408,31411.130000000005
26409,31068.124000000003
26410,29867.126000000004
26411,30461.123000000007
26412,29828.124000000003
26413,29912.119000000002
26414,29757.113
26415,29913.113
26416,29168.107
26417,29568.104000000003
26418,28384.105
26419,28595.102000000006
26420,29716.106000000003
26421,29307.106000000003
26422,30681.105000000003
26423,31162.103000000003
26424,31873.106000000003
26425,33023.103
26426,33578.1
26427,33596.1
26428,33620.098
26429,34173.098999999995
26430,33687.104999999996
26431,33109.101
26432,31766.101000000006
26433,32589.097000000005
26434,31774.100000000006
26435,31148.100000000006
26436,30939.101000000006
26437,30630.097000000005
26438,31122.101000000006
26439,30593.098000000005
26440,29607.094000000005
26441,30386.095000000005
26442,30221.091000000008
26443,30989.092000000008
26444,30109.096000000005
26445,29800.092000000004
26446,29145.087000000007
26447,29350.086000000007
26448,28969.087000000007
26449,29317.086000000007
26450,30747.082000000006
26451,30732.080000000005
26452,31552.076000000005
26453,30533.078000000005
26454,31658.079000000005
26455,32668.076000000005
26456,33443.073000000004
26457,33463.07400000001
26458,33403.07600000001
26459,33548.075000000004
26460,33548.072
26461,32983.07200000001
26462,32263.067000000006
26463,33403.06800000001
26464,33078.065
26465,32943.063
26466,32555.06300000001
26467,32135.06500000001
26468,32430.064000000006
26469,32240.063000000006
26470,31055.066000000006
26471,31835.066000000006
26472,32065.06400000001
26473,31945.064000000006
26474,31785.062000000005
26475,30410.06500000001
26476,30585.064000000006
26477,30150.068000000007
26478,29805.069000000007
26479,30255.06800000001
26480,31655.06700000001
26481,31240.06700000001
26482,31765.070000000007
26483,31245.067000000006
26484,32585.067000000006
26485,33375.065
26486,33985.065
26487,34245.062
26488,34020.064999999995
26489,33285.066000000006
26490,32310.07300000001
26491,32155.07100000001
26492,31640.06700000001
26493,32075.06900000001
26494,31525.06700000001
26495,31770.06700000001
26496,31390.06500000001
26497,31455.06300000001
26498,31430.06300000001
26499,31105.06000000001
26500,31685.06000000001
26501,31940.06100000001
26502,31510.06400000001
26503,30735.06300000001
26504,30700.06500000001
26505,30245.06800000001
26506,30060.06700000001
26507,30280.06700000001
26508,30775.07000000001
26509,31320.07400000001
26510,32305.07300000001
26511,31550.07300000001
26512,31765.07500000001
26513,32430.06900000001
26514,33220.06700000001
26515,33163.064000000006
26516,33938.065
26517,33623.060000000005
26518,34008.062000000005
26519,33643.062000000005
26520,33073.05900000001
26521,33703.057
26522,33143.058000000005
26523,34108.06100000001
26524,33133.06100000001
26525,33163.060000000005
26526,32763.06200000001
26527,33123.06300000001
26528,33043.06800000001
26529,33113.064000000006
26530,33373.062000000005
26531,33623.06100000001
26532,33813.062000000005
26533,31903.06000000001
26534,31678.06100000001
26535,31768.06000000001
26536,30843.06100000001
26537,30643.06300000001
26538,31078.05900000001
26539,32088.057000000008
26540,33518.054000000004
26541,32573.053000000007
26542,32963.05300000001
26543,33680.05700000001
26544,34400.059
26545,34285.062000000005
26546,34275.064000000006
26547,34585.065
26548,34975.065
26549,34750.066000000006
26550,33410.066000000006
26551,33600.06800000001
26552,32580.07300000001
26553,34185.06900000001
26554,33665.066000000006
26555,33280.06500000001
26556,33305.06500000001
26557,33310.06500000001
26558,32745.06700000001
26559,32290.07100000001
26560,32250.07400000001
26561,32905.07000000001
26562,33435.07100000001
26563,31890.06800000001
26564,32130.06400000001
26565,32945.062000000005
26566,32090.06700000001
26567,32150.06600000001
26568,32560.06700000001
26569,32765.07000000001
26570,34025.06700000001
26571,34040.064000000006
26572,34270.063
26573,34695.062000000005
26574,34840.067
26575,35390.065
26576,35040.064
26577,35465.063
26578,34940.061
26579,34535.059
26580,33775.060000000005
26581,34025.059
26582,33613.05900000001
26583,34743.06300000001
26584,33593.064000000006
26585,33458.06300000001
26586,33593.065
26587,33293.06300000001
26588,33303.06100000001
26589,33538.064000000006
26590,32038.06400000001
26591,32203.06600000001
26592,32993.06400000001
26593,31183.06500000001
26594,30953.06700000001
26595,30658.06300000001
26596,30268.06300000001
26597,29783.06700000001
26598,30918.06900000001
26599,37718.066000000006
26600,38498.066000000006
26601,38763.062000000005
26602,38780.06500000001
26603,39425.06300000001
26604,40265.061
26605,40680.062000000005
26606,40480.06300000001
26607,41480.058000000005
26608,40560.057
26609,40170.058000000005
26610,40395.057
26611,40325.061
26612,39783.05700000001
26613,40958.056000000004
26614,35088.058
26615,34663.060000000005
26616,34593.065
26617,34823.063
26618,34233.065
26619,34118.064000000006
26620,32948.064000000006
26621,33148.064000000006
26622,33708.064000000006
26623,32543.06400000001
26624,32738.06400000001
26625,32388.06100000001
26626,31758.06600000001
26627,30993.06800000001
26628,32133.07000000001
26629,31553.07400000001
26630,32648.07000000001
26631,32128.06900000001
26632,32753.06600000001
26633,33258.06800000001
26634,33433.06700000001
26635,33838.07000000001
26636,33438.07200000001
26637,34258.07000000001
26638,33493.07100000001
26639,32838.07500000001
26640,32938.07100000001
26641,33890.071
26642,33565.068
26643,34620.064999999995
26644,34770.064999999995
26645,34385.064
26646,35050.06799999999
26647,34450.070999999996
26648,34320.068
26649,34465.066999999995
26650,34700.063
26651,33970.066
26652,33800.067
26653,33275.066000000006
26654,33655.069
26655,33255.07200000001
26656,33315.07000000001
26657,32665.073000000008
26658,33895.071
26659,33680.07
26660,34495.06800000001
26661,33210.067
26662,33600.06800000001
26663,33625.06800000001
26664,34005.067
26665,33970.068999999996
26666,33590.067
26667,34795.066
26668,34475.067
26669,35355.064
26670,35340.062999999995
26671,36060.064999999995
26672,35630.068
26673,35920.06
26674,34675.065
26675,34920.06
26676,35385.058999999994
26677,34950.062999999995
26678,34580.063
26679,34855.066000000006
26680,34070.067
26681,33870.068
26682,34100.066
26683,33510.06700000001
26684,33765.065
26685,33295.07100000001
26686,33720.069
26687,31980.07200000001
26688,32505.07300000001
26689,31500.07400000001
26690,33655.072
26691,33005.075000000004
26692,33380.073000000004
26693,33425.07400000001
26694,33790.073000000004
26695,32800.071
26696,32425.06800000001
26697,32905.06500000001
26698,31915.06800000001
26699,33170.07200000001
26700,33140.07300000001
26701,33620.07
26702,33590.071
26703,34190.068
26704,33710.071
26705,34775.07199999999
26706,34980.075
26707,34485.072
26708,34510.072
26709,34745.068999999996
26710,33035.07400000001
26711,33235.07300000001
26712,33035.07400000001
26713,32640.076000000012
26714,32640.078000000012
26715,32635.079000000012
26716,32670.078000000012
26717,33010.07900000001
26718,32610.081000000013
26719,31629.085000000014
26720,33454.08100000001
26721,33009.08200000001
26722,32489.085000000014
26723,33064.08700000001
26724,33309.08600000001
26725,31914.08700000001
26726,31959.08300000001
26727,32154.08300000001
26728,31999.08000000001
26729,32969.081000000006
26730,32639.07900000001
26731,33224.08000000001
26732,33384.08200000001
26733,34453.076
26734,33913.077000000005
26735,34693.07800000001
26736,35693.079000000005
26737,34973.077000000005
26738,35363.079000000005
26739,34987.08
26740,34547.081000000006
26741,34712.083000000006
26742,34725.08200000001
26743,34840.08
26744,34670.083000000006
26745,35111.081000000006
26746,34501.08200000001
26747,34431.08600000001
26748,34321.08500000001
26749,33901.08700000001
26750,35606.088
26751,35572.087
26752,36212.086
26753,36243.083
26754,36468.083
26755,35853.084
26756,35308.081000000006
26757,35610.085
26758,35232.084
26759,35692.08
26760,36422.081
26761,37092.081
26762,35491.08400000001
26763,35056.08800000001
26764,35961.09
26765,35169.092000000004
26766,37164.090000000004
26767,35794.09100000001
26768,35367.093
26769,35402.092000000004
26770,34063.090000000004
26771,39828.08500000001
26772,40369.08700000001
26773,39444.09100000001
26774,39249.09300000001
26775,39478.09400000001
26776,39798.09000000001
26777,40801.088
26778,41136.090000000004
26779,41048.085
26780,42638.084
26781,42089.086
26782,42688.086
26783,44660.083000000006
26784,44091.084
26785,43317.086
26786,41362.08700000001
26787,41522.09100000001
26788,41427.096000000005
26789,41643.09600000001
26790,42029.09500000001
26791,42695.093
26792,41947.09500000001
26793,42214.09100000001
26794,42405.09100000001
26795,41797.093
26796,43524.096
26797,41754.103
26798,41613.101
26799,41273.107
26800,39163.11200000001
26801,39338.11200000001
26802,39512.11700000001
26803,38507.119000000006
26804,38517.12200000001
26805,38930.12300000001
26806,39125.12400000001
26807,39777.122
26808,39597.12700000001
26809,39342.12800000001
26810,41327.130000000005
26811,41387.131
26812,41217.136000000006
26813,42153.138
26814,42748.145
26815,42935.146
26816,40971.15200000001
26817,41525.157
26818,41202.158
26819,41967.154
26820,42639.152
26821,42767.156
26822,42052.16700000001
26823,36977.166
26824,36902.16
26825,37341.15899999999
26826,38284.16299999999
26827,37595.17
26828,37539.174
26829,37815.170999999995
26830,36441.176
26831,36306.18
26832,36822.179
26833,35875.179000000004
26834,35538.178
26835,35445.177
26836,35559.18
26837,36176.174
26838,36449.172999999995
26839,35939.174
26840,37207.172
26841,37235.172
26842,37390.17399999999
26843,37668.181
26844,38579.179000000004
26845,37726.187000000005
26846,36349.192
26847,36365.195
26848,36543.192
26849,35798.196
26850,36785.192
26851,37136.197
26852,36316.202000000005
26853,36701.20500000001
26854,36576.209
26855,37111.210999999996
26856,38465.215
26857,37265.216
26858,37939.212
26859,38644.212
26860,36726.217000000004
26861,35741.219000000005
26862,34948.23
26863,34540.232
26864,34916.234000000004
26865,34836.23300000001
26866,35765.23100000001
26867,36357.232
26868,36718.234
26869,36923.23199999999
26870,39059.23499999999
26871,38729.23999999999
26872,39867.23799999999
26873,40524.23199999999
26874,40320.23499999999
26875,40131.236999999994
26876,38727.244
26877,38941.244
26878,38649.248999999996
26879,38833.255999999994
26880,39709.252
26881,40239.261
26882,40172.261
26883,39636.269
26884,39000.26900000001
26885,39239.271
26886,39987.272
26887,38591.274000000005
26888,38081.273
26889,37900.273
26890,35890.278
26891,33976.284000000014
26892,34026.286000000015
26893,34609.28900000001
26894,36774.287
26895,36628.289000000004
26896,38044.29
26897,39414.28799999999
26898,39250.297
26899,39479.303
26900,41412.313
26901,41916.309
26902,41837.31500000001
26903,41566.314000000006
26904,41709.314000000006
26905,41749.312000000005
26906,40410.311
26907,40992.310000000005
26908,40572.31500000001
26909,40752.31800000001
26910,40061.317
26911,41057.315
26912,40633.32200000001
26913,40325.319
26914,39156.327000000005
26915,39955.327000000005
26916,40014.336
26917,38504.34
26918,38268.344999999994
26919,38072.34799999999
26920,36632.35199999999
26921,36457.356
26922,36530.358
26923,37011.367999999995
26924,37746.373
26925,37365.371999999996
26926,38583.371
26927,39967.363999999994
26928,40101.367999999995
26929,40113.369
26930,42945.364
26931,42775.365
26932,43479.364
26933,42892.358
26934,43249.36
26935,42377.36200000001
26936,41140.366
26937,40815.379
26938,41095.384
26939,41555.386
26940,40545.384000000005
26941,41167.386000000006
26942,41320.38800000001
26943,41371.396
26944,41007.4
26945,42093.405
26946,41374.411
26947,40549.417
26948,40246.424999999996
26949,39486.429
26950,38167.434
26951,38172.435999999994
26952,37929.439
26953,38231.437999999995
26954,37750.446
26955,37359.45
26956,38685.453
26957,39924.458
26958,39546.46
26959,38819.469
26960,41536.46300000001
26961,41692.46200000001
26962,41496.46800000001
26963,41060.47900000001
26964,41518.48
26965,41298.482
26966,40597.481
26967,40723.471000000005
26968,40977.475000000006
26969,42002.47400000001
26970,41649.475000000006
26971,42558.477
26972,42408.48100000001
26973,42814.482
26974,42126.47900000001
26975,43262.475000000006
26976,42376.48
26977,41486.476
26978,41101.48100000001
26979,40830.48500000001
26980,40068.486000000004
26981,40528.476
26982,40938.481999999996
26983,40966.485000000015
26984,41536.486000000004
26985,42005.479000000014
26986,42889.48000000001
26987,43911.48200000001
26988,44189.48600000001
26989,43456.48500000001
26990,44576.473000000005
26991,44710.47800000001
26992,44132.47800000001
26993,43636.48200000001
26994,43888.49100000001
26995,43581.48900000001
26996,42418.49700000001
26997,42493.500000000015
26998,42497.5
26999,43353.498
27000,43048.498
27001,42967.508
27002,43173.512
27003,43392.51999999999
27004,41914.52899999999
27005,42814.526999999995
27006,42097.533
27007,41250.538
27008,41244.541000000005
27009,41167.55300000001
27010,40887.55
27011,40940.549000000006
27012,41929.54300000001
27013,42535.54800000001
27014,44204.54800000001
27015,44111.54800000001
27016,45168.548
27017,46208.555
27018,46759.565
27019,45783.569
27020,46381.577
27021,46449.582
27022,46431.575000000004
27023,45684.57400000001
27024,45753.578
27025,45826.592
27026,44940.590000000004
27027,44532.58800000001
27028,44445.589000000014
27029,44760.58900000001
27030,43462.58400000002
27031,43922.60000000001
27032,43807.60900000001
27033,43739.612000000016
27034,42147.61500000001
27035,43261.61900000001
27036,43563.62000000001
27037,42786.62000000001
27038,42194.62600000001
27039,42943.61500000001
27040,43194.61000000003
27041,43437.59600000003
27042,43243.59000000003
27043,43838.58500000003
27044,45254.59000000002
27045,43739.59200000002
27046,43556.599000000024
27047,44368.60000000002
27048,45041.61500000003
27049,44750.60400000002
27050,44613.613000000034
27051,44468.61400000002
27052,45086.61300000001
27053,44740.61900000002
27054,45522.62100000002
27055,45683.62800000002
27056,44755.62300000003
27057,44868.626000000026
27058,44596.62400000002
27059,45715.61900000001
27060,44323.63000000001
27061,44715.62800000001
27062,45436.62600000001
27063,45469.627000000015
27064,44169.64
27065,44774.632999999994
27066,44692.63
27067,44190.626000000004
27068,43850.62400000001
27069,43228.62200000001
27070,42921.62100000001
27071,41631.62200000001
27072,41353.610000000015
27073,40865.60100000002
27074,39708.61300000002
27075,39734.62000000002
27076,40268.620000000024
27077,40818.623000000014
27078,41652.635000000024
27079,41265.63400000003
27080,42172.62800000002
27081,42890.628000000026
27082,44253.620000000024
27083,44534.62000000002
27084,45429.61500000002
27085,45185.62200000001
27086,43966.627
27087,44782.62800000001
27088,44771.619000000006
27089,45152.63300000001
27090,44626.63000000001
27091,45164.63200000002
27092,44601.62800000001
27093,44036.63400000002
27094,43955.63000000001
27095,43641.63500000001
27096,43665.64800000001
27097,42866.650000000016
27098,41695.66200000002
27099,41947.64500000001
27100,41464.64700000002
27101,40365.63900000002
27102,40843.62800000001
27103,40746.63100000002
27104,41035.635000000024
27105,40405.63100000002
27106,40860.62400000002
27107,39936.63400000002
27108,41271.63400000002
27109,40168.64900000001
27110,39881.658000000025
27111,41345.650000000016
27112,41563.644000000015
27113,42146.63800000002
27114,42092.64300000002
27115,42815.64700000002
27116,41607.65800000002
27117,42002.65800000002
27118,42058.656000000025
27119,43067.65100000002
27120,43054.652000000024
27121,43874.65100000002
27122,43593.64000000003
27123,42859.643000000025
27124,42834.62800000002
27125,43150.64000000002
27126,43973.63600000002
27127,44102.63400000002
27128,42927.64300000001
27129,43145.62800000001
27130,43017.63000000001
27131,41058.62000000001
27132,40543.616000000016
27133,40025.623000000014
27134,40124.62400000001
27135,38917.61900000001
27136,39039.61100000001
27137,38048.61100000001
27138,38658.61600000001
27139,37495.61100000001
27140,36287.617
27141,37108.62000000001
27142,37282.617000000006
27143,37845.617000000006
27144,37387.617000000006
27145,37428.60300000001
27146,36634.609000000004
27147,36932.607
27148,36691.617000000006
27149,38308.61100000001
27150,37119.617000000006
27151,38114.612
27152,36786.609000000004
27153,36943.601
27154,37302.58800000001
27155,38120.589
27156,38636.595
27157,38674.583999999995
27158,37149.594000000005
27159,36263.599
27160,36359.603
27161,34261.60100000002
27162,34400.59800000001
27163,33207.59200000002
27164,33618.59800000001
27165,33759.59800000002
27166,34607.59700000001
27167,33644.59600000001
27168,34585.591000000015
27169,34303.58000000001
27170,34659.57400000001
27171,35209.567
27172,34781.56500000001
27173,35904.56500000001
27174,34950.563
27175,33647.56600000001
27176,33093.572000000015
27177,34222.56600000001
27178,33658.56500000002
27179,35134.559
27180,34109.557000000015
27181,35346.558999999994
27182,35192.56199999999
27183,35005.558000000005
27184,34667.55800000001
27185,35224.55700000001
27186,33682.55200000002
27187,33626.54700000001
27188,32966.54600000002
27189,32929.538000000015
27190,33127.54100000002
27191,31089.53300000002
27192,31301.53800000002
27193,30846.53200000002
27194,31293.52400000002
27195,31986.52600000002
27196,32144.53200000002
27197,32009.52000000002
27198,32845.52200000002
27199,32323.52100000002
27200,32970.52600000001
27201,33384.517000000014
27202,33253.51100000001
27203,33884.50900000001
27204,33472.506000000016
27205,32434.506000000016
27206,32794.502000000015
27207,33767.498000000014
27208,33801.49300000001
27209,33846.50100000001
27210,32495.500000000015
27211,33230.50400000001
27212,32726.500000000015
27213,32094.508000000016
27214,31601.50100000002
27215,32353.499000000014
27216,31107.494000000013
27217,30428.488000000016
27218,29267.486000000015
27219,29166.491000000016
27220,29348.486000000015
27221,28720.485000000015
27222,29264.480000000018
27223,28792.479000000018
27224,29797.474000000017
27225,28989.473000000016
27226,29915.468000000015
27227,30245.469000000012
27228,31698.477000000014
27229,31013.481000000018
27230,31333.488000000016
27231,30065.492000000013
27232,30051.482000000015
27233,30683.46800000002
27234,29889.469000000016
27235,29593.46700000002
27236,29290.456000000017
27237,29989.462000000018
27238,29352.45100000002
27239,30132.446000000018
27240,28785.43700000002
27241,30106.43500000002
27242,29760.442000000017
27243,29580.444000000018
27244,29301.43400000002
27245,29926.433000000015
27246,28422.432000000015
27247,27656.440000000017
27248,26242.437000000013
27249,25764.441000000013
27250,25458.439000000013
27251,24159.432000000015
27252,23850.437000000013
27253,28300.436000000016
27254,29596.442000000014
27255,28966.449000000015
27256,29101.44700000001
27257,24235.444000000014
27258,26202.44800000001
27259,25449.44100000001
27260,26078.437000000013
27261,26129.438000000013
27262,26298.438000000013
27263,27016.435000000012
27264,25740.435000000012
27265,25448.44100000001
27266,25384.44500000001
27267,24206.44600000001
27268,23564.44400000001
27269,24469.44900000001
27270,23535.45500000001
27271,25405.45200000001
27272,25622.44600000001
27273,24797.44300000001
27274,24180.44400000001
27275,25262.43900000001
27276,24595.44200000001
27277,25331.44300000001
27278,24458.43600000001
27279,24030.432000000008
27280,23589.433000000008
27281,22155.43700000001
27282,22948.43200000001
27283,22081.433000000008
27284,22905.442000000006
27285,22048.436000000005
27286,21909.446000000007
27287,22141.444000000007
27288,23934.432000000008
27289,23133.43400000001
27290,24294.433000000008
27291,24313.430000000008
27292,24028.431000000008
27293,24565.425000000007
27294,23479.425000000007
27295,22984.424000000006
27296,22264.434000000005
27297,21232.437000000005
27298,20290.437000000005
27299,21532.433
27300,20832.434000000005
27301,20117.433
27302,20156.435999999998
27303,20214.435
27304,20743.428000000004
27305,21804.416
27306,21171.427
27307,21228.429
27308,21133.419
27309,20752.416
27310,20574.410000000003
27311,20902.409000000003
27312,20760.410000000003
27313,20634.405000000002
27314,20782.405000000002
27315,20652.401000000005
27316,21503.387000000006
27317,20636.390000000007
27318,22075.382000000005
27319,20887.379000000004
27320,21277.384000000002
27321,20126.390000000007
27322,19984.386000000006
27323,20035.385000000006
27324,19756.381000000005
27325,19231.374000000003
27326,18951.371000000003
27327,19819.357
27328,25945.346
27329,27599.338
27330,27269.325999999997
27331,26493.333
27332,26416.343999999997
27333,25841.344999999998
27334,23663.361
27335,24405.371000000003
27336,23376.369000000002
27337,22556.367000000002
27338,21010.361
27339,20166.366
27340,19718.372000000003
27341,19864.371000000003
27342,19447.378000000004
27343,20132.378000000004
27344,19602.387000000006
27345,19928.390000000007
27346,20572.393000000007
27347,19997.40200000001
27348,20677.40700000001
27349,19942.41800000001
27350,20840.42300000001
27351,20865.43300000001
27352,19017.462000000014
27353,17037.471000000012
27354,16509.490000000013
27355,14152.507000000012
27356,13236.524000000009
27357,11122.547000000013
27358,3403.580000000011
27359,1142.620999999998
27360,1695.4389999999962
27361,2311.4260000000017
27362,3609.416000000022
27363,4344.406000000023
27364,4569.414000000021
27365,5671.407000000019
27366,7164.39800000002
27367,7834.39900000002
27368,9104.39300000002
27369,9794.39200000002
27370,13614.387000000017
27371,14329.379000000015
27372,13976.378000000013
27373,13794.377000000015
27374,15129.369000000012
27375,15114.36100000001
27376,14161.362000000008
27377,13974.363000000007
27378,13054.366000000007
27379,13696.365000000005
27380,11686.358000000006
27381,12681.357000000004
27382,12676.355000000003
27383,14361.347000000003
27384,14579.339
27385,15589.331999999999
27386,16336.332999999999
27387,17576.325999999997
27388,19053.315999999995
27389,18906.313999999995
27390,17859.315
27391,17244.311999999998
27392,18347.317999999996
27393,17477.320999999996
27394,16942.322999999997
27395,17062.322999999997
27396,18089.323999999997
27397,17799.329999999998
27398,17624.334
27399,17404.334
27400,19259.320999999996
27401,19994.317999999996
27402,19512.320999999996
27403,19217.325999999997
27404,19762.322999999997
27405,20642.319
27406,19002.318999999996
27407,18152.325
27408,17742.326
27409,17914.322
27410,17932.314
27411,16904.313000000002
27412,15374.312
27413,15734.303
27414,15934.299
27415,15459.301000000001
27416,16632.293
27417,17417.292
27418,18017.283
27419,17752.284
27420,17537.287
27421,17089.285000000003
27422,17649.279000000002
27423,16224.275000000001
27424,16382.272000000004
27425,15547.268000000004
27426,14874.272000000004
27427,14727.266000000003
27428,14362.257000000005
27429,14357.253000000004
27430,14292.250000000005
27431,14819.253000000006
27432,16009.242000000006
27433,17357.237000000005
27434,16154.230000000005
27435,16579.222000000005
27436,15989.222000000005
27437,15794.217000000006
27438,16564.212000000003
27439,16427.205000000005
27440,16797.202000000005
27441,17030.193000000007
27442,15295.192000000005
27443,15270.192000000005
27444,16435.196000000004
27445,17240.192000000003
27446,17620.194000000003
27447,17435.194000000003
27448,17415.199000000004
27449,18595.199000000004
27450,18795.203000000005
27451,18613.202000000005
27452,18635.201000000005
27453,17655.206000000002
27454,18450.202
27455,17447.207000000002
27456,17619.210000000003
27457,17814.211000000003
27458,17429.210000000006
27459,16434.213000000003
27460,16257.211000000005
27461,16090.209000000004
27462,17663.210000000003
27463,17486.208000000006
27464,15936.207000000004
27465,15161.208000000004
27466,14946.211000000005
27467,15516.213000000005
27468,16131.208000000004
27469,16511.208000000006
27470,16506.207000000002
27471,16896.207000000006
27472,15374.205000000004
27473,15789.205000000004
27474,16729.211000000003
27475,17734.208000000002
27476,17924.208000000002
27477,17407.201000000005
27478,17827.197000000004
27479,17857.194000000003
27480,19422.193000000003
27481,19837.191000000003
27482,20037.188000000002
27483,19059.188000000002
27484,19044.190000000002
27485,18869.188000000002
27486,19049.188
27487,18682.185
27488,18467.187
27489,17849.192000000003
27490,16874.194000000003
27491,16882.196000000004
27492,17654.197000000004
27493,17099.192000000003
27494,16901.193000000007
27495,16931.188000000002
27496,17138.186
27497,18318.185
27498,19324.183
27499,19747.181
27500,19372.182
27501,19397.18
27502,18032.178
27503,19582.179
27504,20387.177
27505,19572.181
27506,19974.178
27507,19017.177
27508,19199.178
27509,19032.176
27510,20789.176
27511,20214.177
27512,20609.178
27513,19221.18
27514,19231.179
27515,18198.186
27516,18031.183
27517,18039.183
27518,18677.178
27519,18317.175000000003
27520,17717.175000000003
27521,18272.176999999996
27522,20207.174999999996
27523,20197.176
27524,19387.181
27525,18574.184
27526,18949.185
27527,19711.187
27528,19901.188000000002
27529,19861.190000000002
27530,20026.193000000003
27531,19869.189000000002
27532,17382.186000000005
27533,18527.188000000002
27534,19312.190000000002
27535,19542.188000000002
27536,19752.187
27537,19162.186
27538,19137.190000000002
27539,18911.194000000003
27540,20456.197000000004
27541,20663.196000000004
27542,20673.195
27543,19696.192
27544,19721.189000000002
27545,19521.189000000002
27546,19526.190000000002
27547,19969.185
27548,20732.183
27549,19937.184
27550,18762.185
27551,19352.183
27552,20692.187
27553,20497.185999999998
27554,20102.185999999998
27555,19887.186999999998
27556,19487.183999999997
27557,21016.186999999998
27558,20601.189
27559,20206.185999999998
27560,20599.184999999998
27561,19234.185999999998
27562,17632.190000000002
27563,18812.188
27564,19797.189
27565,19002.192
27566,19767.193
27567,18197.192000000003
27568,19559.192000000003
27569,19944.190000000002
27570,20707.192000000003
27571,20707.193000000003
27572,20547.190000000002
27573,19782.191000000003
27574,20367.192000000003
27575,20162.193000000003
27576,20746.195000000003
27577,20619.186
27578,21569.184
27579,20814.183
27580,20789.186
27581,20784.189000000002
27582,21169.188000000002
27583,20344.190000000002
27584,19344.195
27585,19982.191000000003
27586,19847.181
27587,20589.184000000005
27588,20404.180000000004
27589,20369.181
27590,21329.18
27591,20549.179
27592,19599.175
27593,18989.176
27594,20179.168999999998
27595,19399.166999999998
27596,20192.167
27597,20777.164999999997
27598,21554.17
27599,20989.171000000002
27600,21569.170000000002
27601,21161.171000000002
27602,21746.171000000002
27603,21711.174
27604,22125.172
27605,21543.172
27606,22880.175
27607,21728.175
27608,22913.174
27609,22323.175
27610,21708.184
27611,21909.183
27612,21968.179
27613,21770.178
27614,21750.185
27615,22393.181
27616,21241.181
27617,22621.182
27618,22504.18
27619,22921.177
27620,23140.179
27621,21622.176
27622,21215.177
27623,20721.183
27624,21337.182
27625,21143.181
27626,21700.184
27627,22257.189000000002
27628,23055.193000000003
27629,22878.193000000003
27630,23252.198000000004
27631,22885.199000000004
27632,22101.199
27633,22111.197000000004
27634,22883.199000000004
27635,22549.193000000007
27636,24299.194000000003
27637,23244.185
27638,23450.186000000005
27639,23518.184000000005
27640,23710.182000000004
27641,23925.184
27642,24946.182
27643,24444.18
27644,24679.179
27645,24655.181
27646,23650.184
27647,24797.187
27648,25562.189000000002
27649,24784.189000000002
27650,25613.187
27651,25206.189000000002
27652,24837.189000000002
27653,23855.190000000002
27654,23874.191000000003
27655,23894.193000000003
27656,24687.193000000003
27657,24389.191000000003
27658,25605.189000000002
27659,26073.183
27660,26324.182
27661,26357.18
27662,25600.181
27663,25196.183
27664,26022.186
27665,25877.183
27666,26890.181
27667,26420.187
27668,26636.181
27669,26808.186
27670,26218.191000000003
27671,26675.188000000002
27672,27547.186
27673,27142.195000000003
27674,27143.199000000004
27675,26770.197000000004
27676,26180.196000000004
27677,27032.194000000003
27678,27032.194000000003
27679,26469.192000000003
27680,26797.199
27681,26237.200000000004
27682,25299.198000000004
27683,24909.200000000004
27684,24897.199
27685,24831.202
27686,24871.201
27687,23526.200000000004
27688,23967.201
27689,23363.205
27690,22332.206000000002
27691,22957.203
27692,22940.205
27693,22863.202
27694,22863.2
27695,22883.2
27696,24510.193
27697,25672.193
27698,25058.194
27699,25456.189000000002
27700,25580.182
27701,26404.184
27702,27858.185
27703,28645.183
27704,28654.182
27705,29798.187
27706,29395.187
27707,30352.186999999998
27708,30357.19
27709,30311.192
27710,30838.185999999998
27711,28367.181999999997
27712,27013.184999999998
27713,26604.185999999998
27714,26723.178999999996
27715,26934.176999999996
27716,26995.178999999996
27717,25039.182999999997
27718,25953.19
27719,25982.193999999996
27720,25388.194999999996
27721,26413.19
27722,25843.187999999995
27723,25937.183999999997
27724,25275.185999999994
27725,25692.184999999998
27726,27424.182999999997
27727,28030.178999999996
27728,27801.179999999997
27729,28335.188
27730,27512.195999999996
27731,28858.201
27732,30057.201
27733,30618.204
27734,30721.215000000004
27735,31076.221
27736,29954.217
27737,30759.226000000002
27738,29996.229000000003
27739,30815.225000000002
27740,30618.236
27741,28591.237
27742,27482.246000000003
27743,26570.246000000003
27744,26464.254
27745,26031.255
27746,26023.256
27747,24655.258
27748,25265.255
27749,25279.257
27750,25134.254000000004
27751,26423.249000000003
27752,26057.254000000004
27753,26312.250000000004
27754,26413.257000000005
27755,27254.255
27756,28279.253000000004
27757,28678.259000000002
27758,27877.261000000002
27759,28097.255
27760,28497.252
27761,29081.257
27762,30371.264
27763,31192.269000000004
27764,30640.277000000002
27765,32072.274
27766,31317.273000000005
27767,31626.282000000003
27768,30633.283000000003
27769,30453.278000000002
27770,30382.270000000004
27771,29031.273000000005
27772,28678.273000000005
27773,28440.259000000002
27774,28091.255
27775,27271.259000000002
27776,27507.268000000004
27777,26046.261000000002
27778,27259.260000000002
27779,27458.263000000003
27780,26683.265000000003
27781,27977.265000000003
27782,28377.260000000002
27783,28460.260000000002
27784,29657.257
27785,30718.243000000002
27786,31060.246000000003
27787,31225.238
27788,30920.235
27789,30893.232
27790,30850.224000000002
27791,31061.224000000002
27792,32015.224000000002
27793,32372.218
27794,32133.212
27795,32650.212000000003
27796,31902.211
27797,32865.210999999996
27798,32667.211
27799,32038.207000000002
27800,31365.204
27801,29396.211000000003
27802,28913.219
27803,28840.206000000002
27804,29290.199
27805,28589.187
27806,28916.188000000002
27807,26611.185
27808,28078.189000000002
27809,28080.184
27810,28204.186
27811,29583.184
27812,29568.187
27813,29431.196000000004
27814,30515.192000000003
27815,30231.187
27816,30273.184
27817,30760.179000000004
27818,30361.175000000003
27819,29939.173000000003
27820,30337.170000000002
27821,30929.170000000002
27822,32130.162
27823,32710.156
27824,33250.155
27825,34182.145
27826,32616.143
27827,33759.143
27828,32957.138
27829,32498.133
27830,32736.124
27831,30962.121000000003
27832,30552.119000000002
27833,30550.112
27834,30513.11
27835,29341.107
27836,30687.107
27837,28928.107000000004
27838,29523.105000000003
27839,29031.111
27840,28954.104000000003
27841,30354.102000000003
27842,30803.096
27843,30329.099000000002
27844,30256.103000000003
27845,29798.107000000004
27846,29580.112000000005
27847,30678.113
27848,30980.105000000003
27849,30747.106000000003
27850,31023.099000000002
27851,31404.098
27852,32188.099000000002
27853,32959.1
27854,33333.099
27855,34628.102999999996
27856,33262.103
27857,34060.102999999996
27858,33408.105
27859,33656.101
27860,32819.105
27861,30851.104000000003
27862,29903.099000000002
27863,29957.092
27864,29755.089
27865,28572.093
27866,29548.097
27867,27631.092000000004
27868,28789.092000000004
27869,28206.090000000004
27870,28002.088000000003
27871,28983.087000000003
27872,30130.085000000003
27873,29889.086000000003
27874,30108.079
27875,30113.076000000005
27876,30356.078000000005
27877,31326.079000000005
27878,30691.084000000006
27879,30853.084000000006
27880,31190.085000000006
27881,31486.080000000005
27882,31913.074000000004
27883,32284.074000000004
27884,32413.073000000004
27885,33391.07000000001
27886,32223.068000000003
27887,32829.066000000006
27888,31889.062
27889,31955.063000000006
27890,31935.058
27891,30375.056
27892,29075.051000000007
27893,28857.054000000004
27894,29637.051000000007
27895,28645.054000000007
27896,30359.053000000004
27897,28739.051000000003
27898,29684.050000000003
27899,29060.051000000003
27900,29320.047000000002
27901,30290.050000000007
27902,31090.049000000003
27903,30550.050000000007
27904,30160.051000000003
27905,30725.050000000007
27906,30955.049000000003
27907,31285.051000000003
27908,31600.047000000006
27909,31730.052000000003
27910,31495.055000000004
27911,31990.058000000005
27912,32970.058000000005
27913,32985.061
27914,32405.060000000005
27915,33245.058000000005
27916,31930.053000000004
27917,32700.055000000004
27918,31760.062000000005
27919,31325.067000000006
27920,30535.069000000007
27921,28670.068000000007
27922,27335.067000000006
27923,27185.063000000006
27924,28335.063000000006
27925,27815.060000000005
27926,30245.057000000008
27927,28650.059000000005
27928,29830.059000000005
27929,28985.06200000001
27930,28990.061000000005
27931,30170.060000000005
27932,31350.058000000005
27933,31745.058000000005
27934,31965.058000000005
27935,32380.058000000005
27936,32020.057000000008
27937,32405.058000000008
27938,32415.056000000008
27939,32555.057000000008
27940,33200.05500000001
27941,33275.05600000001
27942,34060.05500000001
27943,34255.056000000004
27944,33315.05500000001
27945,33335.058000000005
27946,31170.06400000001
27947,31850.06000000001
27948,31890.058000000008
27949,31910.06000000001
27950,31730.057000000008
27951,30180.055000000008
27952,28785.057000000008
27953,28510.054000000007
27954,29260.055000000008
27955,28705.055000000008
27956,30155.053000000007
27957,29135.058000000008
27958,29725.05900000001
27959,29385.06000000001
27960,29355.06100000001
27961,30525.06100000001
27962,31180.058000000008
27963,30850.056000000008
27964,31440.055000000008
27965,32195.057000000008
27966,32015.054000000007
27967,31955.056000000008
27968,31730.057000000008
27969,31730.057000000004
27970,31585.058000000005
27971,31980.057000000008
27972,32585.058000000005
27973,33200.058000000005
27974,32590.058000000005
27975,32790.057
27976,31925.060000000005
27977,32740.059000000005
27978,33315.056000000004
27979,33525.058000000005
27980,33915.058000000005
27981,32420.055000000004
27982,30865.059000000005
27983,30860.060000000005
27984,31305.060000000005
27985,30590.057000000004
27986,32185.056000000004
27987,31295.054000000004
27988,31130.054000000004
27989,30340.058000000005
27990,29960.056000000004
27991,31090.059000000005
27992,31230.060000000005
27993,31070.060000000005
27994,31400.063000000006
27995,31840.063000000006
27996,31610.066000000006
27997,31390.068000000007
27998,31280.066000000006
27999,31475.066000000006
28000,32290.064000000006
28001,32425.066000000006
28002,33355.061
28003,33615.058000000005
28004,32865.057
28005,32855.054000000004
28006,31905.054000000007
28007,32685.054000000004
28008,32675.056000000004
28009,33035.056000000004
28010,32665.058000000005
28011,31080.058000000005
28012,30530.056000000004
28013,30340.055000000004
28014,30565.054000000004
28015,30130.058000000005
28016,31335.056000000004
28017,30975.056000000004
28018,30940.058000000005
28019,30320.063000000006
28020,29660.068000000007
28021,31650.065000000006
28022,31745.061000000005
28023,31565.065000000006
28024,31370.066000000006
28025,32075.066000000006
28026,32695.064000000006
28027,32475.064000000006
28028,32410.067000000006
28029,32225.065000000006
28030,32415.066000000006
28031,32415.066000000006
28032,33195.067
28033,33615.067
28034,32855.069
28035,32720.067000000006
28036,31760.063000000006
28037,32765.062000000005
28038,32515.064000000006
28039,33390.060000000005
28040,33595.058000000005
28041,31730.056000000004
28042,31005.055000000004
28043,30835.055000000004
28044,31185.058000000005
28045,31195.056000000004
28046,31785.055000000004
28047,31010.054000000004
28048,31000.056000000004
28049,30635.056000000004
28050,31080.055000000008
28051,32545.059000000005
28052,33130.05900000001
28053,32780.056000000004
28054,33005.05500000001
28055,34180.054000000004
28056,34585.056
28057,34345.057
28058,34280.060000000005
28059,33410.05900000001
28060,32850.05900000001
28061,32510.05900000001
28062,32140.060000000005
28063,33470.058000000005
28064,32715.058000000008
28065,32050.055000000004
28066,31195.055000000008
28067,32405.053000000007
28068,32065.053000000007
28069,32555.048000000006
28070,32495.050000000007
28071,30970.048000000006
28072,30580.049000000006
28073,30750.049000000006
28074,31565.048000000006
28075,31035.047000000006
28076,32040.047000000006
28077,31620.048000000006
28078,32250.045000000002
28079,32185.049000000006
28080,32465.047000000006
28081,33790.05
28082,34425.051
28083,33135.05200000001
28084,33460.05500000001
28085,34315.052
28086,34150.052
28087,33630.049000000006
28088,33990.05100000001
28089,33390.054000000004
28090,33070.05
28091,33070.05
28092,32455.053000000007
28093,33010.05700000001
28094,32485.056000000008
28095,33505.05200000001
28096,32885.05500000001
28097,33575.058000000005
28098,33315.06100000001
28099,33740.05900000001
28100,33410.058000000005
28101,31705.058000000008
28102,31565.05900000001
28103,31790.058000000008
28104,32155.058000000008
28105,31270.060000000005
28106,32090.056000000008
28107,32150.054000000007
28108,31760.054000000007
28109,31915.048000000006
28110,32940.045000000006
28111,34240.049000000006
28112,35020.049
28113,34080.049000000006
28114,35300.045
28115,35465.05
28116,35570.052
28117,34785.05300000001
28118,35355.052
28119,35550.052
28120,35685.054000000004
28121,36590.05
28122,35385.052
28123,34860.058000000005
28124,33315.060000000005
28125,33675.061
28126,33355.057
28127,33460.05500000001
28128,34335.051
28129,34505.051
28130,33645.057
28131,32260.061000000005
28132,32495.058000000008
28133,32725.056000000004
28134,32455.06100000001
28135,31085.062000000005
28136,31080.063000000006
28137,29990.071000000007
28138,29470.072000000007
28139,28915.071000000007
28140,29125.073000000008
28141,29765.071000000007
28142,30855.072000000007
28143,30205.075000000008
28144,30725.07800000001
28145,32610.07700000001
28146,33450.07000000001
28147,33120.06800000001
28148,33765.066000000006
28149,34405.06100000001
28150,34645.05700000001
28151,34845.056000000004
28152,34835.05500000001
28153,34675.058000000005
28154,33905.060000000005
28155,33320.06100000001
28156,33640.05600000001
28157,34450.05500000001
28158,35070.053
28159,35340.05200000001
28160,35173.05
28161,35203.046
28162,34868.045000000006
28163,34923.045000000006
28164,34963.042
28165,33818.04200000001
28166,33808.044
28167,33148.049000000006
28168,32523.052000000007
28169,31618.056000000008
28170,32638.053000000004
28171,33483.05
28172,33533.05
28173,32948.05
28174,33903.05
28175,34638.055
28176,34833.056000000004
28177,34638.056000000004
28178,34257.056000000004
28179,33962.062000000005
28180,33737.063
28181,33272.069
28182,32515.070000000007
28183,32645.073000000008
28184,32590.074000000008
28185,32750.067000000006
28186,31825.068000000007
28187,32590.066000000006
28188,33420.06800000001
28189,33970.07
28190,33445.06800000001
28191,32470.069000000007
28192,32660.065000000006
28193,32570.070000000007
28194,32159.071000000007
28195,31946.073000000008
28196,31971.074000000008
28197,31717.069000000007
28198,30967.068000000007
28199,30359.069000000007
28200,31144.068000000007
28201,32474.063000000006
28202,34294.060000000005
28203,33559.066
28204,33914.06800000001
28205,34504.067
28206,34531.069
28207,34556.071
28208,34528.074
28209,33873.079000000005
28210,33708.078
28211,33763.078
28212,33406.077000000005
28213,33571.079000000005
28214,33206.079000000005
28215,33491.076
28216,33331.074
28217,32841.079000000005
28218,34267.077000000005
28219,34462.07800000001
28220,34400.08000000001
28221,33221.081000000006
28222,32513.07800000001
28223,32699.079000000005
28224,32316.079000000005
28225,31531.08000000001
28226,32110.079000000005
28227,32885.076
28228,32270.079000000005
28229,32047.082000000006
28230,32787.08600000001
28231,34167.083000000006
28232,35168.083000000006
28233,35145.083000000006
28234,36575.081000000006
28235,36633.083000000006
28236,36399.084
28237,36399.08500000001
28238,36404.086
28239,36016.090000000004
28240,34901.090000000004
28241,35175.090000000004
28242,34490.097
28243,34430.101
28244,34054.103
28245,34286.10400000001
28246,33847.10900000001
28247,33534.113000000005
28248,34240.113000000005
28249,34178.119
28250,34429.117
28251,32937.117000000006
28252,33082.118
28253,32812.12100000001
28254,32247.126000000007
28255,31150.13000000001
28256,32410.13500000001
28257,32755.13200000001
28258,31710.136000000006
28259,31535.131000000005
28260,31475.137000000006
28261,33080.13900000001
28262,33284.14300000001
28263,33849.145000000004
28264,35488.145000000004
28265,36397.15
28266,36168.151000000005
28267,36587.15700000001
28268,36265.16700000001
28269,36385.16700000001
28270,36387.170000000006
28271,36277.168000000005
28272,35717.170000000006
28273,35949.170000000006
28274,35253.168
28275,35353.167
28276,34966.163
28277,34054.167
28278,34794.16900000001
28279,34381.172000000006
28280,34666.175
28281,33833.16900000001
28282,34259.17
28283,34210.173
28284,33630.174
28285,32897.17600000001
28286,33909.18400000001
28287,34364.185000000005
28288,34197.185000000005
28289,34018.187000000005
28290,33686.19
28291,35231.194
28292,35551.199
28293,35979.200000000004
28294,36868.202
28295,37342.202
28296,37289.195
28297,37480.193
28298,36869.189
28299,37839.186
28300,38106.185
28301,37877.185
28302,37239.19
28303,37219.193
28304,37036.194
28305,36387.202999999994
28306,35998.20599999999
28307,35354.208999999995
28308,35959.208999999995
28309,34667.223000000005
28310,35288.224
28311,33858.23
28312,34014.235
28313,34084.238000000005
28314,34128.237
28315,33350.24100000001
28316,34076.239
28317,34957.24
28318,35685.236
28319,35682.231
28320,34975.234
28321,36015.236
28322,37105.239
28323,37297.242
28324,38610.24499999999
28325,39065.24999999999
28326,39480.253
28327,39139.26099999999
28328,37634.263999999996
28329,38977.263999999996
28330,38882.269
28331,39120.272
28332,37980.276
28333,38659.278999999995
28334,37702.286
28335,37242.292
28336,37315.29600000001
28337,36389.29400000001
28338,37043.30000000001
28339,36907.30100000001
28340,37475.30300000001
28341,35979.30400000001
28342,35812.31100000001
28343,35684.31700000001
28344,35620.31800000001
28345,35214.32400000001
28346,35579.32400000001
28347,36372.33100000001
28348,36908.33000000001
28349,36190.326000000015
28350,35928.32700000001
28351,37262.32500000002
28352,38401.32200000001
28353,37612.32700000001
28354,38358.335000000014
28355,38826.33800000001
28356,38623.34100000001
28357,39032.34300000001
28358,38545.33700000001
28359,39031.33
28360,38499.32600000001
28361,38445.323000000004
28362,37746.32800000001
28363,38219.33100000001
28364,38360.33100000001
28365,39330.32700000002
28366,38885.32300000001
28367,37950.32900000001
28368,37385.335000000014
28369,38104.33000000001
28370,38551.33600000001
28371,37635.33300000001
28372,37876.33800000001
28373,37803.33800000001
28374,37374.33400000001
28375,36375.341000000015
28376,37056.35400000001
28377,37512.361000000004
28378,38164.36600000001
28379,37503.37100000001
28380,38046.37100000001
28381,39169.37300000001
28382,40199.366000000016
28383,39826.37200000001
28384,41203.37600000001
28385,42089.371000000014
28386,42590.37200000001
28387,43016.37300000001
28388,42062.378000000004
28389,41065.390000000014
28390,39979.39400000001
28391,40144.40100000001
28392,40178.40200000002
28393,40520.407000000014
28394,40148.40200000002
28395,40501.41200000001
28396,40051.41900000001
28397,39214.42200000001
28398,39147.42900000001
28399,39506.432000000015
28400,39571.437000000005
28401,37836.44200000001
28402,38112.44500000001
28403,38327.447000000015
28404,38315.45100000001
28405,37400.44800000001
28406,37025.454000000005
28407,38518.44500000001
28408,38799.448000000004
28409,38284.45500000001
28410,38506.45200000001
28411,40138.447000000015
28412,40110.45200000001
28413,40870.45000000002
28414,41644.44600000002
28415,42543.44600000001
28416,42499.45500000001
28417,42468.462000000014
28418,41631.466000000015
28419,41154.46000000002
28420,40886.468000000015
28421,41748.47100000003
28422,41221.48100000002
28423,40626.49200000002
28424,40439.49600000002
28425,40595.50000000002
28426,40809.499000000025
28427,40709.50000000002
28428,41360.50100000002
28429,41879.50600000002
28430,42447.51100000002
28431,40145.51600000001
28432,40928.51600000001
28433,40829.51600000002
28434,40820.515000000014
28435,40174.52000000002
28436,40016.52000000001
28437,40111.519000000015
28438,40068.52000000001
28439,39974.51500000002
28440,39447.52200000002
28441,40827.52300000001
28442,41039.52300000002
28443,41539.52900000002
28444,42477.53500000002
28445,43206.53600000002
28446,43666.54000000002
28447,43971.53500000002
28448,42810.544000000016
28449,42809.542000000016
28450,42552.54300000001
28451,43517.53700000001
28452,43094.53200000002
28453,42245.53500000002
28454,42593.53200000002
28455,42887.52600000002
28456,42450.534000000014
28457,42309.53800000002
28458,43334.54300000002
28459,43510.55700000002
28460,43701.56500000001
28461,42506.55800000002
28462,42348.56300000001
28463,41950.56700000001
28464,41541.57000000001
28465,40604.57200000001
28466,39947.581000000006
28467,40769.584
28468,42032.58900000002
28469,41203.59000000002
28470,40925.59300000002
28471,41045.604000000014
28472,42005.60500000002
28473,42773.606000000014
28474,43740.597000000016
28475,44021.597000000016
28476,44774.60000000001
28477,44444.59900000002
28478,43614.60000000001
28479,42909.61300000002
28480,42777.61800000001
28481,42709.62
28482,42712.614
28483,43473.60200000001
28484,44524.593000000015
28485,44588.59800000001
28486,44788.59000000001
28487,44026.60000000001
28488,44415.59800000002
28489,44515.61000000002
28490,45109.61600000002
28491,45066.60900000002
28492,44088.61000000003
28493,43137.60800000003
28494,43268.61000000003
28495,42883.60700000003
28496,41441.60600000003
28497,41198.60700000003
28498,41995.61300000003
28499,41449.618000000024
28500,40587.61400000003
28501,41100.60500000002
28502,41446.606000000014
28503,41498.60700000001
28504,42178.61300000002
28505,42629.609000000004
28506,43579.60900000001
28507,44721.60700000001
28508,43475.59900000002
28509,43958.60100000002
28510,43323.60200000002
28511,42516.61500000003
28512,42481.618000000024
28513,42291.62500000002
28514,43318.62400000002
28515,43377.633000000016
28516,43371.62900000001
28517,42266.62800000001
28518,42227.62400000001
28519,42763.62100000002
28520,44096.62400000001
28521,44752.62200000001
28522,43870.621000000014
28523,43539.61900000001
28524,42234.62300000001
28525,41472.62200000001
28526,40448.62000000001
28527,40567.62100000001
28528,41681.62900000001
28529,40261.62800000001
28530,40613.62900000001
28531,41239.62
28532,41840.611
28533,41597.60600000001
28534,41364.61400000002
28535,41305.61900000003
28536,42166.60600000002
28537,43136.60700000002
28538,42819.61000000001
28539,43118.60800000002
28540,42873.60800000002
28541,42381.616000000016
28542,42743.623000000014
28543,43254.62600000002
28544,43669.63000000002
28545,43904.63000000002
28546,44513.63800000002
28547,43633.63500000001
28548,42514.63900000001
28549,42623.647000000004
28550,42806.65400000001
28551,42022.659000000014
28552,41046.66000000001
28553,40346.66600000002
28554,40010.675000000025
28555,38697.675000000025
28556,37945.680000000015
28557,39021.66800000001
28558,39300.67400000001
28559,38216.67000000001
28560,38604.67100000001
28561,39329.67300000001
28562,40124.65900000001
28563,39915.64800000001
28564,39744.63500000001
28565,40082.634000000005
28566,40294.633000000016
28567,40987.62200000001
28568,41247.62500000001
28569,41310.62700000001
28570,40367.621000000014
28571,39532.62800000001
28572,38963.636000000006
28573,39200.635
28574,39949.629
28575,39700.62200000001
28576,39679.621
28577,38291.62500000001
28578,37373.627
28579,37127.638
28580,38386.63400000001
28581,37672.64
28582,37093.630000000005
28583,36986.619000000006
28584,36507.608
28585,36122.613
28586,35546.602000000006
28587,36200.602000000006
28588,36631.596000000005
28589,35752.596
28590,35695.594
28591,35636.599
28592,35703.605
28593,34666.61400000001
28594,34346.60700000001
28595,34125.59900000002
28596,33857.59000000002
28597,34476.585000000014
28598,34896.57700000001
28599,34505.57600000001
28600,33854.57100000002
28601,33330.57700000002
28602,33146.57700000002
28603,33883.57200000001
28604,34080.568000000014
28605,34794.57200000001
28606,35773.57200000001
28607,34429.56700000001
28608,33945.55800000001
28609,34761.56100000001
28610,35567.56900000001
28611,35050.56300000001
28612,34644.56100000001
28613,34173.556000000004
28614,34199.539000000004
28615,34095.53100000001
28616,33000.53900000002
28617,34240.53700000001
28618,34520.530000000006
28619,32756.534000000018
28620,33154.54700000002
28621,32893.557000000015
28622,32991.557000000015
28623,32055.54700000002
28624,32784.55000000002
28625,32500.552000000018
28626,32152.54700000002
28627,32455.553000000018
28628,33247.54700000002
28629,33208.54400000002
28630,31562.538000000022
28631,30917.545000000024
28632,30560.539000000022
28633,30818.53100000002
28634,29948.536000000022
28635,29858.531000000025
28636,30374.532000000017
28637,29615.532000000017
28638,29104.531000000025
28639,30014.53300000002
28640,31079.532000000017
28641,31612.52300000002
28642,31990.514000000017
28643,32062.50800000002
28644,31817.506000000016
28645,31854.503000000015
28646,31308.513000000017
28647,31863.512000000017
28648,31496.516000000018
28649,30284.527000000016
28650,30371.522000000015
28651,30019.523000000016
28652,30203.529000000017
28653,30738.525000000016
28654,31164.51800000002
28655,31645.511000000013
28656,31333.511000000013
28657,31608.502000000015
28658,32166.498000000014
28659,31026.49000000002
28660,30100.484000000015
28661,29756.475000000017
28662,29398.479000000018
28663,28819.481000000014
28664,28357.48400000001
28665,27509.482000000015
28666,27056.483000000015
28667,26817.48200000001
28668,24971.488000000016
28669,26478.480000000014
28670,27172.480000000014
28671,27776.477000000017
28672,26601.48300000002
28673,27131.475000000017
28674,27347.471000000012
28675,28109.462000000014
28676,28172.458000000017
28677,28769.451000000015
28678,28970.44700000002
28679,28478.436000000016
28680,28617.437000000016
28681,28300.436000000016
28682,29317.43100000002
28683,28835.43100000002
28684,29384.425000000017
28685,29462.428000000014
28686,29898.422000000013
28687,28758.425000000014
28688,28658.422000000013
28689,27086.42800000001
28690,25955.42000000001
28691,26303.41800000001
28692,24994.428000000007
28693,24587.428000000007
28694,24313.425000000007
28695,23214.430000000008
28696,22036.431000000008
28697,21820.429000000007
28698,21727.424000000006
28699,22251.42800000001
28700,23492.42000000001
28701,23767.41700000001
28702,22308.423000000013
28703,22601.42600000001
28704,23696.42900000001
28705,24046.42900000001
28706,24228.42800000001
28707,25209.42700000001
28708,26621.417000000012
28709,25583.420000000013
28710,25266.42400000001
28711,24964.42200000001
28712,26462.42200000001
28713,26553.42400000001
28714,26189.428000000007
28715,27036.433000000008
28716,27726.433000000008
28717,27650.435000000005
28718,26258.427000000007
28719,26310.41800000001
28720,24604.421000000006
28721,24191.417000000005
28722,23113.415000000005
28723,22853.419
28724,22312.412000000004
28725,22141.404000000002
28726,21081.411000000004
28727,20642.408
28728,21197.413
28729,21378.413
28730,22551.404000000002
28731,22744.408
28732,21855.408
28733,22015.407
28734,22275.4
28735,20357.403000000002
28736,19879.402000000002
28737,19496.409000000003
28738,20461.407000000003
28739,19329.407000000003
28740,19693.402000000002
28741,18917.405000000002
28742,20088.399999999998
28743,20660.399
28744,21532.399
28745,22539.398000000005
28746,22705.401000000005
28747,21925.403000000006
28748,20300.397000000008
28749,20432.400000000005
28750,19903.397000000008
28751,19444.398000000005
28752,18800.396000000008
28753,18078.405000000006
28754,17399.407000000007
28755,17539.407000000007
28756,17214.409
28757,18357.412000000004
28758,18873.412000000008
28759,19460.411000000004
28760,19463.406000000003
28761,19844.403000000006
28762,19242.400000000005
28763,18899.395000000004
28764,19194.392000000003
28765,18312.393000000004
28766,19111.38
28767,19506.369
28768,19760.361999999997
28769,18525.355999999996
28770,19143.342999999993
28771,18248.355999999996
28772,19087.352
28773,18355.36
28774,19036.357999999997
28775,18676.357
28776,18580.359
28777,16696.354
28778,15714.354999999998
28779,16048.353
28780,14490.356999999998
28781,14291.358000000002
28782,14192.367000000002
28783,13981.375000000004
28784,13227.384000000005
28785,13797.385000000006
28786,14034.395000000008
28787,14582.399000000009
28788,13859.40200000001
28789,15658.409000000012
28790,17559.41000000001
28791,15481.425000000014
28792,13822.447000000018
28793,12365.460000000017
28794,11630.463000000018
28795,10094.481000000016
28796,8381.503000000017
28797,6864.530000000019
28798,5233.563000000019
28799,1584.6079999999959
28800,1485.4259999999974
28801,3548.4150000000122
28802,5033.40600000002
28803,6551.399000000021
28804,6623.398000000022
28805,7288.401000000021
28806,8338.393000000022
28807,9448.389000000021
28808,10176.385000000022
28809,10936.383000000018
28810,13776.374000000018
28811,12566.365000000016
28812,12681.361000000014
28813,12044.358000000011
28814,12812.35600000001
28815,13152.350000000008
28816,12967.348000000007
28817,12858.346000000007
28818,12503.349000000006
28819,12096.342000000004
28820,10976.339000000002
28821,12376.344000000001
28822,12666.340000000002
28823,13801.330000000002
28824,14696.321000000002
28825,16226.309000000001
28826,16395.307999999997
28827,17055.305999999997
28828,17740.301999999996
28829,18885.295999999995
28830,18167.301999999996
28831,19127.302999999996
28832,19087.307999999997
28833,19532.308999999997
28834,18247.315
28835,18777.317
28836,19017.319
28837,19669.315
28838,20308.316
28839,20803.309999999998
28840,20978.306999999997
28841,20118.307
28842,19651.31
28843,20401.305
28844,20816.296
28845,18948.296
28846,18283.301
28847,17338.297000000002
28848,17628.298
28849,16563.295
28850,16603.298
28851,16888.300000000003
28852,16643.294
28853,15518.289
28854,15606.279
28855,16156.277000000002
28856,15621.282000000003
28857,16326.288000000006
28858,16201.278000000004
28859,16616.270000000004
28860,16108.270000000004
28861,16001.264000000003
28862,15536.261000000002
28863,15561.259000000002
28864,14601.263000000003
28865,15306.263000000003
28866,15896.253000000002
28867,16176.256000000003
28868,16216.248000000003
28869,17138.240000000005
28870,17453.241
28871,17233.233000000004
28872,18031.228000000003
28873,18196.231000000003
28874,18811.230000000003
28875,17021.225000000006
28876,17033.215000000004
28877,16654.208000000006
28878,17644.202000000005
28879,16469.200000000004
28880,16297.198000000004
28881,17312.192000000006
28882,17107.195000000003
28883,16762.193000000003
28884,17162.191000000003
28885,18344.188000000002
28886,18354.187
28887,18919.191000000003
28888,18549.190000000002
28889,19152.191000000003
28890,18549.194000000003
28891,17738.197000000004
28892,16973.196000000004
28893,16796.194000000003
28894,16824.191000000003
28895,16234.194000000003
28896,16429.194000000003
28897,16067.194000000003
28898,15672.196000000004
28899,16232.198000000002
28900,17817.197000000004
28901,18207.198000000004
28902,18367.201
28903,18357.205
28904,18549.208000000002
28905,18177.206000000002
28906,17787.208000000002
28907,17597.205
28908,18364.207000000002
28909,17589.207000000002
28910,17624.203
28911,18214.202
28912,18979.203
28913,19001.202
28914,18991.204
28915,19159.206000000002
28916,18394.203
28917,17822.202
28918,17632.201
28919,18997.199
28920,18002.203
28921,17617.202
28922,17602.205
28923,17402.206000000002
28924,17797.204
28925,17632.202
28926,17627.204
28927,18219.202000000005
28928,17674.196000000004
28929,17079.198000000004
28930,18044.196
28931,18604.201
28932,18824.197
28933,19419.194
28934,18829.196
28935,18632.196
28936,19012.197
28937,19607.195
28938,19969.198
28939,18409.198
28940,18619.197
28941,19024.194
28942,18834.195
28943,19234.193000000003
28944,19379.199
28945,20009.195000000003
28946,18652.197000000004
28947,17292.198000000004
28948,17677.198000000004
28949,18642.201000000005
28950,19417.201000000005
28951,18852.198000000004
28952,19457.196000000004
28953,19267.195000000003
28954,19877.193000000003
28955,19487.193000000003
28956,19512.192000000003
28957,19732.188000000002
28958,18734.189000000002
28959,18534.190000000002
28960,18354.187
28961,18924.189000000002
28962,18906.192000000003
28963,19091.193000000003
28964,19231.195000000003
28965,19276.191000000003
28966,18855.193000000003
28967,18873.193000000003
28968,19156.186
28969,18171.187
28970,19159.184
28971,19544.185
28972,18979.184
28973,19409.18
28974,19609.179
28975,19414.179
28976,19019.18
28977,18809.183
28978,19189.183
28979,20004.179
28980,21166.179
28981,20794.177
28982,21139.179
28983,20379.178
28984,20929.18
28985,21269.185
28986,22226.187
28987,23016.184
28988,22376.187
28989,21766.191000000003
28990,19581.196000000004
28991,20343.198000000004
28992,20933.197000000004
28993,21933.194000000003
28994,22136.193000000003
28995,20951.192000000003
28996,19381.195000000003
28997,18631.190000000002
28998,18821.190000000002
28999,18259.188000000002
29000,19254.187
29001,19634.186
29002,19254.183
29003,19654.178
29004,19264.178
29005,19441.179
29006,19421.178000000004
29007,19816.178
29008,20001.180000000004
29009,20781.181
29010,21966.179000000004
29011,21588.177000000003
29012,21788.179000000004
29013,22206.174000000003
29014,22219.173000000003
29015,21799.177
29016,22189.178000000004
29017,22194.179000000004
29018,21604.178000000004
29019,22197.178000000004
29020,21187.179000000004
29021,22357.174000000003
29022,23117.176000000003
29023,23112.176000000003
29024,23707.173000000003
29025,22732.171000000002
29026,22307.174000000003
29027,22077.176000000003
29028,23462.173000000003
29029,22302.170000000002
29030,23249.171000000002
29031,23077.167
29032,22327.167
29033,22317.167
29034,21722.165
29035,21897.165
29036,21882.166
29037,21882.164
29038,21497.165
29039,21482.167
29040,21847.173000000003
29041,21258.172000000002
29042,21260.175
29043,21050.181
29044,21440.18
29045,21825.181
29046,21885.177
29047,22482.177
29048,21532.178
29049,22141.183
29050,21759.182
29051,22972.178
29052,23559.177
29053,24133.177
29054,25320.177
29055,23396.18
29056,23201.181
29057,23047.182
29058,24427.179
29059,22859.18
29060,23475.175000000003
29061,23272.179
29062,22869.179000000004
29063,22329.176000000003
29064,21046.179000000004
29065,21798.179000000004
29066,21811.178000000004
29067,22015.178000000004
29068,22598.178000000004
29069,22621.178000000004
29070,23825.178000000004
29071,23473.176000000003
29072,24061.174000000003
29073,24441.174000000003
29074,24243.177000000003
29075,24217.180000000004
29076,23804.182
29077,24181.184
29078,22643.178000000004
29079,23415.177000000003
29080,22990.179000000004
29081,23975.182
29082,23784.182000000004
29083,24608.183000000005
29084,26440.179000000004
29085,24880.180000000004
29086,25265.181000000004
29087,24116.185000000005
29088,24712.183000000005
29089,23740.182000000004
29090,24135.184000000005
29091,24389.182000000004
29092,24200.183
29093,24633.177000000003
29094,23299.182000000004
29095,24457.184
29096,23918.185
29097,24534.184000000005
29098,24538.186
29099,24371.185
29100,25216.185
29101,25223.187
29102,25993.185
29103,26178.187
29104,26204.184
29105,25980.188000000002
29106,26574.185
29107,26101.191000000003
29108,25205.182
29109,26757.182
29110,26443.178
29111,26879.181
29112,26870.18
29113,27483.183
29114,29158.186999999998
29115,27788.193
29116,28364.194
29117,27543.198
29118,28128.199
29119,27303.203999999998
29120,27039.211
29121,27079.208
29122,26503.21
29123,26111.211
29124,24714.212
29125,25175.215
29126,24743.219
29127,25396.216
29128,25434.21
29129,25310.211000000003
29130,25574.209000000003
29131,25211.206000000002
29132,26016.203
29133,25814.208000000002
29134,25194.209
29135,25078.207000000002
29136,24786.202
29137,25189.199
29138,24027.202
29139,25631.2
29140,25676.198
29141,26358.196
29142,26389.194
29143,26914.197000000004
29144,27503.199
29145,27507.201
29146,28323.203
29147,27991.202
29148,29223.207000000002
29149,29054.206000000002
29150,29548.199
29151,29576.198
29152,29056.196
29153,28711.198
29154,27845.197000000004
29155,28308.193000000003
29156,27723.194
29157,27899.194000000003
29158,28211.185
29159,28011.187
29160,27759.192
29161,27986.189000000002
29162,28293.187
29163,28295.187
29164,26996.196
29165,26666.197
29166,26958.193000000003
29167,26770.194000000003
29168,25766.195000000003
29169,26650.198
29170,26097.199
29171,26536.201
29172,26392.204
29173,26625.201
29174,28377.205
29175,28562.207000000002
29176,28804.206000000002
29177,29018.204
29178,29384.214000000004
29179,29990.218
29180,29702.225000000002
29181,29532.225000000002
29182,29354.224000000002
29183,29356.218
29184,28810.217
29185,29030.216
29186,28282.215
29187,28709.219
29188,29097.226000000002
29189,28516.228000000003
29190,28307.233
29191,29036.237
29192,29153.230000000003
29193,28954.232000000004
29194,27792.233000000004
29195,27804.235
29196,27627.231000000003
29197,27675.227000000003
29198,26678.230000000003
29199,27844.236000000004
29200,27737.233000000004
29201,27939.232000000004
29202,27545.236000000004
29203,27067.241
29204,28628.242000000006
29205,28677.238000000005
29206,29353.240000000005
29207,29554.243000000002
29208,30313.246000000003
29209,30339.247000000003
29210,29995.251000000004
29211,29706.258
29212,30089.259000000002
29213,29702.258
29214,29058.259000000002
29215,29016.260000000002
29216,29012.257
29217,29846.253
29218,30079.249000000003
29219,29665.250000000004
29220,30347.257
29221,31102.253000000004
29222,30354.247000000003
29223,30582.258
29224,29951.250000000004
29225,29967.257000000005
29226,29812.254000000004
29227,28835.259000000005
29228,27599.263000000003
29229,28468.255000000005
29230,28483.254000000004
29231,27855.252000000004
29232,27653.244000000002
29233,27702.243000000002
29234,28795.237000000005
29235,28688.237000000005
29236,28902.229000000003
29237,28934.222000000005
29238,29713.235000000004
29239,30330.226000000002
29240,30314.217000000004
29241,30167.204000000005
29242,30910.202000000005
29243,30503.200000000004
29244,30439.208000000002
29245,30926.199000000004
29246,30670.199000000004
29247,30860.195000000003
29248,30698.186
29249,30883.186000000005
29250,31007.187000000005
29251,32129.184000000005
29252,32156.185000000005
29253,31976.182000000004
29254,31141.182000000004
29255,31186.174000000003
29256,31910.162000000004
29257,31074.162000000004
29258,29907.163000000004
29259,29398.157000000003
29260,29388.15
29261,27820.151
29262,27351.154000000002
29263,27556.156000000003
29264,29457.142000000003
29265,28988.146000000004
29266,30453.136000000002
29267,30804.133
29268,32212.129000000004
29269,31980.128000000004
29270,32319.127
29271,32606.129
29272,33347.128
29273,32379.128
29274,32216.128
29275,33030.125
29276,32016.125
29277,32006.127
29278,31467.125000000004
29279,31474.125000000004
29280,31887.121
29281,32051.122
29282,32221.122
29283,32802.122
29284,31808.122
29285,30847.12
29286,30637.118000000002
29287,29952.115000000005
29288,29370.112000000005
29289,28534.115
29290,28093.118
29291,26888.119
29292,26902.115
29293,27938.114
29294,28646.115
29295,28270.111
29296,28894.109
29297,29839.107000000004
29298,32168.107000000004
29299,32307.107
29300,32874.103
29301,33477.104
29302,33722.101
29303,31950.100000000006
29304,32185.094000000005
29305,33379.090000000004
29306,32993.091
29307,32577.092000000004
29308,31701.087000000003
29309,31556.087000000003
29310,31539.089000000004
29311,31589.086000000003
29312,31273.081000000002
29313,30646.083000000002
29314,30660.08
29315,30756.072000000004
29316,30563.073000000008
29317,28827.071000000007
29318,28044.073000000008
29319,27588.075000000008
29320,27956.077000000005
29321,27766.077000000005
29322,28036.080000000005
29323,28876.077000000005
29324,29362.082000000006
29325,29013.081000000006
29326,29400.081000000006
29327,29663.083000000006
29328,31205.078000000005
29329,31591.074000000004
29330,31034.071000000004
29331,31097.066000000003
29332,31366.061
29333,30695.064000000002
29334,31285.06
29335,31174.064000000002
29336,30424.062
29337,30759.064000000002
29338,30214.059000000005
29339,30762.060000000005
29340,31337.055000000004
29341,31280.055000000004
29342,31640.052000000003
29343,30885.052000000003
29344,30165.051000000003
29345,30820.048000000003
29346,31595.049000000003
29347,30755.051000000003
29348,30355.053
29349,29890.054
29350,31115.053
29351,31115.053
29352,30880.058
29353,31550.058000000005
29354,31575.058000000005
29355,30810.060000000005
29356,31175.061
29357,31485.059000000005
29358,33125.054000000004
29359,33180.053
29360,31785.054000000004
29361,31930.054000000004
29362,32120.056000000004
29363,31785.055000000004
29364,31585.056000000004
29365,31415.056000000004
29366,30825.057000000004
29367,30690.055000000004
29368,29745.054000000004
29369,30365.052000000003
29370,30840.051000000003
29371,30990.050000000003
29372,31015.050000000003
29373,30160.046000000006
29374,29405.047000000006
29375,29390.050000000007
29376,30180.048000000006
29377,29425.048000000006
29378,29260.047000000006
29379,29065.047000000002
29380,30405.048000000003
29381,30335.054000000004
29382,31150.052000000003
29383,31905.052000000003
29384,32315.054000000004
29385,31985.053000000004
29386,31765.054000000004
29387,32105.056000000004
29388,33010.060000000005
29389,32425.060000000005
29390,31490.057000000004
29391,31710.058000000005
29392,30945.060000000005
29393,30860.062000000005
29394,30860.064000000006
29395,31180.068000000007
29396,30475.064000000006
29397,30470.065000000006
29398,28800.063000000006
29399,29585.064000000006
29400,29750.065000000006
29401,29450.063000000006
29402,29875.061000000005
29403,29325.059000000005
29404,28930.060000000005
29405,29335.057000000004
29406,30500.058000000005
29407,29690.059000000005
29408,30035.063000000006
29409,30720.058000000005
29410,31285.057000000008
29411,31325.054000000004
29412,31905.055000000008
29413,33105.054000000004
29414,32860.055
29415,32340.053000000004
29416,32545.052000000003
29417,32660.049000000003
29418,33240.05
29419,32510.051000000003
29420,32545.050000000007
29421,33080.05100000001
29422,32095.053000000004
29423,32485.053000000004
29424,32450.055000000004
29425,32870.054000000004
29426,31815.052000000007
29427,32490.049000000003
29428,31420.045000000002
29429,31590.046000000006
29430,31775.048000000006
29431,31550.050000000007
29432,32730.048000000006
29433,31595.047000000006
29434,31425.047000000006
29435,31250.048000000003
29436,31835.048000000003
29437,31255.048000000003
29438,31870.047000000006
29439,32320.045000000002
29440,32355.043
29441,32585.041000000005
29442,33135.044
29443,34170.044
29444,34205.043
29445,33350.04
29446,33180.04000000001
29447,32525.044000000005
29448,33330.04400000001
29449,33675.043000000005
29450,33555.044
29451,33715.046
29452,32960.046
29453,32960.047
29454,33180.047000000006
29455,33400.047000000006
29456,32600.046000000006
29457,32390.050000000003
29458,30385.057000000008
29459,30610.056000000008
29460,31000.056000000008
29461,31035.057000000008
29462,31195.05900000001
29463,30385.06000000001
29464,29810.058000000005
29465,30400.057000000008
29466,31085.062000000005
29467,30785.060000000005
29468,31185.058000000005
29469,31035.05900000001
29470,30255.05900000001
29471,29895.05900000001
29472,30905.057000000008
29473,32275.057000000008
29474,32700.056000000008
29475,32095.055000000008
29476,32095.055000000008
29477,32165.051000000007
29478,33185.04800000001
29479,33170.05100000001
29480,33670.05
29481,33380.054000000004
29482,32995.05300000001
29483,32185.055000000008
29484,32570.056000000008
29485,33525.05500000001
29486,32355.056000000008
29487,32555.055000000008
29488,32015.052000000007
29489,32760.054000000007
29490,33405.052
29491,33370.05499999999
29492,33115.057
29493,32000.056000000008
29494,31095.053000000007
29495,31355.051000000003
29496,32360.050000000007
29497,32020.052000000007
29498,32820.056000000004
29499,32435.055000000008
29500,32015.057000000008
29501,31600.057000000008
29502,32145.06000000001
29503,33365.06100000001
29504,33780.061
29505,32800.058000000005
29506,32575.06000000001
29507,32185.06100000001
29508,32265.06000000001
29509,32170.055000000008
29510,32960.05300000001
29511,33770.052
29512,33155.05300000001
29513,32800.05100000001
29514,32535.055000000008
29515,34880.054
29516,34655.05499999999
29517,34575.057
29518,33235.05700000001
29519,33995.056000000004
29520,34185.059
29521,34420.057
29522,35435.054
29523,34655.055
29524,33610.05900000001
29525,32220.06400000001
29526,32275.06300000001
29527,32375.058000000008
29528,32960.05900000001
29529,32510.06100000001
29530,31575.058000000008
29531,30935.06300000001
29532,31520.06400000001
29533,32825.066000000006
29534,34030.064000000006
29535,32080.06400000001
29536,32335.06200000001
29537,32125.06500000001
29538,32635.06600000001
29539,32975.06700000001
29540,34200.066000000006
29541,34040.064000000006
29542,32990.069
29543,32400.07000000001
29544,32290.06800000001
29545,34400.07000000001
29546,34710.070999999996
29547,34675.073
29548,34370.069
29549,34505.073
29550,33965.075000000004
29551,33965.07600000001
29552,34120.079000000005
29553,33720.07600000001
29554,32715.07700000001
29555,31730.07900000001
29556,31200.07700000001
29557,30650.075000000008
29558,30960.07700000001
29559,30350.07700000001
29560,29115.075000000008
29561,29295.074000000008
29562,30095.07500000001
29563,31835.07400000001
29564,33020.071
29565,31610.069000000007
29566,32045.06800000001
29567,32495.06600000001
29568,32460.06800000001
29569,32395.070000000007
29570,33150.07400000001
29571,33995.07
29572,33560.064999999995
29573,32685.06000000001
29574,33305.058000000005
29575,36315.052
29576,36515.05100000001
29577,36705.052
29578,36330.049000000006
29579,36160.049000000006
29580,35800.048
29581,35285.048
29582,35255.048
29583,35445.049
29584,34410.05100000001
29585,33600.052
29586,33010.05300000001
29587,31675.052000000007
29588,32310.052000000007
29589,32210.048000000006
29590,31170.051000000007
29591,30745.053000000007
29592,31275.056000000008
29593,31905.06100000001
29594,31935.06000000001
29595,30430.05900000001
29596,30360.06300000001
29597,31156.06300000001
29598,31326.06400000001
29599,32001.06200000001
29600,32811.06100000001
29601,33956.06100000001
29602,34216.05800000001
29603,33376.05900000001
29604,33116.062000000005
29605,35231.063
29606,35216.066999999995
29607,35556.067
29608,34766.071
29609,34576.072
29610,34316.076
29611,33731.077000000005
29612,34123.077000000005
29613,34038.081000000006
29614,33478.082
29615,32498.08300000001
29616,31523.08300000001
29617,30588.08100000001
29618,30877.08100000001
29619,30907.08000000001
29620,29947.08200000001
29621,30567.08000000001
29622,30592.08000000001
29623,31992.07900000001
29624,32132.08000000001
29625,30837.07600000001
29626,31632.074000000008
29627,32277.073000000008
29628,32082.073000000008
29629,32512.070000000007
29630,32847.07200000001
29631,33180.069
29632,32196.069000000007
29633,31646.068000000007
29634,32006.070000000007
29635,33121.077000000005
29636,33486.077000000005
29637,34450.077000000005
29638,34160.081000000006
29639,34230.07800000001
29640,34880.075000000004
29641,33505.07800000001
29642,33925.07800000001
29643,33942.07600000001
29644,34392.07400000001
29645,33626.07400000001
29646,32616.07700000001
29647,31781.079000000005
29648,31411.081000000006
29649,31492.077000000005
29650,32082.07600000001
29651,32387.079000000005
29652,33186.077000000005
29653,34101.079000000005
29654,34386.077000000005
29655,33550.071
29656,33370.073000000004
29657,33414.071
29658,33384.07200000001
29659,32930.07200000001
29660,32721.073000000008
29661,33227.077000000005
29662,32087.07700000001
29663,31709.076000000005
29664,31434.079000000005
29665,33449.079000000005
29666,34023.079000000005
29667,35286.075
29668,35106.073
29669,35356.075999999994
29670,35396.073
29671,34985.075
29672,35045.073
29673,34977.068999999996
29674,35152.06999999999
29675,33554.075000000004
29676,32798.077000000005
29677,32318.082000000006
29678,32654.087000000003
29679,31820.09600000001
29680,31906.095000000005
29681,31691.097000000005
29682,33041.10100000001
29683,33976.10500000001
29684,34556.10900000001
29685,33362.114
29686,33609.115000000005
29687,33711.111000000004
29688,33670.113000000005
29689,34107.111
29690,34109.122
29691,34480.125
29692,33501.13200000001
29693,32703.135000000006
29694,31775.138000000006
29695,32809.14000000001
29696,33415.14200000001
29697,33996.149
29698,34237.15
29699,35291.149000000005
29700,35029.151000000005
29701,34964.15
29702,34418.151000000005
29703,34298.15
29704,35033.151000000005
29705,34319.146
29706,33256.15100000001
29707,32996.15800000001
29708,33298.164000000004
29709,31935.16700000001
29710,32042.173000000006
29711,32007.177000000007
29712,33212.17300000001
29713,34380.175
29714,35070.178
29715,34579.183999999994
29716,34309.185
29717,34051.185
29718,34141.187
29719,33537.19200000001
29720,33572.191000000006
29721,33556.191000000006
29722,32777.19500000001
29723,32157.198000000008
29724,31024.199000000004
29725,33831.198
29726,34884.193999999996
29727,35024.2
29728,34862.2
29729,35670.203
29730,35243.208
29731,35914.207
29732,34623.209
29733,34215.211
29734,35033.213
29735,34306.22000000001
29736,34112.21200000001
29737,34177.217000000004
29738,34208.217000000004
29739,33694.22200000001
29740,34488.219
29741,33856.221
29742,34760.222
29743,35819.226
29744,36797.225
29745,34574.225
29746,34453.229
29747,35371.226
29748,35242.228
29749,35237.232
29750,34585.234000000004
29751,34741.238
29752,35501.238
29753,35070.237
29754,34170.237
29755,36102.249
29756,36276.253000000004
29757,36001.26
29758,36081.265
29759,36522.267
29760,37070.26500000001
29761,36809.26900000001
29762,35773.272000000004
29763,35127.276000000005
29764,36170.27700000001
29765,36562.27100000001
29766,36335.267000000014
29767,35715.26500000001
29768,35904.26200000001
29769,36174.26200000001
29770,36881.26400000001
29771,36760.26600000001
29772,37011.261000000006
29773,38077.26200000001
29774,38257.26600000001
29775,36712.267000000014
29776,36701.27300000001
29777,37509.275000000016
29778,37598.284000000014
29779,37565.284000000014
29780,36733.28900000001
29781,37141.29700000001
29782,38097.29600000001
29783,37616.29300000001
29784,36075.29600000001
29785,37786.29800000002
29786,38515.303000000014
29787,39242.29900000001
29788,39421.301000000014
29789,38956.311000000016
29790,39506.31500000001
29791,39587.31500000001
29792,39503.31600000001
29793,38019.320000000014
29794,38640.31700000002
29795,38997.324000000015
29796,37909.32900000001
29797,36748.33200000002
29798,36708.335000000014
29799,36637.335000000014
29800,37843.330000000016
29801,37990.32300000001
29802,38458.32300000002
29803,39947.326000000015
29804,41420.324000000015
29805,39714.32300000002
29806,39535.32400000002
29807,39651.32700000001
29808,39483.32600000001
29809,39430.335000000014
29810,38762.33900000001
29811,38551.34600000001
29812,39192.345000000016
29813,39153.345000000016
29814,37397.345000000016
29815,38760.347000000016
29816,39610.341000000015
29817,40797.34200000002
29818,40530.34900000002
29819,40902.35600000002
29820,41625.35900000002
29821,41121.36300000002
29822,40271.373000000014
29823,39640.37400000001
29824,39836.37400000001
29825,40114.38400000001
29826,40106.38400000001
29827,38793.38600000001
29828,39896.39000000001
29829,39699.392000000014
29830,40552.38600000001
29831,40495.39500000002
29832,40346.40100000002
29833,41063.40600000002
29834,42273.40800000001
29835,41033.40800000001
29836,41127.41200000001
29837,41499.41000000002
29838,40892.408000000025
29839,40934.40700000002
29840,39840.412000000026
29841,39850.42200000002
29842,40648.42600000003
29843,40353.428000000014
29844,39202.428000000014
29845,39863.43700000002
29846,39432.43300000002
29847,40495.43800000002
29848,40149.43800000002
29849,40687.44400000002
29850,40695.453000000016
29851,40492.44900000002
29852,39576.45600000001
29853,38880.468000000015
29854,39021.470000000016
29855,39333.47100000001
29856,38996.47500000001
29857,38521.47900000002
29858,39101.485000000015
29859,40063.48400000001
29860,41198.48200000001
29861,41333.48200000002
29862,41565.48000000001
29863,42404.47500000001
29864,43879.48100000002
29865,42537.484000000026
29866,44363.48400000002
29867,44181.48800000002
29868,43701.500000000015
29869,43609.502000000015
29870,42917.51200000002
29871,43145.51200000002
29872,43976.52400000001
29873,44252.52100000002
29874,42561.52600000001
29875,43838.52200000002
29876,43160.52000000002
29877,42637.52400000002
29878,41965.53000000001
29879,41114.52800000002
29880,41480.53400000002
29881,41413.53900000001
29882,40883.542000000016
29883,41357.54000000002
29884,42210.53600000002
29885,42170.542000000016
29886,40967.55200000002
29887,40332.55300000002
29888,40834.56200000003
29889,41429.56800000002
29890,42292.561000000016
29891,42656.56400000001
29892,42554.574000000015
29893,42209.585000000014
29894,43436.58400000001
29895,41698.592000000004
29896,42833.59500000002
29897,42714.606000000014
29898,42541.60200000001
29899,42419.60200000002
29900,42330.602000000006
29901,41925.604000000014
29902,42538.60700000001
29903,42427.59900000001
29904,40842.60500000001
29905,42161.61100000002
29906,42999.60800000001
29907,42853.61200000001
29908,42208.61800000001
29909,41732.62000000002
29910,41636.620000000024
29911,41975.61700000002
29912,41113.61900000002
29913,40911.62500000001
29914,41014.630000000005
29915,41127.636999999995
29916,40339.634000000005
29917,39116.62400000001
29918,40310.62500000001
29919,39985.63000000001
29920,39459.636000000006
29921,40402.638000000006
29922,40020.64400000001
29923,42081.648
29924,43444.66
29925,41981.664000000004
29926,42314.668000000005
29927,44104.66300000001
29928,43346.672000000006
29929,42869.68200000001
29930,42751.67400000001
29931,42977.66600000001
29932,43195.663
29933,43466.656
29934,42269.655000000006
29935,43266.65400000002
29936,43906.65000000001
29937,43852.651000000005
29938,42498.653999999995
29939,42639.662
29940,41841.66000000001
29941,42266.66000000001
29942,42411.663000000015
29943,40714.66200000002
29944,41027.657000000014
29945,40968.659000000014
29946,40198.66000000002
29947,38836.66200000002
29948,39251.667000000016
29949,40149.657000000014
29950,40604.661000000015
29951,40497.661000000015
29952,40269.65300000002
29953,40910.64800000002
29954,41446.654000000024
29955,40566.66000000002
29956,40884.66000000002
29957,42132.65100000001
29958,42090.65300000001
29959,41368.659000000014
29960,41753.66000000001
29961,41735.65600000001
29962,42400.66000000001
29963,42112.65100000001
29964,42165.641000000025
29965,43494.642000000014
29966,43737.64900000002
29967,43374.662000000004
29968,43569.648000000016
29969,42687.658
29970,42046.651000000005
29971,42122.634000000005
29972,42010.63700000002
29973,41562.63600000002
29974,41771.64000000003
29975,42255.63000000002
29976,41263.62400000002
29977,40540.62000000002
29978,40395.62200000002
29979,41006.63400000001
29980,41097.63700000001
29981,41345.635
29982,40618.64000000001
29983,41636.63800000001
29984,42816.62400000002
29985,41931.62200000001
29986,42978.62400000002
29987,43315.627000000015
29988,43006.63200000002
29989,43688.62600000002
29990,44391.62100000001
29991,44071.619000000006
29992,44298.61900000001
29993,43532.625000000015
29994,43416.63300000002
29995,44028.629000000015
29996,44677.63100000002
29997,44885.624000000025
29998,45521.624000000025
29999,44132.62400000002
30000,43484.62400000003
30001,42730.626000000026
30002,42323.637000000024
30003,41313.64000000002
30004,40752.64200000002
30005,40312.642000000014
30006,39364.63700000002
30007,38238.63500000002
30008,38102.63200000001
30009,38702.63500000002
30010,38569.63800000001
30011,38521.63100000001
30012,38155.637
30013,39158.631000000016
30014,38676.629000000015
30015,37957.62000000002
30016,38611.62000000001
30017,39675.62200000001
30018,39094.61700000002
30019,39284.61700000001
30020,38400.62300000001
30021,37875.61800000002
30022,37995.61600000001
30023,38548.61800000001
30024,38891.61600000001
30025,39151.61300000001
30026,39999.60500000001
30027,39162.60200000001
30028,38498.59500000001
30029,38266.58800000001
30030,37597.60200000001
30031,37085.597000000016
30032,36830.60000000002
30033,35756.59000000002
30034,34953.59500000002
30035,35185.59200000002
30036,33567.58900000003
30037,32661.59400000003
30038,32849.590000000026
30039,32484.596000000027
30040,33111.57800000002
30041,34417.565000000024
30042,34262.56300000002
30043,34804.54900000001
30044,34372.555000000015
30045,33718.544000000016
30046,34430.54300000002
30047,36006.53900000002
30048,36133.54100000002
30049,35346.544000000016
30050,34614.54100000002
30051,33817.54300000001
30052,33937.540000000015
30053,34821.54800000001
30054,35206.54600000001
30055,35741.53700000001
30056,35852.55000000001
30057,34519.55
30058,34907.549
30059,35268.539000000004
30060,35080.544
30061,34570.53900000001
30062,34177.53900000001
30063,32856.53600000002
30064,32468.538000000022
30065,32500.541000000023
30066,31078.54200000002
30067,30887.540000000023
30068,30681.530000000024
30069,29853.536000000022
30070,30770.53500000002
30071,31517.53000000002
30072,31186.52500000002
30073,31282.51800000002
30074,31510.52200000002
30075,31653.51100000002
30076,31309.50900000002
30077,31661.50400000002
30078,31701.499000000018
30079,31668.494000000017
30080,30268.500000000022
30081,29902.49500000002
30082,30556.502000000022
30083,31281.49800000002
30084,31228.49800000002
30085,31487.49400000002
30086,32954.48900000002
30087,32490.49300000002
30088,32002.49800000002
30089,31368.51200000002
30090,31815.50600000002
30091,31173.50800000002
30092,31239.499000000018
30093,29977.50100000002
30094,29935.499000000018
30095,28907.49800000002
30096,27341.49700000002
30097,27833.49500000002
30098,28608.49500000002
30099,27840.49400000002
30100,28114.493000000017
30101,28754.503000000022
30102,27312.506000000016
30103,27766.499000000014
30104,27528.499000000014
30105,27522.506000000016
30106,27700.509000000016
30107,27347.50200000001
30108,27868.501000000015
30109,28220.493000000017
30110,27424.497000000018
30111,27196.494000000013
30112,27740.488000000012
30113,28014.489000000016
30114,29352.486000000015
30115,28815.480000000014
30116,29211.475000000013
30117,28730.472000000016
30118,27706.471000000012
30119,27969.471000000016
30120,28039.471000000012
30121,27636.46800000001
30122,27193.472000000016
30123,26090.464000000014
30124,25267.463000000014
30125,25139.46500000001
30126,23997.468000000015
30127,24427.460000000014
30128,24016.46700000001
30129,23606.453000000012
30130,24038.45100000001
30131,24858.45600000001
30132,23781.45800000001
30133,25349.46000000001
30134,25623.45300000001
30135,25679.45700000001
30136,25555.45700000001
30137,24868.45400000001
30138,25563.45300000001
30139,25932.448000000008
30140,25276.454000000012
30141,24438.451000000012
30142,24787.449000000015
30143,24834.444000000014
30144,25528.44700000001
30145,24800.454000000005
30146,24963.450000000008
30147,25035.45100000001
30148,23765.450000000008
30149,23323.45100000001
30150,23438.45000000001
30151,23445.44700000001
30152,23137.44900000001
30153,21960.44500000001
30154,21029.448000000008
30155,21150.43900000001
30156,20745.43000000001
30157,21444.437000000013
30158,21977.438000000013
30159,21743.439000000013
30160,21172.449000000015
30161,21621.451000000012
30162,21503.44300000001
30163,23417.441000000013
30164,23116.44300000001
30165,24034.42900000001
30166,24204.42500000001
30167,22835.41900000001
30168,23359.41600000001
30169,23409.421000000006
30170,23414.417000000005
30171,23230.415000000005
30172,22868.412000000004
30173,22356.410000000007
30174,22307.410000000007
30175,22839.409000000003
30176,22056.414000000004
30177,22244.414
30178,21325.410000000003
30179,21469.405000000002
30180,20702.409000000003
30181,20890.408000000003
30182,20821.404000000002
30183,19523.401000000005
30184,19231.403000000006
30185,18038.398000000005
30186,18145.402000000002
30187,19413.402000000002
30188,20570.4
30189,20531.397
30190,22067.393000000004
30191,21979.386
30192,22169.386000000002
30193,22980.381
30194,22904.382
30195,23311.378
30196,22468.391000000003
30197,21177.394
30198,21184.385000000002
30199,20839.391
30200,18473.388
30201,17823.389000000003
30202,17346.393000000004
30203,18585.391
30204,18635.381
30205,19418.379
30206,20160.369
30207,19645.37
30208,19284.362999999998
30209,19532.360999999997
30210,19773.346999999994
30211,19759.342999999993
30212,19315.351999999995
30213,17740.347999999998
30214,16898.348
30215,15843.357
30216,15740.36
30217,15460.363000000001
30218,16251.362000000001
30219,15168.374000000002
30220,15653.374000000002
30221,15526.378000000002
30222,15035.382000000003
30223,15337.384000000004
30224,15233.388000000006
30225,14474.397000000006
30226,14371.408000000007
30227,14237.416000000008
30228,14324.433000000008
30229,14435.439000000011
30230,13839.451000000012
30231,12879.459000000013
30232,11539.475000000013
30233,12144.487000000016
30234,10431.503000000017
30235,9954.51000000002
30236,7971.529000000021
30237,6893.541000000022
30238,4614.565000000017
30239,1532.6129999999966
30240,2483.442
30241,3860.4270000000147
30242,5300.422000000018
30243,7080.413000000016
30244,8188.407000000016
30245,9461.401000000016
30246,9676.403000000017
30247,10786.39800000002
30248,12034.391000000018
30249,13029.383000000018
30250,14289.380000000017
30251,13595.378000000015
30252,12956.367000000013
30253,11709.364000000012
30254,11749.354000000008
30255,11929.347000000009
30256,12353.349000000007
30257,11728.347000000007
30258,11781.347000000005
30259,11599.352000000004
30260,9304.355000000003
30261,11669.346000000003
30262,13094.341000000002
30263,15230.329
30264,16760.321
30265,16349.319000000001
30266,16732.312
30267,17945.308
30268,18700.306
30269,18115.304999999997
30270,20255.307999999997
30271,19500.307999999997
30272,20525.306999999997
30273,18580.315000000002
30274,18740.317
30275,19790.321
30276,20000.316
30277,20465.319
30278,20675.32
30279,20988.326
30280,20691.318
30281,20109.317
30282,18036.323
30283,18444.318
30284,17637.316000000003
30285,17597.313000000002
30286,17417.31
30287,15802.309000000003
30288,15882.302000000003
30289,15552.299000000005
30290,14392.296
30291,14887.297000000002
30292,15632.294000000002
30293,15264.295000000004
30294,15394.297000000002
30295,15554.294000000002
30296,15907.296000000002
30297,16275.289000000002
30298,15190.287000000004
30299,14062.287000000004
30300,14297.283000000005
30301,14262.281000000004
30302,14327.270000000004
30303,13827.270000000004
30304,15367.266000000005
30305,15157.265000000005
30306,15247.264000000005
30307,15720.261000000006
30308,16320.250000000005
30309,17645.244000000002
30310,17430.241
30311,16998.235000000004
30312,16928.237000000005
30313,17258.230000000007
30314,16425.228000000006
30315,16475.217000000004
30316,15870.213000000007
30317,15510.206000000006
30318,16665.203000000005
30319,16090.198000000006
30320,16450.196000000007
30321,15827.193000000007
30322,16627.192000000006
30323,16982.196000000007
30324,16415.196000000007
30325,16415.197000000007
30326,16233.196000000007
30327,16653.193000000007
30328,16658.194000000003
30329,16075.196000000005
30330,15702.194000000005
30331,15892.197000000006
30332,15297.200000000006
30333,14702.202000000007
30334,15482.201000000006
30335,15900.199000000006
30336,17065.202000000005
30337,17282.20100000001
30338,16097.204000000007
30339,17474.20200000001
30340,18034.206000000002
30341,18249.205
30342,18831.204
30343,18844.204
30344,18839.208000000002
30345,18269.206000000002
30346,17654.210000000003
30347,17111.206000000002
30348,18327.201
30349,18142.199
30350,18137.2
30351,18152.199
30352,18157.199
30353,18547.199
30354,18127.202000000005
30355,16937.204
30356,16697.208000000006
30357,17277.209000000003
30358,16487.211000000003
30359,15304.212000000003
30360,16289.211000000003
30361,16679.212000000003
30362,16109.209000000003
30363,15694.212000000003
30364,14912.215000000004
30365,16492.213000000003
30366,17477.211000000003
30367,17282.211000000003
30368,16289.213000000003
30369,17649.212000000003
30370,18234.212000000003
30371,17697.207000000002
30372,18287.206000000002
30373,18882.204
30374,19492.202
30375,17501.208000000002
30376,16724.209000000006
30377,17104.209000000003
30378,18862.208000000002
30379,18482.206000000002
30380,18464.208000000002
30381,18854.210000000003
30382,19654.208000000002
30383,19069.208000000002
30384,18849.209000000003
30385,17932.206000000006
30386,17172.205
30387,17162.207000000006
30388,15974.210000000005
30389,15619.205000000004
30390,16039.201000000003
30391,17422.198000000004
30392,16031.200000000003
30393,16031.200000000003
30394,17061.194000000003
30395,18651.192000000003
30396,19226.194000000003
30397,18791.198000000004
30398,18614.199000000004
30399,19407.198000000004
30400,19432.195000000003
30401,17877.194000000003
30402,18647.196000000004
30403,19812.198000000004
30404,19207.200000000004
30405,18852.197000000004
30406,18439.201000000005
30407,23787.193000000003
30408,25167.190000000002
30409,24977.190000000002
30410,25912.194000000003
30411,26884.193000000003
30412,26866.195000000003
30413,26291.193000000003
30414,25924.191000000003
30415,23979.190000000002
30416,23384.192000000003
30417,23387.194000000003
30418,22194.196000000004
30419,21599.197000000004
30420,21379.199000000004
30421,21779.199000000004
30422,21192.200000000004
30423,21362.201000000005
30424,21972.199000000004
30425,22367.198000000004
30426,23357.196
30427,23517.202
30428,24527.198
30429,25517.196
30430,25137.198
30431,25132.195
30432,25872.197
30433,27407.198
30434,27997.199
30435,28372.199
30436,27017.199
30437,27042.194
30438,26427.196
30439,26379.198
30440,27544.196000000004
30441,27727.195000000003
30442,27172.190000000002
30443,20099.191000000003
30444,19339.188000000002
30445,18149.188000000002
30446,17969.186
30447,17956.187
30448,17174.190000000006
30449,16584.190000000002
30450,16579.191000000006
30451,17164.192000000006
30452,17484.193000000003
30453,18641.194000000003
30454,18261.191000000003
30455,18638.189000000006
30456,18808.190000000002
30457,19231.188000000002
30458,19829.188000000002
30459,20627.187
30460,20477.184000000005
30461,19947.181000000004
30462,20697.184000000005
30463,21642.186000000005
30464,21792.190000000006
30465,20992.191000000006
30466,20407.190000000006
30467,20379.188000000006
30468,20604.184000000005
30469,20594.183
30470,21731.185
30471,21698.186
30472,21529.183
30473,21597.173000000003
30474,21762.175
30475,20592.174
30476,20582.175000000003
30477,19592.176000000003
30478,19162.176000000007
30479,19177.172000000006
30480,19369.170000000002
30481,20921.170000000002
30482,20713.170000000002
30483,21093.174000000003
30484,19920.180000000004
30485,19766.181000000004
30486,19606.181000000004
30487,21402.178000000004
30488,21962.178000000004
30489,22962.173000000003
30490,22573.170000000002
30491,21819.166
30492,22367.173000000003
30493,23732.174000000003
30494,23948.177000000003
30495,24935.177000000003
30496,24625.172000000002
30497,23246.176000000003
30498,22668.178000000004
30499,23220.182000000004
30500,24628.185000000005
30501,25054.182000000004
30502,24305.181000000004
30503,23507.187000000005
30504,23745.183000000005
30505,22750.187000000005
30506,23305.186000000005
30507,23296.192000000003
30508,22500.194000000003
30509,22089.198000000004
30510,22310.195000000003
30511,22114.195000000007
30512,22138.193000000007
30513,22898.196000000007
30514,22752.197000000007
30515,22743.199000000004
30516,22959.201000000005
30517,23149.206000000006
30518,23363.204000000005
30519,23571.204000000005
30520,23176.206000000006
30521,23125.209000000006
30522,24117.205
30523,24449.210000000003
30524,24673.210000000003
30525,25510.206000000002
30526,24796.206000000002
30527,24450.203
30528,24481.198
30529,25035.201
30530,26778.199
30531,27825.194
30532,26832.199
30533,26726.196
30534,26545.194
30535,25833.191
30536,25858.193
30537,27093.194
30538,26277.203
30539,25919.205
30540,25928.206000000002
30541,26408.205
30542,26583.207000000002
30543,27545.209000000003
30544,27372.207000000002
30545,26568.213000000003
30546,27016.206000000002
30547,26298.207000000002
30548,25814.204
30549,26417.203
30550,26065.2
30551,26073.195
30552,25865.198
30553,26235.199
30554,26437.198
30555,26687.195
30556,25463.203
30557,25224.207000000002
30558,25405.207000000002
30559,25824.207000000002
30560,26983.212000000003
30561,27427.208000000002
30562,27894.204
30563,28328.205
30564,28621.2
30565,28086.197
30566,28102.195
30567,28731.192
30568,27391.192
30569,26730.199
30570,27161.197
30571,28150.197
30572,28165.196
30573,29114.198
30574,28787.195000000003
30575,28064.191000000003
30576,28911.189000000002
30577,28013.190000000002
30578,28026.191000000003
30579,28075.185
30580,27307.186
30581,27347.183000000005
30582,27179.186
30583,27645.185000000005
30584,27823.191000000003
30585,28314.194000000003
30586,27328.191000000003
30587,26959.193000000003
30588,26606.193000000003
30589,27841.203
30590,28784.205000000005
30591,28642.206000000006
30592,28508.20200000001
30593,28573.198000000008
30594,28763.199000000008
30595,28240.197000000007
30596,28044.197000000007
30597,28821.199000000008
30598,28444.196000000004
30599,28075.196000000004
30600,27658.193
30601,28694.19
30602,28806.181
30603,29160.184000000005
30604,28416.182
30605,28203.180000000004
30606,28598.178000000004
30607,34173.172000000006
30608,33824.17
30609,34254.170000000006
30610,34094.172000000006
30611,33536.178
30612,33744.177
30613,33481.178
30614,33306.186
30615,34295.19
30616,33733.193
30617,34332.194
30618,35585.19500000001
30619,36560.197
30620,37580.197
30621,37339.205
30622,36187.202000000005
30623,36188.206000000006
30624,35986.209
30625,35180.213
30626,35390.213
30627,35850.21000000001
30628,34857.219
30629,35058.224
30630,35145.223
30631,36133.219
30632,35758.222
30633,35611.222
30634,34844.228
30635,35178.23400000001
30636,35324.240000000005
30637,35049.251000000004
30638,35581.244000000006
30639,35254.24800000001
30640,35043.254
30641,34045.264
30642,34291.262
30643,34141.26000000001
30644,34198.26000000001
30645,34980.257
30646,34095.264
30647,29074.266000000003
30648,29509.268000000004
30649,30397.277000000006
30650,30394.285000000003
30651,30958.283000000003
30652,30526.285000000003
30653,30549.289000000004
30654,29955.283000000003
30655,29398.285000000003
30656,29931.283000000003
30657,30115.282000000003
30658,29488.278000000002
30659,28912.276
30660,29017.270000000004
30661,30137.266000000003
30662,30177.274000000005
30663,30409.271000000004
30664,30449.268000000004
30665,31405.267000000003
30666,31292.271000000004
30667,30275.267000000003
30668,30893.267000000003
30669,31276.268000000004
30670,30310.264000000006
30671,30718.256000000005
30672,30782.258000000005
30673,29625.248000000003
30674,30571.255000000005
30675,31278.253000000004
30676,31589.256000000005
30677,31469.253000000004
30678,31097.244000000006
30679,31933.242000000006
30680,31670.247000000007
30681,31830.243000000006
30682,31041.239000000005
30683,30994.238000000005
30684,30577.231000000007
30685,29610.228000000006
30686,30161.226000000006
30687,30469.225000000006
30688,30261.222000000005
30689,29252.224000000006
30690,28910.228000000006
30691,29125.216000000004
30692,29059.214000000004
30693,30025.211000000003
30694,29611.214000000004
30695,30976.214000000004
30696,30163.217000000004
30697,29161.211000000003
30698,29451.205
30699,29337.207000000002
30700,28741.192000000003
30701,28730.185000000005
30702,29170.175000000003
30703,28736.172000000002
30704,29504.162000000004
30705,30463.161000000004
30706,31269.161000000004
30707,32184.157000000003
30708,32378.15
30709,33627.143
30710,33919.132
30711,33946.126000000004
30712,33596.119000000006
30713,33596.119000000006
30714,33501.123
30715,31756.122000000003
30716,32043.117000000002
30717,31746.113000000005
30718,30735.117000000006
30719,30119.115
30720,30667.118000000002
30721,30739.123000000003
30722,32100.121000000003
30723,32095.121000000003
30724,31710.118000000002
30725,32269.117000000002
30726,31308.113
30727,30542.113
30728,30888.115
30729,30746.115
30730,30035.119000000002
30731,29670.119000000002
30732,30008.122000000003
30733,30007.125000000004
30734,30811.119000000002
30735,31839.116
30736,32280.114
30737,32806.12
30738,32849.118
30739,32930.125
30740,32992.122
30741,32330.125
30742,30603.120000000003
30743,31128.119000000006
30744,30768.116000000005
30745,30030.113000000005
30746,29883.110000000004
30747,29459.11500000001
30748,28825.117000000006
30749,28781.107000000007
30750,28956.106000000007
30751,29341.104000000007
30752,30197.101000000006
30753,30055.093000000004
30754,30210.094000000005
30755,31429.091000000004
30756,31248.089000000007
30757,31223.088000000007
30758,31831.087000000007
30759,32272.082000000006
30760,31823.086000000007
30761,31957.080000000005
30762,32732.078000000005
30763,32850.082
30764,33512.075000000004
30765,33700.074
30766,33659.074
30767,33403.077000000005
30768,33284.077000000005
30769,33414.08
30770,32782.082
30771,32798.08
30772,30799.084000000006
30773,30578.085000000006
30774,30596.083000000006
30775,29886.079000000005
30776,30650.077000000005
30777,30540.075000000008
30778,29935.073000000008
30779,29770.068000000007
30780,30135.066000000006
30781,30305.066000000006
30782,32030.068000000007
30783,31270.070000000007
30784,29895.072000000007
30785,31655.070000000003
30786,31625.071000000007
30787,31800.070000000003
30788,32920.07
30789,33380.067
30790,33710.069
30791,32895.071
30792,33315.07
30793,33335.071
30794,33920.071
30795,34230.07
30796,35565.075999999994
30797,36120.077
30798,36545.075999999994
30799,36875.077999999994
30800,35645.083
30801,36555.077
30802,34665.076
30803,34475.075000000004
30804,34890.075000000004
30805,33725.07400000001
30806,34960.071
30807,34835.068
30808,34480.066
30809,33330.067
30810,34318.064000000006
30811,33915.067
30812,34965.067
30813,34430.067
30814,33900.066000000006
30815,34545.064
30816,33760.06500000001
30817,34120.066000000006
30818,34055.069
30819,34640.069
30820,35040.067
30821,34650.067
30822,35095.066
30823,35120.066999999995
30824,35155.065
30825,35775.063
30826,35565.062999999995
30827,34785.064999999995
30828,35400.066
30829,35565.069
30830,34655.066999999995
30831,40800.064999999995
30832,39035.067
30833,38675.066000000006
30834,39490.064000000006
30835,38875.065
30836,39495.063
30837,39100.065
30838,38335.06700000001
30839,37285.06700000001
30840,37930.06500000001
30841,37965.065
30842,38500.07100000001
30843,38605.07400000001
30844,37630.07500000001
30845,38245.07400000001
30846,38605.077000000005
30847,39030.075000000004
30848,38265.077000000005
30849,40425.07400000001
30850,34920.077
30851,35915.073
30852,36645.073
30853,36870.073
30854,37115.073
30855,37990.068999999996
30856,37270.067
30857,36680.06800000001
30858,37010.07
30859,37445.067
30860,36075.068
30861,36105.067
30862,34715.067
30863,34485.068999999996
30864,35275.067
30865,34500.066
30866,34670.066
30867,33975.064
30868,33905.06800000001
30869,32630.06600000001
30870,32825.066000000006
30871,32625.067000000006
30872,33430.06800000001
30873,33000.071
30874,31990.07400000001
30875,32735.07600000001
30876,32715.075000000008
30877,33360.073000000004
30878,33200.07200000001
30879,34435.07
30880,35250.071
30881,35275.071
30882,35950.06800000001
30883,35980.067
30884,35810.067
30885,37150.065
30886,37845.06300000001
30887,37625.06300000001
30888,37420.065
30889,37225.06599999999
30890,36080.066999999995
30891,36490.068999999996
30892,35405.068
30893,35440.06599999999
30894,35020.067
30895,34575.068
30896,34300.069
30897,34365.067
30898,33975.067
30899,33045.06800000001
30900,33530.064000000006
30901,33005.06300000001
30902,33985.062000000005
30903,34375.062000000005
30904,34405.062000000005
30905,35355.062000000005
30906,35350.063
30907,35780.060000000005
30908,35445.060000000005
30909,36365.061
30910,36925.061
30911,36190.062000000005
30912,36300.065
30913,36810.061
30914,42250.06300000001
30915,42895.062000000005
30916,43015.058999999994
30917,43040.058999999994
30918,43330.05499999999
30919,43100.057
30920,41515.057
30921,42475.05500000001
30922,42220.057
30923,41415.057
30924,41775.058000000005
30925,41000.057
30926,40970.058000000005
30927,41140.06
30928,41335.06
30929,40940.062000000005
30930,41385.06199999999
30931,41815.05900000001
30932,41775.062999999995
30933,41810.061
30934,41525.064
30935,42295.06599999999
30936,42685.066999999995
30937,41995.064
30938,42580.061
30939,42845.062000000005
30940,41145.066000000006
30941,40575.06700000001
30942,40350.068
30943,40985.068
30944,40785.069
30945,40545.073000000004
30946,40350.073000000004
30947,40540.07400000001
30948,40750.07100000001
30949,40625.06700000001
30950,38875.066000000006
30951,33340.06900000001
30952,32910.07200000001
30953,32270.073000000008
30954,32493.073000000008
30955,32163.07300000001
30956,32128.07500000001
30957,32290.07700000001
30958,32880.07600000001
30959,32880.07600000001
30960,33670.075000000004
30961,33830.079000000005
30962,34345.074
30963,34800.071
30964,34205.073000000004
30965,35615.068999999996
30966,35740.064999999995
30967,35830.064999999995
30968,35385.066999999995
30969,36040.062999999995
30970,36845.062999999995
30971,36290.062
30972,36705.064999999995
30973,37210.062
30974,37635.06
30975,37690.058999999994
30976,37915.058
30977,37880.05599999999
30978,37760.06199999999
30979,37340.064
30980,35685.059
30981,35690.058
30982,35050.059
30983,33700.06100000001
30984,34375.06300000001
30985,33190.06500000001
30986,33555.06500000001
30987,33260.07000000001
30988,33590.06700000001
30989,33335.06900000001
30990,33425.07500000001
30991,33475.07500000001
30992,34105.07200000001
30993,34145.07000000001
30994,33425.06800000001
30995,34800.066000000006
30996,34800.066000000006
30997,35020.066000000006
30998,34785.069
30999,35220.074
31000,35510.07
31001,37350.066999999995
31002,38790.066999999995
31003,39280.070999999996
31004,39665.07199999999
31005,40115.06999999999
31006,38975.068
31007,38680.064000000006
31008,38420.06700000001
31009,38408.06900000001
31010,37303.06600000001
31011,37328.066000000006
31012,36028.07200000001
31013,35443.07200000001
31014,36268.06800000001
31015,34928.06999999999
31016,36338.064999999995
31017,36368.064
31018,36513.064
31019,35168.068999999996
31020,36403.066
31021,36808.064
31022,36628.066
31023,36003.068999999996
31024,34873.069
31025,35238.069
31026,36155.071
31027,36070.069
31028,36535.064
31029,36765.062
31030,37365.059
31031,37230.05599999999
31032,38075.059
31033,38590.062
31034,38395.062999999995
31035,38365.064999999995
31036,36995.066
31037,36205.068999999996
31038,36275.064999999995
31039,36865.064999999995
31040,35605.068999999996
31041,35600.070999999996
31042,34985.07399999999
31043,34400.07399999999
31044,35355.072
31045,35190.072
31046,35475.075
31047,35085.076
31048,35055.078
31049,34625.079000000005
31050,34820.08
31051,34650.08
31052,34950.083000000006
31053,35219.08200000001
31054,34816.08200000001
31055,35146.084
31056,36280.083000000006
31057,36190.087999999996
31058,36055.095
31059,36745.089
31060,36925.092
31061,37090.094000000005
31062,37615.098000000005
31063,38290.096
31064,38761.093
31065,38821.094000000005
31066,38025.096000000005
31067,38035.094000000005
31068,38318.092000000004
31069,39038.094000000005
31070,38093.093
31071,38044.088
31072,37489.088
31073,36884.08700000001
31074,36814.09100000001
31075,36429.091
31076,35974.097
31077,36266.095
31078,35484.095
31079,35161.09300000001
31080,35551.09300000001
31081,35755.09300000001
31082,36535.094000000005
31083,37175.09300000001
31084,35550.096
31085,35965.096
31086,36872.095
31087,36087.096000000005
31088,36117.095
31089,36117.098000000005
31090,36732.09700000001
31091,36552.100000000006
31092,36742.101
31093,36962.102000000006
31094,37932.104
31095,37717.103
31096,36862.108
31097,36942.108
31098,37367.106
31099,38269.106
31100,37487.104999999996
31101,37347.104999999996
31102,36764.104999999996
31103,35796.10400000001
31104,35466.102000000006
31105,34870.101
31106,34851.099
31107,34961.10100000001
31108,34321.10300000001
31109,33801.10100000001
31110,33606.10100000001
31111,34639.09900000001
31112,34801.10300000001
31113,36456.09900000001
31114,35868.102000000006
31115,36598.104000000014
31116,37708.10900000001
31117,37258.11100000001
31118,37729.11100000001
31119,37399.11
31120,37959.113000000005
31121,37734.11600000001
31122,37617.11600000001
31123,37797.118
31124,39131.113000000005
31125,39763.111
31126,39258.11200000001
31127,39040.114
31128,39690.11200000001
31129,40489.113000000005
31130,39769.113000000005
31131,39126.12
31132,39341.121
31133,37836.12100000001
31134,37016.128000000004
31135,35791.12900000001
31136,35273.13300000001
31137,35677.133
31138,34864.13900000001
31139,34909.14000000001
31140,34769.14400000001
31141,35879.14600000001
31142,36140.147000000004
31143,37438.151000000005
31144,36998.155000000006
31145,38015.15200000001
31146,39155.158
31147,39145.15700000001
31148,39201.158
31149,39431.162000000004
31150,39951.162000000004
31151,39563.165
31152,39414.168
31153,39974.166
31154,41614.166999999994
31155,41559.166
31156,40326.17199999999
31157,38165.17299999999
31158,38396.17299999999
31159,38756.17999999999
31160,37813.18399999999
31161,37223.189999999995
31162,36653.193999999996
31163,35401.196
31164,34871.19900000001
31165,33763.20100000001
31166,33492.202000000005
31167,33473.19500000001
31168,32729.194000000007
31169,32216.196000000007
31170,32596.199000000008
31171,33635.198000000004
31172,34362.20200000001
31173,35590.20100000001
31174,34590.20200000001
31175,34901.208000000006
31176,36539.21
31177,36613.213
31178,37886.21399999999
31179,37579.212999999996
31180,38612.210999999996
31181,38363.206
31182,38645.206
31183,39130.204999999994
31184,40572.200999999994
31185,41047.2
31186,38875.206999999995
31187,39075.21
31188,39810.210999999996
31189,40438.21199999999
31190,39829.21799999999
31191,39998.219999999994
31192,39785.219999999994
31193,37108.219999999994
31194,36946.22599999999
31195,37026.22299999999
31196,36815.22899999999
31197,36421.22999999999
31198,34850.23199999999
31199,34713.23399999999
31200,34513.22899999999
31201,35258.234
31202,36143.238
31203,36813.24799999999
31204,35429.253
31205,35637.255999999994
31206,37770.255
31207,37024.25699999999
31208,36901.261999999995
31209,36172.267
31210,36252.267
31211,35262.277
31212,35732.27900000001
31213,37170.28200000001
31214,37949.284
31215,37958.286
31216,36299.292
31217,36499.293000000005
31218,37471.288
31219,38381.29000000001
31220,37617.29400000001
31221,38337.29200000001
31222,36948.29500000001
31223,35796.29800000001
31224,35994.299000000006
31225,36089.297000000006
31226,36364.295000000006
31227,36614.295000000006
31228,36218.29800000001
31229,35785.30000000001
31230,35422.303000000014
31231,36323.301000000014
31232,37875.297000000006
31233,38356.30500000001
31234,37347.30700000001
31235,38200.30700000001
31236,39850.30600000001
31237,39143.31200000001
31238,45792.31100000001
31239,45799.312000000005
31240,46137.31800000001
31241,45153.32000000001
31242,46333.31900000001
31243,46902.31900000001
31244,47367.31500000001
31245,47096.31300000001
31246,45777.32200000001
31247,45638.331999999995
31248,44681.339
31249,45560.340000000004
31250,44424.344000000005
31251,44492.35
31252,44594.349
31253,43478.34900000001
31254,44220.352000000006
31255,44509.355
31256,44405.356
31257,44275.36
31258,43223.361000000004
31259,42879.37100000001
31260,43359.378000000004
31261,44395.382000000005
31262,39525.38200000001
31263,40169.39300000001
31264,38996.39500000001
31265,39572.394000000015
31266,41634.39400000001
31267,41293.39400000001
31268,42967.392000000014
31269,42957.396000000015
31270,42863.400000000016
31271,41786.40100000001
31272,42306.41000000001
31273,42324.41100000002
31274,41970.41900000001
31275,41501.42100000001
31276,40408.42900000001
31277,39994.43100000001
31278,40808.43600000001
31279,41393.43800000001
31280,39978.44800000002
31281,40430.45600000001
31282,40218.46400000001
31283,39211.46300000001
31284,40859.46100000001
31285,40882.46700000001
31286,40774.468000000015
31287,40606.465000000004
31288,38895.47000000001
31289,38730.47400000001
31290,39377.47800000001
31291,39380.481000000014
31292,40657.48500000001
31293,43114.48000000001
31294,42941.47200000001
31295,42637.479000000014
31296,43335.47600000001
31297,43080.483000000015
31298,44005.47900000001
31299,43566.47600000001
31300,43993.47900000001
31301,43192.47900000001
31302,42477.48700000001
31303,43077.488000000005
31304,43207.48800000002
31305,42671.49200000002
31306,41687.49600000002
31307,41544.49300000001
31308,42796.49000000001
31309,44449.49
31310,43908.490999999995
31311,45568.488000000005
31312,45271.49800000001
31313,43287.501000000004
31314,44147.50500000001
31315,44496.501000000004
31316,44245.50800000001
31317,44357.506000000016
31318,42427.510000000024
31319,42271.51100000001
31320,42829.514000000025
31321,42833.525000000016
31322,43969.52500000002
31323,45717.53300000001
31324,44936.53100000002
31325,45754.52700000002
31326,46111.53600000002
31327,46021.53600000003
31328,46606.533000000025
31329,46364.531000000025
31330,46433.53700000002
31331,44235.54100000002
31332,43263.546000000024
31333,42903.55100000002
31334,42821.54700000002
31335,42218.55400000001
31336,41785.54900000002
31337,41704.55600000001
31338,42586.563000000024
31339,43656.559000000016
31340,42582.56100000002
31341,44940.56500000003
31342,44781.573000000026
31343,42956.56200000003
31344,43634.57000000002
31345,43424.57300000002
31346,44057.569000000025
31347,43569.580000000016
31348,42664.58500000002
31349,41858.58900000002
31350,42228.58300000002
31351,42106.59000000002
31352,43315.59700000002
31353,46084.60400000002
31354,45253.61300000001
31355,45609.62100000002
31356,45798.61900000002
31357,45973.62000000002
31358,46054.61600000002
31359,45677.60800000003
31360,45699.610000000015
31361,43929.60100000002
31362,43418.60200000002
31363,43404.60500000001
31364,42823.610000000015
31365,43522.596000000005
31366,42562.609000000004
31367,41593.611000000004
31368,43501.611000000004
31369,43865.62500000001
31370,42802.63200000001
31371,45814.625000000015
31372,45876.61700000002
31373,43041.61500000003
31374,43342.61800000002
31375,43643.61900000002
31376,44670.61100000002
31377,44243.609000000026
31378,43078.616000000016
31379,42507.620000000024
31380,42886.62400000002
31381,42596.627000000015
31382,43414.63000000002
31383,44913.63200000001
31384,44414.64100000001
31385,44390.63400000001
31386,45401.628000000004
31387,45348.62700000002
31388,45312.620000000024
31389,43977.63200000002
31390,44577.62700000002
31391,42629.63100000002
31392,41887.63000000001
31393,42312.63700000002
31394,42628.63400000002
31395,42728.62800000001
31396,41369.63000000001
31397,40927.633000000016
31398,43159.628000000004
31399,41664.63700000001
31400,40839.64000000001
31401,42613.646000000015
31402,42823.65700000001
31403,40960.66000000001
31404,41876.65400000001
31405,41823.659000000014
31406,42088.64900000001
31407,42205.650000000016
31408,41626.63900000002
31409,41363.64100000001
31410,41776.63900000002
31411,41392.63200000001
31412,42318.62300000002
31413,43307.63200000002
31414,42751.63700000002
31415,42834.63800000002
31416,43806.63600000001
31417,43511.638000000006
31418,43564.62700000001
31419,43157.62600000001
31420,43308.62000000001
31421,41914.61800000001
31422,41682.62000000002
31423,41101.63400000001
31424,40862.63000000002
31425,40198.63800000001
31426,40298.62700000002
31427,39571.62300000002
31428,40556.629000000015
31429,40952.63000000001
31430,40789.63300000001
31431,42092.631000000016
31432,43217.623000000014
31433,42073.61900000002
31434,42951.61500000001
31435,42224.62500000002
31436,42830.62500000002
31437,42451.62600000002
31438,40010.62300000003
31439,39976.62400000002
31440,39726.63200000002
31441,40293.61900000002
31442,40585.62800000002
31443,42041.62600000002
31444,41875.63000000002
31445,41718.63100000003
31446,41207.63100000002
31447,41906.63100000002
31448,41795.63000000002
31449,41591.62200000002
31450,41619.62400000002
31451,39813.62400000002
31452,37987.623000000014
31453,37926.62400000002
31454,37616.625000000015
31455,37336.61300000002
31456,37237.608000000015
31457,36358.60500000001
31458,36902.60500000001
31459,37052.59900000002
31460,36326.595000000016
31461,38204.60500000001
31462,38368.614000000016
31463,37265.62000000002
31464,37283.61700000002
31465,37206.60800000002
31466,37508.61000000002
31467,37419.60800000002
31468,36811.60200000002
31469,36937.595000000016
31470,37011.59900000001
31471,36645.58800000001
31472,37730.58400000001
31473,37929.58000000001
31474,37978.57500000001
31475,38269.58200000002
31476,38329.58300000001
31477,38627.574000000015
31478,38266.57300000001
31479,37592.56200000001
31480,37155.57200000001
31481,36047.56200000001
31482,34640.56000000001
31483,35099.55100000001
31484,35385.55900000001
31485,34570.55900000001
31486,34059.562000000005
31487,33587.56200000001
31488,34356.55600000001
31489,35055.56000000001
31490,34796.56800000001
31491,35626.56100000001
31492,36037.559
31493,35640.566000000006
31494,35354.56500000001
31495,34658.566000000006
31496,34671.56300000001
31497,34739.553
31498,34189.564
31499,34233.560000000005
31500,34020.55900000001
31501,33561.562000000005
31502,34682.56
31503,34189.557
31504,33278.55400000002
31505,33340.557000000015
31506,33270.55200000001
31507,33427.54000000001
31508,32562.544000000013
31509,32445.530000000013
31510,32367.518000000015
31511,31756.521000000015
31512,31436.518000000015
31513,32096.515000000018
31514,32397.50600000002
31515,32240.50000000002
31516,32074.50600000002
31517,31309.50700000002
31518,32083.51000000002
31519,32117.514000000017
31520,31997.51000000002
31521,32573.51100000002
31522,32416.50100000002
31523,32286.50400000002
31524,32739.48600000002
31525,31845.479000000018
31526,32323.487000000016
31527,32497.487000000016
31528,32002.50000000001
31529,31228.502000000015
31530,31425.502000000015
31531,31275.494000000013
31532,32599.494000000013
31533,32223.506000000016
31534,30935.504000000015
31535,32315.509000000013
31536,31850.503000000015
31537,32024.504000000015
31538,31801.491000000016
31539,32306.490000000016
31540,32186.492000000013
31541,30955.493000000013
31542,31167.475000000013
31543,31107.471000000012
31544,32068.469000000012
31545,31202.466000000015
31546,31126.462000000014
31547,29109.460000000014
31548,28890.457000000017
31549,29369.450000000015
31550,29176.459000000017
31551,30201.455000000016
31552,29207.462000000018
31553,28690.471000000016
31554,28602.476000000017
31555,27507.484000000015
31556,26835.481000000014
31557,26799.492000000017
31558,27449.480000000018
31559,26678.484000000015
31560,27237.479000000014
31561,26402.477000000014
31562,27690.473000000016
31563,28132.475000000017
31564,27313.473000000016
31565,28720.466000000015
31566,29147.459000000013
31567,29428.462000000014
31568,29156.469000000012
31569,28367.462000000014
31570,27535.458000000013
31571,27449.453000000012
31572,27557.44400000001
31573,27543.44700000001
31574,26902.44600000001
31575,26591.45300000001
31576,26727.458000000006
31577,25547.45300000001
31578,24880.45400000001
31579,26494.45100000001
31580,25601.44200000001
31581,25439.441000000006
31582,23934.446000000007
31583,23728.441000000006
31584,24618.441000000006
31585,22919.444000000003
31586,22731.442000000006
31587,22483.443000000003
31588,22519.436000000005
31589,21781.432000000008
31590,23269.42300000001
31591,23940.42100000001
31592,25715.415000000008
31593,25445.415000000005
31594,24774.415000000008
31595,25501.413000000004
31596,24832.414000000004
31597,25108.413000000004
31598,24493.409000000007
31599,24590.405000000006
31600,24654.398000000005
31601,24164.401000000005
31602,24404.405000000006
31603,24033.410000000007
31604,23519.412000000004
31605,23979.408000000007
31606,24488.407000000003
31607,22458.410000000003
31608,22743.415
31609,23228.413
31610,22133.413000000004
31611,21574.412000000004
31612,20217.408000000003
31613,20110.412
31614,20319.417
31615,19256.423000000003
31616,18581.421000000002
31617,18503.420000000002
31618,18224.425000000003
31619,19351.422000000002
31620,19839.424000000003
31621,20331.426000000003
31622,21319.424000000003
31623,21242.421000000002
31624,20703.415000000005
31625,20760.423000000003
31626,20287.420000000006
31627,20831.412000000004
31628,20616.409000000003
31629,19023.409
31630,19147.411
31631,18631.413
31632,18798.413
31633,18185.411
31634,18234.404000000002
31635,24373.403
31636,25137.397999999997
31637,25093.397
31638,24770.392
31639,25755.381999999998
31640,25650.388
31641,24945.39
31642,24859.386
31643,23997.384
31644,23441.380999999998
31645,22459.379
31646,22242.378
31647,22713.371
31648,23360.368
31649,23767.356
31650,23774.346999999998
31651,24071.349999999995
31652,18903.351999999995
31653,19269.356999999996
31654,19498.351999999995
31655,19153.348999999995
31656,17654.35
31657,16312.354
31658,15139.354000000003
31659,13692.359000000002
31660,13948.358000000004
31661,14605.364000000003
31662,13455.363000000005
31663,13356.369000000004
31664,12605.372000000005
31665,13087.378000000006
31666,12933.384000000005
31667,13399.390000000007
31668,12468.40600000001
31669,15253.408000000012
31670,15806.424000000015
31671,14499.434000000016
31672,13570.451000000017
31673,12348.458000000019
31674,11575.47000000002
31675,9839.48200000002
31676,8681.49800000002
31677,7226.514000000023
31678,5753.538000000026
31679,1288.589999999996
31680,2065.434999999997
31681,3546.4320000000043
31682,5134.424000000018
31683,6232.423000000022
31684,8124.413000000021
31685,9304.405000000019
31686,10929.396000000019
31687,12188.39300000002
31688,13268.39200000002
31689,13913.395000000019
31690,16313.388000000015
31691,16013.384000000015
31692,15293.381000000014
31693,14622.381000000012
31694,13174.382000000016
31695,12737.379000000014
31696,11560.37200000001
31697,10865.370000000012
31698,11046.36700000001
31699,11846.363000000008
31700,9526.364000000005
31701,9663.360000000002
31702,11663.351000000002
31703,12293.347000000002
31704,13713.341000000002
31705,15555.327000000001
31706,17660.318
31707,17918.313000000002
31708,18576.309999999998
31709,17601.307
31710,18006.308999999997
31711,18781.306999999997
31712,18026.307999999997
31713,18631.307999999997
31714,18766.305
31715,17769.311
31716,17659.311
31717,18744.31
31718,18859.317
31719,19771.313
31720,20206.307999999997
31721,19869.313
31722,18879.311
31723,17971.31
31724,17531.309
31725,17416.309
31726,17154.299000000003
31727,16134.298000000003
31728,16062.286000000002
31729,17152.287000000004
31730,17584.279000000002
31731,17124.276
31732,17736.266
31733,16679.272
31734,16786.270000000004
31735,16731.270000000004
31736,16436.276000000005
31737,17004.273000000005
31738,17591.266000000007
31739,16679.25600000001
31740,16409.258000000005
31741,17067.255000000005
31742,16817.249000000007
31743,18174.245000000003
31744,17659.241000000005
31745,16919.248000000007
31746,16141.247000000008
31747,16159.243000000008
31748,15709.245000000006
31749,16331.236000000004
31750,16714.232000000004
31751,16414.230000000007
31752,15571.235000000008
31753,14591.232000000009
31754,15789.220000000007
31755,15389.218000000008
31756,15984.214000000007
31757,15381.213000000007
31758,15391.207000000008
31759,16741.208000000006
31760,16576.20300000001
31761,16431.196000000004
31762,17409.198000000004
31763,17419.198000000004
31764,16674.196000000004
31765,16881.196000000004
31766,17309.192000000006
31767,17514.191000000003
31768,17649.197000000004
31769,16259.200000000004
31770,16099.200000000004
31771,17089.199000000004
31772,16871.205000000005
31773,17661.202000000005
31774,17040.207000000006
31775,16843.209000000003
31776,16648.211000000003
31777,16653.211000000003
31778,17236.213000000003
31779,17014.215000000004
31780,17404.217000000004
31781,16429.218000000004
31782,16444.217000000004
31783,17239.214000000004
31784,18404.215
31785,17219.217000000004
31786,17779.22
31787,16799.222
31788,16244.218000000004
31789,17974.219
31790,17979.22
31791,17996.218
31792,18775.216
31793,19018.213000000003
31794,17458.213000000003
31795,17833.213000000003
31796,17443.213000000003
31797,18605.211
31798,18451.207000000002
31799,16881.209000000003
31800,16894.207000000002
31801,18692.2
31802,17692.204
31803,17514.202
31804,17517.202
31805,17532.201
31806,16557.201
31807,16547.201
31808,17709.201
31809,18089.204
31810,17494.206000000002
31811,16947.203000000005
31812,16529.205000000005
31813,17339.202000000005
31814,18109.202
31815,17349.201000000005
31816,19529.196
31817,19661.2
31818,23991.201
31819,24591.200000000004
31820,26559.199000000004
31821,26344.2
31822,26909.202
31823,26129.202
31824,24989.199000000004
31825,25951.200000000004
31826,25371.199
31827,25584.2
31828,26184.198
31829,24824.197000000004
31830,24439.198000000004
31831,25239.196000000004
31832,25264.191000000003
31833,24859.194000000003
31834,26219.194000000003
31835,25829.194000000003
31836,25074.191000000003
31837,24700.189000000002
31838,25452.193000000003
31839,25642.193000000003
31840,25229.194000000003
31841,24454.193000000003
31842,23882.193000000003
31843,24462.194
31844,24505.189
31845,23895.191000000003
31846,25465.189
31847,25470.189
31848,24115.19
31849,24880.191000000003
31850,20550.192000000003
31851,19785.192000000003
31852,20162.194000000003
31853,20185.191000000003
31854,18809.192000000003
31855,19179.194000000003
31856,18389.198000000004
31857,20319.200000000004
31858,20714.199000000004
31859,19522.203000000005
31860,19920.203000000005
31861,19925.200000000004
31862,20115.200000000004
31863,20487.200000000004
31864,22017.204
31865,21460.203
31866,21085.202000000005
31867,20145.198000000004
31868,21307.198000000004
31869,21884.198000000004
31870,21693.196000000004
31871,21273.197
31872,20103.197
31873,20484.199
31874,20689.198
31875,19519.199
31876,20674.199
31877,20057.201
31878,18687.199
31879,19442.201
31880,20047.200000000004
31881,20272.194000000003
31882,20852.193000000003
31883,20297.190000000002
31884,18712.193000000003
31885,18881.193000000003
31886,18463.195000000003
31887,21226.195000000003
31888,21401.196000000004
31889,20614.197000000004
31890,21799.195000000003
31891,22184.194000000003
31892,23129.196000000004
31893,23137.193000000003
31894,24752.185
31895,24177.186
31896,23767.189000000002
31897,22159.193000000003
31898,23129.194000000003
31899,23894.195
31900,23104.195
31901,21939.196
31902,20379.197
31903,20784.195
31904,20579.194
31905,19389.196
31906,20974.192
31907,20751.193000000003
31908,19961.192000000003
31909,20344.191000000003
31910,20984.189000000002
31911,21159.189000000002
31912,21759.189000000002
31913,21149.191000000003
31914,19944.191000000003
31915,20364.189000000002
31916,20174.189000000002
31917,21536.188000000002
31918,21921.189000000002
31919,21169.188000000002
31920,21594.184
31921,21215.187
31922,22000.186
31923,23175.185
31924,23307.192000000003
31925,23105.193000000003
31926,23905.188000000002
31927,22935.185
31928,23295.188000000002
31929,24315.189000000002
31930,24480.192000000003
31931,23700.193000000003
31932,22907.195000000003
31933,22343.198000000004
31934,23150.198000000004
31935,21999.194000000003
31936,22592.201000000005
31937,22007.198000000004
31938,21022.200000000004
31939,21630.197000000004
31940,22819.197000000004
31941,23267.194000000003
31942,24258.199000000004
31943,24506.199000000004
31944,22707.205
31945,22683.207000000002
31946,22112.208000000002
31947,23477.207000000002
31948,23837.208000000002
31949,23658.207000000002
31950,23453.211000000003
31951,23243.214000000004
31952,23838.210000000006
31953,24457.206000000006
31954,24872.205000000005
31955,24705.202000000005
31956,25459.204000000005
31957,23899.206000000006
31958,23961.202000000005
31959,24789.200000000004
31960,25402.205000000005
31961,24396.208000000006
31962,23814.210000000006
31963,23999.210000000006
31964,25203.214000000004
31965,24228.214000000004
31966,24882.215000000004
31967,24729.216000000004
31968,23360.220000000005
31969,23956.218000000004
31970,24501.223
31971,24264.230000000007
31972,24909.227000000003
31973,25367.219000000005
31974,24042.214
31975,24314.207000000002
31976,24078.213
31977,25293.213000000003
31978,26166.210000000003
31979,25848.21
31980,25301.208000000002
31981,24498.210000000003
31982,25898.207000000002
31983,26627.211000000003
31984,27083.206000000002
31985,26917.203
31986,27439.208000000002
31987,26552.205
31988,25953.210000000003
31989,25783.212000000003
31990,26149.215000000004
31991,26287.206000000002
31992,25144.204
31993,24776.204
31994,25604.205
31995,24811.207000000002
31996,25248.208000000002
31997,24857.208000000002
31998,23929.206000000002
31999,24556.203
32000,25940.203
32001,25624.201
32002,26368.206000000002
32003,25978.208000000002
32004,24627.206000000002
32005,25025.206000000002
32006,24983.207000000002
32007,25783.209
32008,26590.21
32009,26504.206000000002
32010,26126.209
32011,26147.211
32012,27312.209
32013,27783.208000000002
32014,28176.211000000003
32015,27781.211000000003
32016,29430.206000000006
32017,29057.201
32018,29471.197000000004
32019,29324.195000000003
32020,29072.199000000004
32021,29040.196000000004
32022,28432.195
32023,27716.193
32024,28980.185999999998
32025,27797.184999999998
32026,28343.185999999998
32027,28201.19
32028,27407.19
32029,27271.191
32030,27916.195
32031,27382.194
32032,27459.193
32033,27301.19
32034,26734.192
32035,27204.190000000002
32036,26637.192
32037,27184.195
32038,28020.193
32039,27847.192
32040,27610.193
32041,27410.193
32042,28665.19
32043,29127.189
32044,29268.188
32045,29145.182
32046,29261.18
32047,29281.177
32048,29724.174
32049,29532.174000000003
32050,30076.178000000004
32051,30319.181000000004
32052,30327.188000000002
32053,29030.2
32054,30062.209000000003
32055,28526.213000000003
32056,28533.217000000004
32057,29142.215000000004
32058,28673.220000000005
32059,28893.221000000005
32060,29431.219000000005
32061,28835.22
32062,28882.222000000005
32063,28970.222000000005
32064,27811.229000000003
32065,27721.238000000005
32066,27922.241
32067,28452.252
32068,29224.260000000002
32069,28990.262000000002
32070,28595.269000000004
32071,28901.269000000004
32072,28204.269000000004
32073,28176.271000000004
32074,28489.258000000005
32075,28464.264000000003
32076,29010.266000000003
32077,28398.271000000004
32078,28034.267000000003
32079,28021.268000000004
32080,29259.258
32081,28261.262000000002
32082,28625.260000000002
32083,27998.267000000003
32084,28596.272000000004
32085,27652.277000000002
32086,27584.285000000003
32087,28759.278000000006
32088,28975.284000000003
32089,27755.285000000003
32090,28197.285000000003
32091,27867.281000000003
32092,27541.281000000003
32093,28667.283000000003
32094,28073.277000000002
32095,28306.275
32096,28147.278000000002
32097,28392.274
32098,28727.274
32099,29212.285000000003
32100,28493.295000000002
32101,28515.289000000004
32102,28174.284000000003
32103,27494.299000000003
32104,28331.298000000006
32105,29125.299000000006
32106,29312.300000000007
32107,28482.305000000008
32108,28926.29100000001
32109,28892.295000000002
32110,29047.29100000001
32111,28982.282000000003
32112,29541.273
32113,29536.267000000003
32114,29704.264000000003
32115,29329.259000000005
32116,29480.256000000005
32117,30621.259000000005
32118,31279.248000000003
32119,31059.242000000006
32120,30736.234000000004
32121,31852.231
32122,32258.222
32123,32029.221
32124,31451.212000000003
32125,31593.218000000004
32126,30977.214000000004
32127,31568.208000000002
32128,30939.209000000003
32129,31496.211000000003
32130,31894.208000000002
32131,31437.205
32132,30902.206000000002
32133,30306.198
32134,31099.198000000004
32135,32387.197000000004
32136,32203.195000000003
32137,31314.198000000004
32138,31458.197000000004
32139,30867.189000000002
32140,31258.179000000004
32141,31867.176000000003
32142,31278.169000000005
32143,31085.166000000005
32144,31256.164000000004
32145,29866.162000000004
32146,29800.160000000007
32147,30568.153000000002
32148,31947.141
32149,32148.137000000006
32150,31095.134000000005
32151,31021.139000000006
32152,31574.138000000006
32153,31717.141000000003
32154,30598.139000000006
32155,31046.135000000006
32156,30627.137000000006
32157,31810.131000000005
32158,31615.132
32159,32353.121000000006
32160,33186.118
32161,32987.115000000005
32162,32362.117000000006
32163,31414.113000000005
32164,32785.111000000004
32165,34213.105
32166,34384.106
32167,33393.103
32168,32632.102000000003
32169,32035.100000000006
32170,32009.102000000006
32171,33009.103
32172,32664.098000000005
32173,33300.095
32174,33051.097
32175,31082.097000000005
32176,31232.096000000005
32177,31425.098
32178,32209.101000000006
32179,32411.101000000006
32180,31619.102000000006
32181,31053.099000000002
32182,31799.098
32183,32402.096
32184,30451.095
32185,30301.096000000005
32186,30663.096000000005
32187,31593.100000000006
32188,31168.102000000006
32189,31333.102000000006
32190,31698.102000000003
32191,31326.100000000006
32192,31542.097000000005
32193,31081.087000000003
32194,32146.092000000004
32195,33451.093
32196,33839.094000000005
32197,32540.094000000005
32198,32375.093000000004
32199,31975.094000000005
32200,32611.092000000004
32201,33611.093
32202,32424.095000000005
32203,32799.098000000005
32204,32781.096000000005
32205,31379.097000000005
32206,30771.095000000005
32207,31118.10000000001
32208,31920.09600000001
32209,33090.094000000005
32210,32510.087000000007
32211,31956.083000000006
32212,32165.083000000006
32213,32170.078000000005
32214,31210.077000000005
32215,30969.078000000005
32216,31302.074000000004
32217,31712.076000000005
32218,31333.075000000004
32219,30938.074000000008
32220,30688.073000000008
32221,31073.072000000007
32222,31633.069000000007
32223,31638.069000000007
32224,32308.067000000006
32225,33105.069
32226,33925.066000000006
32227,32945.069
32228,31780.069000000007
32229,31195.069000000007
32230,32330.072000000004
32231,32970.071
32232,32400.068000000007
32233,32205.068000000007
32234,32400.070000000007
32235,31395.071000000007
32236,31805.068000000007
32237,33205.066000000006
32238,34335.069
32239,35000.068
32240,34420.067
32241,32695.066000000006
32242,32780.06500000001
32243,32915.05900000001
32244,31980.056000000004
32245,32500.060000000005
32246,32115.05900000001
32247,32695.06100000001
32248,32555.060000000005
32249,31900.064000000006
32250,31545.071000000007
32251,31775.069000000007
32252,31975.068000000007
32253,31495.07600000001
32254,31900.07900000001
32255,31885.08300000001
32256,33095.08000000001
32257,31430.08100000001
32258,30550.07700000001
32259,29610.07600000001
32260,30730.07700000001
32261,31960.075000000008
32262,30420.07700000001
32263,30045.07900000001
32264,30465.07800000001
32265,29860.07800000001
32266,30125.074000000008
32267,31620.07700000001
32268,33040.077000000005
32269,34835.076
32270,32830.08200000001
32271,32470.08100000001
32272,33290.079000000005
32273,33315.079000000005
32274,32335.08100000001
32275,32165.08100000001
32276,31630.07600000001
32277,32170.07600000001
32278,31615.075000000008
32279,31110.071000000007
32280,30950.069000000007
32281,31035.067000000006
32282,31830.064000000006
32283,31435.06500000001
32284,31990.066000000006
32285,33005.064000000006
32286,34200.064
32287,33620.063
32288,32440.06500000001
32289,31560.06100000001
32290,33325.05900000001
32291,33520.059
32292,31985.05900000001
32293,31645.05900000001
32294,32455.06000000001
32295,31445.06400000001
32296,30273.06500000001
32297,30483.067000000006
32298,32078.06600000001
32299,33448.066000000006
32300,32648.065000000006
32301,32610.068000000007
32302,33775.067
32303,33670.073000000004
32304,32195.071000000007
32305,32675.068000000007
32306,33325.065
32307,33490.066000000006
32308,33135.065
32309,32610.06300000001
32310,32940.06500000001
32311,32910.066000000006
32312,32945.064000000006
32313,32790.06100000001
32314,33765.06100000001
32315,34940.061
32316,35760.058000000005
32317,34805.05900000001
32318,33595.06300000001
32319,32855.060000000005
32320,33720.05900000001
32321,33793.054000000004
32322,33008.05500000001
32323,33313.058000000005
32324,33763.05700000001
32325,32393.05900000001
32326,31253.058000000008
32327,32053.05900000001
32328,33293.056000000004
32329,35105.05500000001
32330,33875.05700000001
32331,34070.058000000005
32332,33870.05900000001
32333,34650.05900000001
32334,33090.05900000001
32335,33040.05900000001
32336,33655.060000000005
32337,33395.064000000006
32338,33225.064000000006
32339,32720.06300000001
32340,32525.06400000001
32341,32435.06800000001
32342,33230.06500000001
32343,32645.06500000001
32344,34640.064000000006
32345,36490.060000000005
32346,36680.061
32347,35500.064000000006
32348,34915.064000000006
32349,33955.067
32350,35285.07000000001
32351,34495.07200000001
32352,33875.07600000001
32353,33480.07800000001
32354,34130.07600000001
32355,32680.075000000008
32356,31515.075000000008
32357,32685.075000000008
32358,32885.075000000004
32359,33800.077000000005
32360,33248.075000000004
32361,33273.07600000001
32362,34288.07300000001
32363,35318.073000000004
32364,32378.07700000001
32365,32578.07700000001
32366,33353.07800000001
32367,32783.079000000005
32368,32943.081000000006
32369,32973.08000000001
32370,31938.08200000001
32371,32143.08000000001
32372,31778.08000000001
32373,31153.08300000001
32374,32848.077000000005
32375,34013.079000000005
32376,34153.08000000001
32377,32618.08100000001
32378,32488.07800000001
32379,31298.07700000001
32380,32723.07500000001
32381,32968.07500000001
32382,32153.077000000012
32383,31823.07500000001
32384,32388.075000000008
32385,30958.080000000013
32386,30208.07900000001
32387,31583.07800000001
32388,32203.076000000012
32389,35138.07400000001
32390,34473.075000000004
32391,33713.077000000005
32392,33633.083000000006
32393,34803.083000000006
32394,33868.08000000001
32395,34518.07800000001
32396,40803.077999999994
32397,41298.07800000001
32398,40523.077000000005
32399,39630.07900000001
32400,39070.08000000001
32401,33885.077000000005
32402,34125.077000000005
32403,33025.07800000001
32404,33630.08000000001
32405,35175.079000000005
32406,35215.077000000005
32407,34060.075000000004
32408,34815.076
32409,33255.077000000005
32410,34625.07600000001
32411,35210.072
32412,34025.07500000001
32413,33865.07300000001
32414,33665.07500000001
32415,32575.07400000001
32416,32525.071000000007
32417,34050.07400000001
32418,34315.07
32419,36435.064999999995
32420,35125.064000000006
32421,34750.065
32422,36475.062
32423,37235.05999999999
32424,36230.060999999994
32425,35865.062000000005
32426,36245.06399999999
32427,36290.061
32428,35880.065
32429,35850.066
32430,35690.064
32431,36025.065
32432,36005.066000000006
32433,35535.07200000001
32434,36565.070999999996
32435,36920.077
32436,36950.075999999994
32437,35685.074
32438,36245.07399999999
32439,34138.07100000001
32440,35723.07100000001
32441,35558.07000000001
32442,35448.072
32443,34543.07700000001
32444,34023.07400000001
32445,33243.07400000001
32446,32523.072000000007
32447,33003.071
32448,32803.07100000001
32449,34328.073000000004
32450,33348.07400000001
32451,32758.07500000001
32452,33878.07500000001
32453,34173.07900000001
32454,34143.08
32455,34928.079000000005
32456,35200.079
32457,34515.075000000004
32458,34065.076
32459,34105.073000000004
32460,34110.07200000001
32461,34000.07
32462,33255.06800000001
32463,33390.07000000001
32464,34145.07
32465,34365.069
32466,33645.067
32467,33905.064
32468,35025.064
32469,33525.062
32470,34205.067
32471,34795.066000000006
32472,35275.062999999995
32473,34720.063
32474,34750.062
32475,32980.06500000001
32476,32250.06900000001
32477,33415.07000000001
32478,33745.064000000006
32479,35750.062999999995
32480,35355.06699999999
32481,35385.06599999999
32482,35755.06599999999
32483,35390.067999999985
32484,34545.07199999999
32485,34902.07399999999
32486,36212.07499999998
32487,34657.075999999994
32488,34897.07299999998
32489,34402.068999999996
32490,33597.068999999996
32491,32980.07000000001
32492,33005.073000000004
32493,33820.071
32494,34770.070999999996
32495,35355.072
32496,35004.071
32497,35201.071
32498,35726.073
32499,33731.077000000005
32500,34486.077000000005
32501,34831.081000000006
32502,34346.08500000001
32503,33966.084
32504,33821.084
32505,32414.08800000001
32506,31274.08700000001
32507,32219.09000000001
32508,31476.09000000001
32509,34074.088
32510,34088.08700000001
32511,33698.088
32512,33889.08700000001
32513,34114.08600000001
32514,33413.08700000001
32515,34659.081000000006
32516,36034.08
32517,35007.08
32518,35989.081000000006
32519,35554.08500000001
32520,35409.08
32521,34668.079000000005
32522,34218.081000000006
32523,34178.08500000001
32524,34564.084
32525,35724.086
32526,36186.083000000006
32527,36767.083000000006
32528,36619.08
32529,33939.08
32530,34584.078
32531,35956.079
32532,35406.079
32533,34431.08
32534,34887.077000000005
32535,33167.075000000004
32536,31946.07800000001
32537,33081.08000000001
32538,32851.083000000006
32539,35161.08400000001
32540,34931.08600000001
32541,34566.08700000001
32542,34561.088
32543,34900.08900000001
32544,33923.09000000001
32545,33793.09900000001
32546,34408.10100000001
32547,32908.09900000001
32548,33416.09500000001
32549,33821.092000000004
32550,33211.09300000001
32551,31861.10000000001
32552,31533.09700000001
32553,31638.09600000001
32554,33029.09500000001
32555,34720.097
32556,34489.10300000001
32557,34469.10700000001
32558,34544.11000000001
32559,32663.11200000001
32560,33205.11300000001
32561,34905.11600000001
32562,35394.114
32563,34327.12200000001
32564,34344.12200000001
32565,32839.12200000001
32566,31684.12000000001
32567,32826.12300000001
32568,32561.128000000008
32569,35271.132
32570,36514.12999999999
32571,36413.12899999999
32572,36272.130999999994
32573,36297.132999999994
32574,35217.134
32575,35122.133
32576,36312.134999999995
32577,35312.136999999995
32578,35494.138999999996
32579,35573.136999999995
32580,35049.140999999996
32581,33865.14200000001
32582,33888.144
32583,34006.141
32584,35314.14199999999
32585,36654.14199999999
32586,37223.14299999999
32587,36876.14899999999
32588,36982.15299999999
32589,34972.159
32590,33681.15700000001
32591,35701.158
32592,36447.16100000001
32593,36466.16100000001
32594,35922.163
32595,34713.171
32596,33582.177
32597,35405.17600000001
32598,34990.174
32599,37310.172000000006
32600,37963.174000000006
32601,37058.177
32602,36387.183000000005
32603,37086.182
32604,36036.192
32605,35797.197
32606,36610.200000000004
32607,35338.203
32608,35954.208999999995
32609,35950.205
32610,35474.21
32611,34374.21000000001
32612,33635.21000000001
32613,33457.21600000001
32614,34266.21400000001
32615,35171.221
32616,35910.218
32617,35963.217
32618,37039.217
32619,36075.21799999999
32620,35157.223
32621,38266.224
32622,38782.229
32623,38693.22699999999
32624,38533.219
32625,37712.21599999999
32626,36097.221
32627,37120.229
32628,35691.229
32629,38143.232
32630,38398.234
32631,36983.236999999994
32632,37418.238
32633,37255.238000000005
32634,36943.238000000005
32635,37764.236000000004
32636,38981.238000000005
32637,42881.244000000006
32638,43176.247
32639,42853.24800000001
32640,43079.24500000001
32641,41508.24800000001
32642,40673.251000000004
32643,40775.25300000001
32644,41609.254
32645,42094.26000000001
32646,41570.259000000005
32647,41570.26100000001
32648,42163.26700000001
32649,40585.26800000001
32650,40853.26600000002
32651,43495.27000000002
32652,44670.27500000001
32653,43780.27900000001
32654,43371.27900000001
32655,42409.28300000001
32656,41389.29000000001
32657,41922.29800000001
32658,40747.29900000001
32659,42872.30200000001
32660,43297.30200000001
32661,42098.304000000004
32662,42713.30100000001
32663,43123.307
32664,42477.312000000005
32665,43085.311
32666,44319.312000000005
32667,43057.308000000005
32668,43647.31300000001
32669,43497.308000000005
32670,43379.31000000001
32671,42724.30600000001
32672,42517.31200000001
32673,42616.31700000001
32674,42385.32200000001
32675,43784.323000000004
32676,43349.328
32677,44139.332
32678,45359.337
32679,44101.339
32680,44260.337999999996
32681,46080.34
32682,45601.345
32683,44372.353
32684,44193.35600000001
32685,44000.35300000001
32686,43158.35700000001
32687,44297.35300000001
32688,44292.34800000001
32689,46483.35100000001
32690,47521.352000000006
32691,47233.35300000001
32692,48061.35500000001
32693,42571.36500000001
32694,42962.36300000001
32695,42056.36100000001
32696,42668.364000000016
32697,40306.36600000001
32698,39720.36800000001
32699,39234.37000000001
32700,38382.377000000015
32701,37842.377000000015
32702,43370.38800000002
32703,44343.38600000002
32704,44766.38500000002
32705,45901.38900000002
32706,45715.40000000001
32707,46720.40800000002
32708,48039.40600000001
32709,46611.40600000001
32710,47139.40400000002
32711,48014.41300000001
32712,47080.419000000016
32713,46633.41700000001
32714,46557.419
32715,46691.429000000004
32716,46503.437000000005
32717,47781.435000000005
32718,47315.43000000001
32719,49252.43700000001
32720,49434.441000000006
32721,49012.441000000006
32722,48832.448000000004
32723,48346.45500000001
32724,48245.462999999996
32725,47320.461
32726,47751.456000000006
32727,46204.45700000001
32728,45030.459
32729,44475.466
32730,44367.46800000001
32731,43773.46800000001
32732,44315.47800000001
32733,44436.48100000001
32734,44159.48500000001
32735,44681.484
32736,45315.476
32737,46177.47300000002
32738,47714.473000000005
32739,47156.47300000001
32740,47506.479000000014
32741,48706.48700000001
32742,47885.48600000002
32743,47601.489000000016
32744,47654.49400000002
32745,48232.50400000001
32746,48772.50100000002
32747,42728.51100000001
32748,42936.515000000014
32749,44616.52100000001
32750,44109.52800000002
32751,43100.53000000002
32752,43574.53000000002
32753,43338.53500000001
32754,43556.54100000001
32755,42638.53900000001
32756,42230.53400000001
32757,41670.53800000001
32758,41401.543
32759,41435.545000000006
32760,41138.54700000001
32761,40511.551999999996
32762,40788.554000000004
32763,40792.55500000001
32764,40406.55800000001
32765,41844.56100000001
32766,41689.56000000001
32767,42159.56400000001
32768,42042.57300000002
32769,40937.57900000001
32770,41962.57900000002
32771,43063.57700000001
32772,42340.59100000001
32773,42398.58200000002
32774,42005.59100000001
32775,42249.59000000001
32776,42190.60100000001
32777,42331.601
32778,42781.598000000005
32779,43897.604000000014
32780,43259.59800000001
32781,44000.60500000001
32782,44570.61100000001
32783,45116.61800000002
32784,44825.61600000001
32785,44692.62000000002
32786,45100.61800000002
32787,43756.62600000002
32788,43830.62000000002
32789,44024.62400000002
32790,42972.62800000001
32791,41724.63300000002
32792,42148.633000000016
32793,41909.62600000001
32794,42633.624000000025
32795,44042.627000000015
32796,43990.631000000016
32797,43903.64500000001
32798,43578.651
32799,43233.651999999995
32800,44232.647999999994
32801,44671.647999999994
32802,43882.630999999994
32803,44033.63199999999
32804,43586.634
32805,43083.633
32806,43065.64000000001
32807,44038.633
32808,43842.632
32809,44015.635
32810,43672.629
32811,44794.62400000001
32812,45672.60300000001
32813,47077.60000000001
32814,46527.60400000002
32815,45266.605000000025
32816,45149.609000000026
32817,43687.61000000002
32818,43937.60600000002
32819,44444.60500000002
32820,43689.604000000014
32821,42704.61300000002
32822,42551.61500000002
32823,41995.623000000014
32824,42718.629000000015
32825,43999.623000000014
32826,43422.61900000001
32827,43995.616000000016
32828,44583.61100000002
32829,44317.609000000026
32830,45301.61400000002
32831,45325.62300000002
32832,49878.618000000024
32833,49629.60300000002
32834,50001.606000000014
32835,49850.61200000001
32836,50543.613000000005
32837,50863.607
32838,44474.60700000002
32839,44294.614000000016
32840,44122.61400000002
32841,44015.60600000003
32842,44014.609000000026
32843,44830.60500000003
32844,44016.61300000003
32845,42846.61600000002
32846,42712.620000000024
32847,42509.60900000002
32848,42812.60400000002
32849,42479.60200000001
32850,42088.599000000024
32851,42237.59600000002
32852,43010.58100000003
32853,42758.586000000025
32854,41833.59400000002
32855,43182.58200000002
32856,42726.57800000003
32857,42680.584000000024
32858,42933.585000000014
32859,42817.58100000001
32860,42659.59600000002
32861,43296.60000000001
32862,42861.60600000001
32863,42819.60500000002
32864,42849.610000000015
32865,43127.59900000002
32866,44434.60700000001
32867,45757.59800000001
32868,46136.60000000001
32869,46645.60900000001
32870,45801.61000000001
32871,45139.61300000001
32872,44974.61400000001
32873,44836.619000000006
32874,44941.62300000001
32875,44048.611000000004
32876,44880.61300000002
32877,44097.60700000001
32878,43500.60200000001
32879,43527.60000000001
32880,43496.60500000002
32881,43256.60500000002
32882,43214.61100000002
32883,44389.60900000001
32884,43677.60900000001
32885,44186.61000000001
32886,42805.611000000004
32887,42124.615
32888,41937.615
32889,41461.61
32890,42612.613000000005
32891,42880.609000000004
32892,42826.61100000001
32893,41077.61300000002
32894,41057.62000000001
32895,41194.62600000002
32896,40295.63200000001
32897,41454.63000000001
32898,41449.62000000002
32899,41301.62600000001
32900,40316.623000000014
32901,39864.61500000002
32902,39346.615000000005
32903,39234.60900000001
32904,39163.613000000005
32905,37690.61200000001
32906,38129.606000000014
32907,37341.60700000001
32908,37421.60700000001
32909,37260.609000000004
32910,36387.60900000001
32911,36403.60200000001
32912,36380.599
32913,36985.597
32914,36513.596
32915,37685.59
32916,36670.593
32917,36942.579000000005
32918,36824.583000000006
32919,36905.576
32920,37918.571
32921,38125.566000000006
32922,38020.56700000001
32923,37484.55500000001
32924,38362.556000000004
32925,37065.56100000001
32926,37098.55900000001
32927,37666.55100000001
32928,37639.546
32929,37301.551
32930,37994.533
32931,36882.54299999999
32932,36343.541999999994
32933,35916.54099999999
32934,35779.53
32935,35267.53599999999
32936,35230.543
32937,33734.539000000004
32938,33538.536000000015
32939,33234.53400000001
32940,32513.53700000002
32941,32531.54200000002
32942,32592.537000000022
32943,34105.537000000004
32944,33311.53600000001
32945,33994.541
32946,33546.542000000016
32947,32799.54700000001
32948,33170.534000000014
32949,32177.533000000018
32950,32725.531000000017
32951,33258.52500000001
32952,33039.52600000001
32953,31644.52200000002
32954,32230.527000000016
32955,31090.533000000018
32956,32568.532000000014
32957,32713.529000000017
32958,32762.522000000015
32959,33559.51600000001
32960,32444.514000000017
32961,31753.513000000017
32962,31234.51500000002
32963,31393.524000000016
32964,31110.527000000013
32965,30551.521000000015
32966,30598.519000000015
32967,29947.517000000014
32968,29033.522000000015
32969,30000.525000000016
32970,29656.533000000014
32971,28968.528000000013
32972,28800.528000000013
32973,30602.507000000012
32974,30128.506000000016
32975,30787.51100000002
32976,29865.499000000018
32977,30531.50200000002
32978,30663.50700000002
32979,29512.50800000002
32980,29871.50600000002
32981,31071.498000000018
32982,30422.498000000018
32983,29561.495000000017
32984,30335.505000000016
32985,28491.504000000015
32986,29629.50100000002
32987,30058.503000000015
32988,30335.487000000016
32989,29696.487000000016
32990,28953.488000000016
32991,27835.486000000015
32992,29040.481000000018
32993,28742.48800000002
32994,27830.491000000016
32995,28606.482000000018
32996,28343.475000000017
32997,27400.470000000012
32998,26559.467000000015
32999,27803.471000000016
33000,28242.467000000015
33001,27399.470000000016
33002,26636.469000000016
33003,27882.455000000013
33004,27734.451000000015
33005,28332.447000000015
33006,28106.444000000014
33007,27965.451000000015
33008,28134.449000000015
33009,26589.459000000013
33010,26209.451000000015
33011,27745.442000000014
33012,26643.445000000014
33013,26038.439000000017
33014,26295.442000000014
33015,24808.44600000001
33016,26224.454000000012
33017,26347.452000000012
33018,25835.451000000012
33019,26307.45000000001
33020,26042.44800000001
33021,24467.44700000001
33022,25028.447000000007
33023,25541.45100000001
33024,25452.45000000001
33025,25842.449000000015
33026,25020.45000000001
33027,25324.449000000008
33028,25516.450000000008
33029,25595.459000000006
33030,25686.46900000001
33031,26648.46100000001
33032,25817.459000000006
33033,26395.466000000008
33034,26760.467000000004
33035,26792.466000000004
33036,26168.467000000004
33037,25344.468000000004
33038,25355.474000000006
33039,23562.478000000006
33040,22947.477000000006
33041,22367.475000000002
33042,22896.468000000004
33043,21740.465000000007
33044,20710.468000000008
33045,19653.467000000008
33046,20793.45800000001
33047,21153.45300000001
33048,19847.454000000005
33049,21057.451000000005
33050,21683.443000000007
33051,21647.437
33052,22019.434000000005
33053,22127.433000000005
33054,22202.423000000003
33055,21901.417000000005
33056,21538.423000000003
33057,20264.424000000003
33058,21245.421000000002
33059,20914.422000000002
33060,21332.425
33061,21041.428
33062,20430.422
33063,21478.424000000003
33064,22074.415
33065,23814.41
33066,22854.413
33067,23204.412
33068,23489.404
33069,21884.401
33070,20662.407000000003
33071,21106.402000000002
33072,21730.396
33073,20304.401
33074,19824.402000000002
33075,18952.398
33076,19354.404000000002
33077,19656.405000000002
33078,19080.411
33079,20501.405000000002
33080,21696.4
33081,20738.4
33082,20437.4
33083,20870.393000000004
33084,25740.388000000003
33085,24773.385000000002
33086,24638.389000000003
33087,24479.381
33088,24771.378
33089,25536.365999999998
33090,26803.349999999995
33091,27020.353999999996
33092,25733.352999999996
33093,25220.355999999996
33094,24976.353
33095,25402.351
33096,23917.354
33097,23326.355000000003
33098,22284.357000000004
33099,20038.363000000005
33100,17147.369000000006
33101,16162.380000000005
33102,16918.378000000004
33103,17220.385000000006
33104,17094.395000000008
33105,17178.39700000001
33106,17691.396000000008
33107,18080.40400000001
33108,20432.399000000012
33109,22018.404000000013
33110,22789.410000000014
33111,21856.417000000016
33112,20353.43100000002
33113,19224.44300000002
33114,17455.457000000024
33115,15722.469000000025
33116,14102.490000000025
33117,7511.517000000028
33118,4804.548000000023
33119,1556.5899999999954
33120,1880.4499999999962
33121,2740.4460000000054
33122,4028.442000000007
33123,5366.434000000016
33124,6354.423000000016
33125,7722.413000000019
33126,8412.415000000019
33127,8942.408000000018
33128,9444.40700000002
33129,10914.400000000018
33130,13196.395000000019
33131,12554.391000000018
33132,12186.389000000017
33133,11331.387000000015
33134,11185.385000000011
33135,10540.382000000009
33136,10528.373000000007
33137,10328.373000000009
33138,11403.373000000005
33139,10236.372000000007
33140,8586.365000000003
33141,11461.355000000005
33142,12109.349000000004
33143,13709.343000000003
33144,14300.342
33145,15747.331
33146,16970.324999999997
33147,18795.322
33148,18858.321
33149,19353.313
33150,19228.311999999998
33151,18623.311999999998
33152,19383.314
33153,19188.309999999998
33154,18788.315
33155,18755.321
33156,18985.318
33157,18408.316
33158,18318.315
33159,19818.313
33160,21916.303999999996
33161,20348.302
33162,19748.299
33163,19303.3
33164,19938.297
33165,20048.296
33166,18833.296
33167,17986.293999999998
33168,18001.288999999997
33169,17351.288999999997
33170,16396.286
33171,17871.287
33172,16771.294
33173,16938.292
33174,16498.283
33175,15868.285
33176,15868.288
33177,15621.282
33178,16666.269
33179,15421.269000000002
33180,15606.263000000004
33181,16501.258
33182,17666.247000000003
33183,18066.241
33184,17511.239000000005
33185,18126.236
33186,17216.24
33187,16851.235
33188,15536.239000000005
33189,17220.238000000005
33190,17105.235000000004
33191,16308.234000000006
33192,15353.226000000006
33193,15668.225000000006
33194,16648.222000000005
33195,16463.217000000004
33196,16038.213000000005
33197,16613.209000000006
33198,16586.207000000006
33199,15801.209000000006
33200,16003.203000000007
33201,17398.194000000007
33202,17618.192000000006
33203,17428.191000000006
33204,18003.195000000007
33205,18208.195000000007
33206,17828.198000000008
33207,18043.196000000007
33208,18041.197000000004
33209,17641.201000000005
33210,17049.206000000006
33211,17449.206000000006
33212,18244.20300000001
33213,19069.198000000004
33214,19264.201000000005
33215,19304.197000000004
33216,18549.193000000003
33217,17587.190000000002
33218,17012.188000000002
33219,17192.192000000003
33220,16417.193000000003
33221,15247.196000000004
33222,15232.199000000004
33223,14827.201000000005
33224,15237.197000000004
33225,15247.198000000002
33226,16052.194000000003
33227,16652.193000000003
33228,16650.193000000003
33229,16640.194000000003
33230,16635.196000000004
33231,17630.194000000003
33232,18990.194
33233,19185.194000000003
33234,18972.196000000004
33235,19952.195
33236,20935.193
33237,21535.191000000003
33238,21347.188000000002
33239,20595.185
33240,20597.184
33241,20184.186
33242,19009.187
33243,20179.187
33244,20554.187
33245,19364.188000000002
33246,18174.192000000003
33247,16971.197000000004
33248,17404.191000000003
33249,17617.190000000002
33250,17417.192000000003
33251,17032.191000000003
33252,17047.190000000002
33253,15492.189000000004
33254,16107.185000000003
33255,15707.187000000004
33256,16847.191000000003
33257,17019.196000000004
33258,17814.192000000003
33259,18617.191000000003
33260,18227.191000000003
33261,18629.190000000002
33262,19991.189000000002
33263,20161.194000000003
33264,20186.189000000002
33265,21771.188000000002
33266,21121.194
33267,21906.192
33268,21154.191000000003
33269,20174.192
33270,20369.192
33271,19961.193
33272,20123.195
33273,21311.195
33274,21164.19
33275,20964.193000000003
33276,19994.193000000003
33277,17819.197000000004
33278,17814.198000000004
33279,18014.200000000004
33280,18204.201000000005
33281,18614.198
33282,19024.195
33283,17864.192000000003
33284,18416.196
33285,17659.196000000004
33286,18626.196
33287,18836.195000000003
33288,19028.194000000003
33289,19236.193000000003
33290,19229.195000000003
33291,19024.196
33292,18639.194
33293,18627.193000000003
33294,18224.196000000004
33295,19184.198
33296,19174.199
33297,19944.199
33298,20002.194
33299,18442.199
33300,18862.194
33301,17847.198
33302,19222.195999999996
33303,20382.195
33304,20597.193
33305,20387.194
33306,19797.195
33307,18222.197
33308,18427.195
33309,18442.194
33310,18637.194
33311,19012.198
33312,18842.197
33313,18647.198
33314,19591.2
33315,19181.201
33316,19771.199
33317,20176.193
33318,20335.197
33319,20380.191000000003
33320,20585.188000000002
33321,20780.186
33322,20616.183
33323,20394.184
33324,20384.184999999998
33325,20764.185999999998
33326,20192.186
33327,19802.184
33328,19232.181
33329,19222.18
33330,18997.183
33331,18012.183
33332,18572.187
33333,18757.186
33334,17762.187000000005
33335,17526.188000000006
33336,17911.185000000005
33337,17673.190000000006
33338,17686.188000000006
33339,17906.184000000005
33340,18089.187000000005
33341,19244.187000000005
33342,19444.183000000005
33343,18866.182000000004
33344,20626.180000000004
33345,20834.180000000004
33346,22219.176000000003
33347,21834.177
33348,22821.174
33349,21461.172
33350,21676.167999999998
33351,21481.165
33352,20651.169
33353,21431.169
33354,21624.169
33355,22449.164
33356,21874.162
33357,21264.163
33358,21414.161
33359,21611.164
33360,21603.167
33361,21198.166
33362,22546.171000000002
33363,22716.174
33364,21908.176
33365,21538.175000000003
33366,20774.179
33367,20392.183
33368,20048.178
33369,19828.183
33370,20051.177000000003
33371,20915.174000000003
33372,20925.172000000002
33373,20735.172000000002
33374,22115.176000000003
33375,22522.175000000003
33376,23882.173000000003
33377,23292.171000000002
33378,23702.172000000002
33379,22994.169
33380,21832.173000000003
33381,22073.176000000003
33382,21677.178000000004
33383,21857.180000000004
33384,21913.180000000004
33385,23473.181
33386,23068.182
33387,22628.181
33388,23246.178000000004
33389,24061.176000000003
33390,23838.183000000005
33391,22883.182000000004
33392,24649.185000000005
33393,25193.191000000003
33394,24227.189000000002
33395,23684.188000000002
33396,23305.187
33397,23366.192000000003
33398,22201.191000000003
33399,22407.193000000003
33400,22588.195000000003
33401,23000.193000000003
33402,23640.188000000002
33403,23450.192000000003
33404,24817.193000000003
33405,24840.194000000003
33406,25640.190000000002
33407,25602.187
33408,25761.186
33409,25049.181000000004
33410,24274.181000000004
33411,24497.182
33412,23555.184
33413,24175.184
33414,24948.188000000002
33415,25462.195000000003
33416,26085.197000000004
33417,25312.198000000004
33418,25739.196000000004
33419,25756.196000000004
33420,26750.194000000003
33421,26405.190000000002
33422,26980.193000000003
33423,27584.192000000003
33424,26433.194000000003
33425,26639.192000000003
33426,25832.194000000003
33427,25077.196000000004
33428,24399.192000000003
33429,24638.187
33430,23883.189000000006
33431,23277.192000000003
33432,24045.193000000007
33433,24066.191000000006
33434,25779.195000000007
33435,25558.199000000004
33436,25002.203000000005
33437,25022.205000000005
33438,25008.209000000006
33439,24736.211000000007
33440,30470.204000000005
33441,30419.210000000006
33442,29084.216000000008
33443,29719.213000000007
33444,30568.209000000006
33445,25861.207000000006
33446,26510.204000000005
33447,26896.205000000005
33448,27555.199000000004
33449,27571.202000000005
33450,29013.197000000004
33451,28601.200000000004
33452,29307.196000000004
33453,29353.194000000003
33454,28096.196000000004
33455,27503.195000000003
33456,27761.195000000003
33457,27770.194
33458,27011.194
33459,26872.192
33460,26461.196
33461,26154.192
33462,26027.186999999998
33463,26066.184
33464,27604.185
33465,26425.185
33466,26405.187
33467,27424.183
33468,28028.186999999998
33469,27673.184
33470,27471.186
33471,27537.183000000005
33472,26222.182000000004
33473,26613.183
33474,27452.182000000004
33475,28431.187
33476,28542.19
33477,28614.201000000005
33478,28671.2
33479,28305.199
33480,29726.199000000004
33481,29149.204
33482,29488.205
33483,29474.205
33484,28295.197
33485,27941.196000000004
33486,27800.193000000003
33487,28201.190000000002
33488,27414.188000000002
33489,28254.184
33490,27915.185000000005
33491,28054.192000000003
33492,27866.199000000004
33493,28484.198000000004
33494,29553.200000000004
33495,29204.202000000005
33496,29157.204000000005
33497,30767.210000000006
33498,30713.214000000007
33499,29716.216000000008
33500,28849.213000000007
33501,29654.213000000003
33502,28502.216000000004
33503,28765.214000000007
33504,29387.210000000006
33505,30200.209000000006
33506,30215.210000000006
33507,29999.212000000007
33508,29601.214000000007
33509,29782.211000000003
33510,30594.217000000008
33511,30352.219000000005
33512,31117.224000000006
33513,30552.223000000005
33514,29829.215000000004
33515,29768.215000000004
33516,29550.217000000004
33517,29285.226000000006
33518,29264.231000000007
33519,29262.240000000005
33520,29051.246000000006
33521,28412.252000000008
33522,29454.249000000007
33523,29365.256
33524,30552.264000000003
33525,30270.263000000003
33526,30866.261000000002
33527,30807.270000000004
33528,31043.277000000006
33529,29970.276000000005
33530,29422.279000000002
33531,29740.275000000005
33532,28569.270000000004
33533,28624.265000000007
33534,29822.265000000007
33535,31062.261000000002
33536,31083.264000000003
33537,31204.270000000004
33538,30815.261000000006
33539,30859.254000000004
33540,31598.254
33541,32014.248
33542,32612.246
33543,32795.24
33544,32180.244000000002
33545,31647.234
33546,31617.241
33547,30973.243000000002
33548,31225.251000000004
33549,30520.263000000003
33550,30449.255
33551,30302.253000000004
33552,31051.251000000004
33553,31209.249000000003
33554,32382.244000000002
33555,31394.247000000003
33556,30808.242000000006
33557,31109.227000000003
33558,30787.221
33559,30056.211000000003
33560,30954.209000000003
33561,30176.208000000002
33562,28514.218000000004
33563,28508.211000000007
33564,28586.215000000004
33565,29536.215000000004
33566,30067.211000000003
33567,29414.211000000003
33568,29446.210000000006
33569,30421.205000000005
33570,31173.193000000007
33571,31355.189000000006
33572,31883.189000000002
33573,32239.189000000002
33574,31783.189000000002
33575,32415.176000000003
33576,32420.174000000003
33577,32408.169
33578,32799.166
33579,32638.166
33580,32326.157000000003
33581,33275.155
33582,34113.148
33583,33692.151
33584,34044.154
33585,33057.152
33586,32916.143000000004
33587,33165.139
33588,33014.132
33589,32802.131
33590,32588.130000000005
33591,33376.126
33592,31696.120000000003
33593,31324.119000000002
33594,32081.118000000002
33595,32629.121000000003
33596,32726.126
33597,32310.129
33598,32370.127000000004
33599,32328.128
33600,32707.123000000003
33601,31176.125000000004
33602,32107.127000000004
33603,32688.122000000003
33604,31266.125000000004
33605,31417.130000000005
33606,31524.121000000003
33607,31101.121000000003
33608,32287.114000000005
33609,32303.111000000004
33610,32705.108000000004
33611,33664.108
33612,34483.106
33613,34831.109
33614,35256.102999999996
33615,33927.103
33616,34347.102
33617,34846.106999999996
33618,34384.109
33619,34728.109
33620,34578.102
33621,33960.101
33622,32082.096
33623,31279.096
33624,32226.098
33625,32557.103000000003
33626,31667.115
33627,31119.112
33628,30841.114
33629,31087.111000000004
33630,32030.109
33631,31285.109000000004
33632,32372.115
33633,32727.114000000005
33634,31867.115000000005
33635,32413.116000000005
33636,30907.116000000005
33637,31112.114000000005
33638,31321.109000000004
33639,31320.108000000004
33640,31976.099000000002
33641,32856.103
33642,33237.1
33643,34028.102
33644,34129.107
33645,33354.101
33646,33818.095
33647,34382.096
33648,34414.092000000004
33649,34259.086
33650,33914.08
33651,33310.08
33652,31857.081000000002
33653,30045.084000000003
33654,30040.085000000003
33655,30660.077000000005
33656,31090.072000000004
33657,29720.072000000004
33658,30705.070000000003
33659,31295.069000000003
33660,31685.068000000003
33661,31765.067000000003
33662,33325.067
33663,33550.066
33664,32170.069000000003
33665,32155.072000000004
33666,32190.071000000004
33667,32425.068000000003
33668,31085.068000000007
33669,31475.068000000003
33670,32090.067000000006
33671,32450.068000000007
33672,32635.070000000007
33673,34410.066000000006
33674,35220.065
33675,34225.07
33676,34115.069
33677,35485.068
33678,36100.067
33679,36170.063
33680,35525.066
33681,34710.069
33682,32735.069000000007
33683,31930.069000000007
33684,32135.067000000006
33685,32580.067000000006
33686,33000.06800000001
33687,31630.069000000003
33688,31825.069000000003
33689,31500.066000000006
33690,32255.066000000006
33691,31440.070000000007
33692,32820.067
33693,32070.066000000006
33694,31360.062000000005
33695,31025.061000000005
33696,31050.062000000005
33697,31305.060000000005
33698,30405.065000000006
33699,31015.065000000006
33700,37365.060000000005
33701,37355.064000000006
33702,38235.060000000005
33703,39960.061
33704,40755.064
33705,40005.062999999995
33706,39615.06300000001
33707,40420.062999999995
33708,41555.064
33709,40280.062999999995
33710,39035.06300000001
33711,38430.062000000005
33712,36810.064000000006
33713,35560.07000000001
33714,35565.07200000001
33715,36010.07200000001
33716,36970.07000000001
33717,35950.07400000001
33718,35845.07100000001
33719,36065.07100000001
33720,37650.07100000001
33721,38730.065
33722,39695.06700000001
33723,38920.066000000006
33724,37525.06700000001
33725,32085.067000000006
33726,31730.06500000001
33727,31500.069000000007
33728,30915.069000000007
33729,30740.071000000007
33730,31635.072000000007
33731,31920.069000000007
33732,32400.067000000006
33733,33768.066000000006
33734,34968.06500000001
33735,34053.064000000006
33736,33498.064000000006
33737,34303.064000000006
33738,35718.060000000005
33739,34718.060000000005
33740,33158.060000000005
33741,32728.06300000001
33742,30703.068000000007
33743,30513.06700000001
33744,30488.068000000007
33745,31403.071000000007
33746,31713.06800000001
33747,31253.06300000001
33748,31868.06200000001
33749,32878.060000000005
33750,33688.05900000001
33751,33853.06100000001
33752,35143.05700000001
33753,34693.05900000001
33754,34148.058000000005
33755,34548.056000000004
33756,34518.05800000001
33757,34343.05900000001
33758,33118.06100000001
33759,33280.06300000001
33760,33730.062000000005
33761,33135.06500000001
33762,33265.060000000005
33763,34275.05900000001
33764,34885.061
33765,33350.06100000001
33766,32595.062000000005
33767,33305.066000000006
33768,33880.06800000001
33769,33120.07000000001
33770,32240.06600000001
33771,32645.06200000001
33772,31865.062000000005
33773,31700.06100000001
33774,31595.06100000001
33775,32240.05900000001
33776,32860.05700000001
33777,31890.056000000008
33778,31930.053000000007
33779,32075.058000000008
33780,33525.056000000004
33781,34270.05900000001
33782,34665.05900000001
33783,34145.056000000004
33784,33985.054000000004
33785,33855.05100000001
33786,33990.054000000004
33787,33360.05900000001
33788,33015.060000000005
33789,32655.06000000001
33790,32860.058000000005
33791,32505.056000000008
33792,32860.058000000005
33793,34255.05700000001
33794,34650.05700000001
33795,33570.064000000006
33796,33215.06300000001
33797,34610.06300000001
33798,35093.059
33799,35068.059
33800,34288.059
33801,34098.05900000001
33802,33553.056000000004
33803,32763.06000000001
33804,33018.058000000005
33805,33008.06100000001
33806,33538.06700000001
33807,32848.064000000006
33808,32283.06500000001
33809,33448.06100000001
33810,34448.062000000005
33811,35003.064000000006
33812,34998.06500000001
33813,34468.06500000001
33814,34283.063
33815,34093.06300000001
33816,33688.062000000005
33817,33738.05700000001
33818,33348.05700000001
33819,33025.05500000001
33820,38125.05600000001
33821,37935.05500000001
33822,38885.05700000001
33823,40225.058000000005
33824,41580.05600000001
33825,40930.05900000001
33826,40950.061000000016
33827,41950.061
33828,42295.065
33829,42115.062000000005
33830,41425.05900000001
33831,41210.058000000005
33832,40025.061
33833,39050.066000000006
33834,39055.066000000006
33835,39595.07000000001
33836,39990.07000000001
33837,44285.07200000001
33838,43320.07100000001
33839,43728.073000000004
33840,44968.07400000001
33841,45168.07400000001
33842,45453.066000000006
33843,45503.062000000005
33844,45088.062000000005
33845,43933.06500000001
33846,43898.06300000001
33847,43693.06500000001
33848,43688.066000000006
33849,42793.066000000006
33850,42723.06500000001
33851,42948.06500000001
33852,44323.066000000006
33853,45528.064000000006
33854,45948.063
33855,46373.062
33856,47343.062000000005
33857,48483.062999999995
33858,49350.062000000005
33859,49695.058000000005
33860,54225.057
33861,53995.060000000005
33862,52825.060000000005
33863,50250.066000000006
33864,50685.062000000005
33865,50505.06300000001
33866,45630.06300000001
33867,45120.058000000005
33868,44500.06000000001
33869,46070.058000000005
33870,47385.05900000001
33871,47385.05900000001
33872,47595.06100000001
33873,47245.062000000005
33874,47505.058000000005
33875,46550.05900000001
33876,45965.05900000001
33877,45670.05900000001
33878,44990.05600000001
33879,44035.05700000001
33880,44020.06000000001
33881,43835.058000000005
33882,44510.054000000004
33883,46110.05100000001
33884,45745.05100000001
33885,45780.049
33886,45450.047000000006
33887,45835.04699999999
33888,46600.04400000001
33889,46175.046
33890,45390.047000000006
33891,45620.045
33892,44400.04400000001
33893,43680.047000000006
33894,44550.043000000005
33895,39580.045000000006
33896,34770.049
33897,33430.049000000006
33898,33235.049000000006
33899,34645.045
33900,35810.045999999995
33901,36100.05099999999
33902,36915.04899999999
33903,36260.05299999999
33904,35535.051999999996
33905,34565.051
33906,34150.051
33907,35445.045999999995
33908,34635.047
33909,33815.05
33910,33335.05300000001
33911,32910.05500000001
33912,32670.06000000001
33913,33120.06100000001
33914,32625.07000000001
33915,32375.07100000001
33916,32255.06600000001
33917,32890.06700000001
33918,33765.06500000001
33919,33010.066000000006
33920,32760.067000000006
33921,33180.065
33922,32823.06300000001
33923,32313.068000000007
33924,32788.067
33925,33283.066000000006
33926,34033.068999999996
33927,32293.066000000006
33928,32293.066000000006
33929,33683.066000000006
33930,34488.066
33931,34048.071
33932,34443.07000000001
33933,34283.068
33934,33963.064000000006
33935,33158.064000000006
33936,33313.065
33937,35038.06599999999
33938,33703.065
33939,32708.06500000001
33940,32258.06700000001
33941,31028.07200000001
33942,32558.07100000001
33943,39033.07000000001
33944,39368.071
33945,39648.07
33946,39313.07
33947,39708.07
33948,34778.075
33949,34748.076
33950,34328.077000000005
33951,35044.077999999994
33952,34060.078
33953,33865.079
33954,34466.079999999994
33955,34914.079
33956,35299.079999999994
33957,33380.07600000001
33958,34840.073000000004
33959,35615.074
33960,36540.075
33961,37485.075999999994
33962,37645.079999999994
33963,37150.077
33964,37780.073
33965,36679.079
33966,35777.078
33967,37526.077
33968,36121.079999999994
33969,35316.079999999994
33970,35344.079
33971,33707.083
33972,34152.082
33973,34733.081
33974,34623.08
33975,34628.079999999994
33976,34440.079
33977,35040.077000000005
33978,35039.079
33979,34504.08
33980,34311.081000000006
33981,33914.082
33982,33355.08000000001
33983,32780.08400000001
33984,32785.083000000006
33985,33245.079000000005
33986,33930.075
33987,33222.071
33988,33012.075000000004
33989,33411.077000000005
33990,33801.078
33991,35094.081
33992,36265.08
33993,35846.083000000006
33994,37005.084
33995,36810.085999999996
33996,37365.089
33997,38140.092000000004
33998,37975.096
33999,37400.096
34000,36880.095
34001,35340.096
34002,34875.104
34003,36240.106
34004,36432.109000000004
34005,35833.11000000001
34006,34848.114
34007,34803.118
34008,35203.118
34009,35765.119999999995
34010,35647.12
34011,34932.12500000001
34012,33074.12400000001
34013,32519.127000000008
34014,32892.12900000001
34015,33271.130000000005
34016,33683.134000000005
34017,33245.13700000001
34018,32400.144000000008
34019,33215.14200000001
34020,34100.147000000004
34021,36050.147000000004
34022,37955.14400000001
34023,37105.15000000001
34024,36873.151000000005
34025,36759.15200000001
34026,37094.147000000004
34027,37872.147000000004
34028,37477.152
34029,36208.152
34030,35875.154
34031,33435.16100000001
34032,33848.166000000005
34033,34778.17
34034,35029.176
34035,34091.175
34036,33507.17600000001
34037,33076.17800000001
34038,33336.17500000001
34039,33722.18200000001
34040,33392.181000000004
34041,32932.181000000004
34042,31127.18500000001
34043,30863.183000000008
34044,30963.183000000008
34045,31808.182000000008
34046,32574.179000000007
34047,32709.179000000004
34048,32584.181000000004
34049,33804.18
34050,34589.182
34051,35840.185
34052,37775.189
34053,36827.194
34054,36902.195
34055,36865.19
34056,37139.189
34057,37423.185
34058,37348.189
34059,36063.188
34060,35791.197
34061,34275.202000000005
34062,34618.203
34063,36080.202000000005
34064,37575.208000000006
34065,37238.21000000001
34066,37179.208000000006
34067,37319.202000000005
34068,37670.204000000005
34069,37784.211
34070,37514.21
34071,36996.215000000004
34072,35070.214
34073,34613.214
34074,35058.217000000004
34075,35852.217000000004
34076,36447.217000000004
34077,36695.221999999994
34078,36481.231999999996
34079,36957.238
34080,36640.244000000006
34081,37308.244999999995
34082,39089.25399999999
34083,38977.255000000005
34084,39196.253
34085,38635.257
34086,38058.259999999995
34087,38309.263
34088,38170.255999999994
34089,37274.26099999999
34090,37137.26599999999
34091,36578.265999999996
34092,37220.261999999995
34093,38454.261
34094,38151.263999999996
34095,38014.265
34096,37996.26299999999
34097,37432.26500000001
34098,37694.268000000004
34099,37942.271
34100,38139.279
34101,38107.282
34102,36124.289
34103,34918.293
34104,35199.298
34105,35903.306000000004
34106,36234.307
34107,36484.303
34108,36494.309
34109,37326.309
34110,37129.312000000005
34111,38413.308
34112,39275.308
34113,38366.31599999999
34114,38960.312
34115,38382.311
34116,37978.312999999995
34117,38688.316000000006
34118,38122.318
34119,37360.325000000004
34120,37505.328
34121,37260.329000000005
34122,36691.33800000001
34123,38227.336
34124,37672.343
34125,36854.34500000001
34126,36610.353
34127,36735.352999999996
34128,37520.352999999996
34129,38236.354999999996
34130,38849.354
34131,39240.348999999995
34132,39021.35599999999
34133,38392.355
34134,38456.356999999996
34135,39879.358
34136,39427.359
34137,39044.361
34138,38872.363999999994
34139,39099.373
34140,38950.380000000005
34141,39906.377
34142,40334.377
34143,40118.37500000001
34144,40195.37500000001
34145,40116.378000000004
34146,39281.388
34147,39245.397
34148,38520.40700000001
34149,38860.41000000001
34150,38573.414000000004
34151,37956.417
34152,37817.416999999994
34153,39505.417
34154,39215.429000000004
34155,39262.43
34156,38863.439
34157,39181.441000000006
34158,39976.441
34159,39721.444
34160,39627.453
34161,39934.45799999999
34162,40352.45599999999
34163,39768.462999999996
34164,39937.46499999999
34165,40166.465
34166,40822.469999999994
34167,41097.47699999999
34168,41120.473
34169,40973.47299999999
34170,40713.476
34171,41027.476
34172,41338.473000000005
34173,40120.482
34174,41062.48100000001
34175,41309.48100000001
34176,40595.48600000001
34177,41601.481000000014
34178,41293.486000000004
34179,41224.494000000006
34180,40727.500000000015
34181,40141.50300000001
34182,39922.50800000001
34183,41356.50300000001
34184,40955.51000000002
34185,41568.49900000001
34186,41601.500000000015
34187,41061.500000000015
34188,41511.50300000001
34189,42098.50300000002
34190,42102.508000000016
34191,42206.50600000001
34192,42285.50100000002
34193,42657.50500000002
34194,42545.51000000002
34195,42153.52000000002
34196,42078.52500000002
34197,43210.52600000002
34198,42904.53300000002
34199,42243.53200000002
34200,42539.538000000015
34201,42498.53900000001
34202,42605.551000000014
34203,42154.54600000002
34204,42819.546000000024
34205,43113.55700000002
34206,43387.55300000002
34207,43495.54800000002
34208,43585.55500000002
34209,43948.54900000001
34210,43611.55400000002
34211,44090.55400000002
34212,43804.55600000002
34213,43912.56200000001
34214,43588.55800000001
34215,43422.55600000001
34216,43176.56500000002
34217,43082.56600000001
34218,43078.574000000015
34219,43968.57700000002
34220,43468.58800000001
34221,43109.59000000001
34222,42559.593000000015
34223,42422.59800000001
34224,42076.591000000015
34225,41938.59100000002
34226,41740.60100000002
34227,42172.606000000014
34228,42447.60700000001
34229,42027.61200000001
34230,42880.61400000001
34231,43513.61400000001
34232,44681.61100000002
34233,44516.60300000002
34234,45411.60500000002
34235,46033.62100000002
34236,45406.627000000015
34237,45190.62500000002
34238,44955.63000000001
34239,44494.62700000001
34240,43959.63600000002
34241,43407.63400000002
34242,42311.64500000002
34243,42777.64300000002
34244,42645.640000000014
34245,41567.642000000014
34246,43786.628000000004
34247,43159.639
34248,42945.63400000001
34249,43322.63700000001
34250,43176.64
34251,43536.635
34252,43361.636000000006
34253,42986.64000000001
34254,42463.643000000004
34255,42517.64000000001
34256,42696.636999999995
34257,43027.631
34258,44296.634000000005
34259,45118.63600000001
34260,45691.636000000006
34261,45874.641
34262,45272.642
34263,43971.647000000004
34264,45796.635
34265,46353.630999999994
34266,44219.62500000001
34267,44167.626000000004
34268,44439.629
34269,43406.637
34270,42480.65000000001
34271,41413.655000000006
34272,41003.649000000005
34273,41328.647000000004
34274,40718.641
34275,39669.64000000001
34276,41409.642
34277,40471.65
34278,40335.65000000001
34279,41353.64000000001
34280,42119.64000000001
34281,41963.64000000001
34282,43258.635
34283,43961.63900000001
34284,42708.642000000014
34285,43513.641
34286,43242.640000000014
34287,43051.64600000001
34288,43388.65300000001
34289,44010.64700000001
34290,43890.65200000001
34291,44099.65700000002
34292,43792.66100000002
34293,43743.658000000025
34294,45577.658000000025
34295,45953.65100000002
34296,45134.64900000003
34297,45238.64400000002
34298,44595.65500000001
34299,44064.65800000002
34300,42716.663
34301,41827.66900000001
34302,40962.67200000001
34303,41387.674000000006
34304,41976.66000000001
34305,40754.65800000001
34306,41604.65200000001
34307,42712.64400000001
34308,43750.630000000005
34309,43803.63400000001
34310,44165.64100000001
34311,44193.641
34312,44697.639
34313,45049.63800000001
34314,43724.63700000002
34315,44087.64800000002
34316,43793.65600000002
34317,43969.65500000002
34318,42743.66100000002
34319,42294.66000000001
34320,42917.65500000001
34321,43204.651000000005
34322,43240.648
34323,42529.653
34324,44197.64900000001
34325,44332.65200000001
34326,44006.64300000002
34327,43793.63700000001
34328,43876.63900000001
34329,44083.629000000015
34330,43036.62700000001
34331,42260.63400000001
34332,42025.63000000001
34333,42045.633000000016
34334,41604.625000000015
34335,40755.62000000002
34336,40884.631000000016
34337,40693.63400000001
34338,40787.63600000001
34339,40230.63500000001
34340,39269.64400000001
34341,39251.63300000001
34342,38386.63300000001
34343,38629.63400000001
34344,37705.622
34345,38438.62400000001
34346,38090.63800000001
34347,37425.639000000025
34348,36875.63100000001
34349,36510.634000000005
34350,35941.642
34351,36858.63700000001
34352,36557.63100000001
34353,35416.62300000001
34354,37070.616
34355,37233.614000000016
34356,36632.605
34357,36674.60100000001
34358,37087.597000000016
34359,36523.60300000001
34360,36700.59700000001
34361,37147.59300000001
34362,37879.58700000002
34363,38107.595000000016
34364,37274.59400000001
34365,36092.59600000001
34366,36729.59400000001
34367,36319.59400000002
34368,36122.591000000015
34369,36242.59400000001
34370,36496.59700000001
34371,35435.59600000001
34372,34324.60100000002
34373,34660.606000000014
34374,33046.59800000001
34375,34230.58800000002
34376,34095.587000000014
34377,34414.58200000001
34378,35708.57800000001
34379,34208.573000000004
34380,33589.57200000001
34381,35347.560000000005
34382,35565.563
34383,34319.565
34384,35433.562
34385,35156.575
34386,34708.57199999999
34387,33527.572
34388,32699.573000000015
34389,32618.568000000014
34390,31891.563000000013
34391,30893.566000000017
34392,30746.559000000016
34393,31251.561000000016
34394,31676.551000000014
34395,30441.537000000015
34396,31887.536000000022
34397,31891.545000000016
34398,32035.547000000017
34399,32270.545000000016
34400,32660.550000000014
34401,32205.551000000014
34402,32023.547000000017
34403,32756.543000000016
34404,32066.539000000015
34405,32678.544000000016
34406,32202.547000000017
34407,31525.550000000017
34408,31347.547000000017
34409,30493.549000000014
34410,30161.546000000013
34411,32070.545000000016
34412,32716.55200000001
34413,31184.54900000001
34414,31196.54700000001
34415,31435.55400000001
34416,30643.54800000001
34417,30376.546000000013
34418,29835.54700000001
34419,30502.53600000001
34420,30291.53500000001
34421,29974.53200000001
34422,28739.52800000001
34423,29150.52600000001
34424,29883.518000000007
34425,28897.506000000012
34426,29392.50400000001
34427,29526.505000000012
34428,30262.505000000016
34429,30547.49600000001
34430,30750.491000000013
34431,29958.491000000013
34432,29327.495000000017
34433,29435.495000000014
34434,27961.499000000014
34435,28624.491000000013
34436,27990.488000000012
34437,27726.478000000014
34438,27337.471000000012
34439,26574.473000000016
34440,26967.48100000001
34441,27271.470000000012
34442,27952.473000000013
34443,26053.480000000014
34444,27346.470000000012
34445,28402.471000000012
34446,28614.474000000017
34447,28724.475000000013
34448,28530.461000000014
34449,29259.459000000013
34450,28401.451000000012
34451,27832.447000000015
34452,27890.452000000016
34453,28520.457000000013
34454,28161.462000000014
34455,27066.45600000001
34456,27149.45700000001
34457,27341.456000000013
34458,27547.458000000013
34459,27346.457000000013
34460,27431.46400000001
34461,26670.463000000007
34462,25602.45300000001
34463,26156.44400000001
34464,25271.440000000013
34465,26414.44100000001
34466,26139.44300000001
34467,26115.44700000001
34468,25382.44400000001
34469,25411.44200000001
34470,25376.442000000014
34471,25456.440000000013
34472,26108.44400000001
34473,25003.44800000001
34474,25876.449000000008
34475,24301.44700000001
34476,24804.448000000008
34477,23542.46000000001
34478,22970.45700000001
34479,24013.44100000001
34480,23526.43100000001
34481,24892.41900000001
34482,23976.422000000006
34483,23893.409000000007
34484,22283.41600000001
34485,22867.411000000007
34486,22458.40800000001
34487,22272.416000000012
34488,23621.41200000001
34489,22893.41600000001
34490,23883.408000000007
34491,22590.40200000001
34492,22709.401000000005
34493,23196.397000000008
34494,23502.390000000007
34495,24310.392000000007
34496,23409.397000000008
34497,23714.400000000005
34498,22825.403000000006
34499,22852.407000000007
34500,22678.400000000005
34501,22923.404000000006
34502,23457.402000000006
34503,23883.396
34504,25241.389000000003
34505,23837.390000000003
34506,23922.383000000005
34507,23054.384000000002
34508,23321.382000000005
34509,22982.387000000002
34510,21881.391000000003
34511,22326.383
34512,21622.390000000003
34513,21686.394000000004
34514,19410.403000000006
34515,19768.397000000004
34516,20030.401000000005
34517,19386.394000000008
34518,18307.402000000006
34519,18316.403000000002
34520,19342.408000000003
34521,19473.415000000005
34522,19429.407000000003
34523,19169.410000000003
34524,20000.409000000003
34525,20509.393
34526,19736.388
34527,20043.387
34528,20803.377
34529,20790.361999999997
34530,21446.349999999995
34531,20835.347999999994
34532,19913.35
34533,18864.355
34534,18727.361999999997
34535,18770.361999999997
34536,18680.368
34537,18441.369000000002
34538,17483.37
34539,14242.379
34540,13040.381000000001
34541,13040.382000000001
34542,13066.382000000001
34543,13429.382
34544,12763.386000000002
34545,12905.390000000003
34546,13512.396000000004
34547,13168.391000000005
34548,13121.403000000006
34549,15148.408000000007
34550,15937.41200000001
34551,15929.422000000011
34552,14862.440000000013
34553,13937.456000000011
34554,12084.474000000013
34555,11665.493000000015
34556,9587.512000000015
34557,8520.53200000002
34558,5229.575000000014
34559,1603.617999999997
34560,2583.438000000003
34561,4718.42200000002
34562,6478.4140000000225
34563,7964.402000000023
34564,8520.39400000002
34565,9888.39700000002
34566,11346.391000000021
34567,12016.38900000002
34568,12416.39100000002
34569,13176.392000000018
34570,15776.393000000018
34571,14501.385000000015
34572,14461.373000000012
34573,13401.37100000001
34574,13316.37200000001
34575,13405.37300000001
34576,13098.36800000001
34577,13381.365000000009
34578,13531.362000000006
34579,13394.361000000006
34580,10802.356000000003
34581,12375.356000000002
34582,12420.350000000006
34583,14185.346000000001
34584,15335.345000000001
34585,15295.344000000001
34586,16047.337
34587,17489.329
34588,17574.320000000003
34589,18760.310999999998
34590,18143.32
34591,18474.321
34592,19109.323
34593,19699.324
34594,19218.332
34595,19548.336
34596,19571.336
34597,18393.348
34598,19551.344999999998
34599,19076.342
34600,19713.34
34601,19323.331000000002
34602,19013.335
34603,17328.327
34604,16741.325000000004
34605,16346.321000000002
34606,16265.323000000002
34607,16866.321
34608,15831.319000000003
34609,15449.318000000003
34610,15092.312000000002
34611,15977.306
34612,15097.310000000003
34613,16087.306000000004
34614,15937.305000000004
34615,15802.295000000004
34616,16529.289
34617,15934.287000000004
34618,16309.284000000003
34619,16484.280000000002
34620,15612.276000000005
34621,15537.280000000006
34622,15567.271000000006
34623,16117.270000000006
34624,17187.258000000005
34625,17512.258000000005
34626,17512.256000000005
34627,17584.258000000005
34628,18271.258000000005
34629,17706.256000000005
34630,18469.250000000004
34631,18629.243000000002
34632,19399.235000000004
34633,17771.232000000004
34634,16738.231000000003
34635,15933.229000000007
34636,15498.224000000007
34637,15698.223000000007
34638,15151.218000000008
34639,16521.212000000007
34640,16556.203000000005
34641,16194.195000000007
34642,15957.195000000007
34643,16532.196000000004
34644,16932.197000000004
34645,16967.195000000003
34646,17360.194000000007
34647,17005.191000000003
34648,16820.189000000002
34649,16035.192000000006
34650,15420.200000000004
34651,15790.203000000005
34652,15625.202000000005
34653,16210.203000000007
34654,16810.204000000005
34655,17405.205000000005
34656,16425.206000000006
34657,16417.208000000006
34658,16612.208000000006
34659,16217.211000000007
34660,17017.211000000007
34661,17805.212000000007
34662,18180.213000000003
34663,17600.213000000007
34664,17037.214000000004
34665,16647.212000000003
34666,17042.209000000003
34667,17047.209000000003
34668,16857.205000000005
34669,18032.206000000006
34670,18027.207000000002
34671,18022.207000000002
34672,17437.209000000006
34673,17854.204
34674,18439.204
34675,18444.203
34676,19221.202
34677,19013.204
34678,19208.204
34679,18064.202000000005
34680,18234.205000000005
34681,17502.203000000005
34682,17122.203000000005
34683,16564.200000000004
34684,17364.199000000008
34685,17729.200000000004
34686,21459.20100000001
34687,21844.20300000001
34688,23399.203000000005
34689,22644.200000000004
34690,23214.200000000004
34691,24199.200000000004
34692,23779.205000000005
34693,23939.210000000003
34694,22364.211000000007
34695,22139.217000000008
34696,22912.217000000004
34697,21717.22200000001
34698,21544.217000000004
34699,22134.218000000008
34700,21769.215000000004
34701,21994.212000000007
34702,22594.210000000006
34703,23399.207000000002
34704,18306.206000000002
34705,17919.205000000005
34706,19114.201
34707,19119.2
34708,18537.201
34709,18362.198
34710,18172.198
34711,17412.195000000003
34712,17262.192000000003
34713,16097.192000000003
34714,17054.193000000003
34715,18282.188000000002
34716,16717.192000000003
34717,18102.190000000002
34718,19287.190000000002
34719,18712.191000000003
34720,19874.192000000003
34721,19456.196000000004
34722,19851.195000000003
34723,20026.198000000004
34724,19446.197000000004
34725,19433.198000000004
34726,19256.197000000004
34727,18471.198000000004
34728,18471.197000000004
34729,18639.200000000004
34730,18674.196000000004
34731,19659.194000000003
34732,19624.195000000003
34733,19019.199000000004
34734,19222.197000000004
34735,19032.196000000004
34736,20207.194000000003
34737,20057.190000000002
34738,20067.187
34739,19507.186
34740,19297.187
34741,19292.188000000002
34742,18699.188000000002
34743,18919.185
34744,19291.188000000002
34745,19665.189000000002
34746,19050.193000000003
34747,19836.194000000003
34748,20641.192000000003
34749,19824.195000000003
34750,19034.195000000003
34751,18632.197000000004
34752,18802.202000000005
34753,19374.204000000005
34754,18794.203000000005
34755,18994.204000000005
34756,18374.207000000002
34757,17799.203
34758,17419.198000000004
34759,18209.196000000004
34760,18607.194000000003
34761,18192.198000000004
34762,18982.192000000003
34763,19164.193000000003
34764,19329.195000000003
34765,19906.194000000003
34766,21321.187
34767,21296.190000000002
34768,21319.184
34769,20962.183
34770,21147.185
34771,21542.184
34772,20179.185
34773,20561.185
34774,21536.185
34775,21314.187
34776,20319.185
34777,21489.184
34778,21666.183000000005
34779,21276.184000000005
34780,20088.187000000005
34781,19928.185000000005
34782,20698.185000000005
34783,20478.186000000005
34784,20133.181000000004
34785,20698.181000000004
34786,20483.181000000004
34787,19508.181000000004
34788,18730.177000000003
34789,18532.176000000003
34790,19320.175000000003
34791,19533.173000000003
34792,19923.170000000002
34793,20298.171000000002
34794,20473.170000000002
34795,20278.168000000005
34796,21818.168000000005
34797,22223.167000000005
34798,22043.168000000005
34799,22403.174000000006
34800,21823.177000000007
34801,21615.181000000004
34802,19645.183000000005
34803,21015.185000000005
34804,21197.186000000005
34805,21433.182000000004
34806,20653.186000000005
34807,21824.187000000005
34808,22434.188000000006
34809,21469.188000000006
34810,20256.193000000007
34811,20458.192000000006
34812,21240.190000000006
34813,20549.183000000005
34814,20334.187000000005
34815,21124.187000000005
34816,21143.184000000005
34817,20186.188000000006
34818,19206.188000000006
34819,19000.188000000002
34820,19396.190000000002
34821,19179.194000000003
34822,20170.192000000003
34823,20764.193000000003
34824,20774.192000000003
34825,21581.189000000002
34826,22136.192000000003
34827,22896.198000000004
34828,23283.198000000004
34829,24053.197000000004
34830,23896.196000000004
34831,25017.198000000004
34832,24254.200000000004
34833,25689.197000000004
34834,25731.198000000004
34835,25556.199000000004
34836,25147.200000000004
34837,25732.200000000004
34838,26100.206000000006
34839,25733.205000000005
34840,24392.203000000005
34841,23779.212000000003
34842,23371.215000000007
34843,22445.210000000006
34844,23050.210000000006
34845,24486.206000000006
34846,23506.206000000006
34847,23577.206000000006
34848,22621.203000000005
34849,22664.202000000005
34850,29539.199000000004
34851,29590.197000000004
34852,29985.201000000005
34853,31812.194000000003
34854,31147.199000000004
34855,31325.203000000005
34856,32532.202000000005
34857,32695.205
34858,32681.207000000002
34859,33351.203
34860,31965.207000000002
34861,33382.204
34862,32206.208000000002
34863,33176.205
34864,33777.207
34865,33812.204
34866,33645.204
34867,34055.202000000005
34868,34225.205
34869,33845.204
34870,32906.201
34871,32153.203
34872,32578.202
34873,31749.205
34874,31298.211000000003
34875,32440.210000000003
34876,31302.208000000002
34877,31059.212000000003
34878,29473.218
34879,29475.223
34880,30054.225000000002
34881,29773.22
34882,30313.227000000003
34883,31764.225000000002
34884,32022.225000000002
34885,32683.221
34886,33295.221000000005
34887,33142.22
34888,32641.218000000004
34889,33237.21800000001
34890,26903.224000000002
34891,27982.22
34892,27364.222
34893,27610.219
34894,28411.219
34895,28808.22
34896,29438.215000000004
34897,29732.219
34898,30178.218
34899,31034.212000000003
34900,29683.212
34901,29515.210000000003
34902,29380.209000000003
34903,28609.209
34904,28159.215
34905,28956.212
34906,29472.206
34907,28603.200000000004
34908,27693.196000000004
34909,27482.196000000004
34910,27744.192000000003
34911,27460.195
34912,27704.193
34913,29835.193
34914,28836.194
34915,29513.189
34916,29701.19
34917,30114.193000000003
34918,29742.193000000003
34919,30006.190000000002
34920,29585.190000000002
34921,29169.191000000003
34922,28660.187
34923,29099.184000000005
34924,29282.187
34925,30108.189000000002
34926,29466.191000000003
34927,30425.189000000002
34928,30159.179000000004
34929,30796.176000000003
34930,30016.182000000004
34931,29508.187
34932,29095.190000000002
34933,27281.195000000003
34934,26809.195000000003
34935,27381.193000000003
34936,27955.195000000003
34937,27786.196000000004
34938,27368.204000000005
34939,27938.210000000006
34940,28138.215000000004
34941,27826.208000000002
34942,27923.215000000004
34943,30850.215000000004
34944,30238.220000000005
34945,29611.227000000006
34946,30623.225000000006
34947,31352.230000000003
34948,31921.223
34949,31751.224000000002
34950,30810.221000000005
34951,30528.225000000006
34952,30115.232000000004
34953,35812.23300000001
34954,36112.235
34955,36886.241
34956,36867.243
34957,38263.241
34958,37172.25
34959,37309.244000000006
34960,37349.242
34961,37227.240000000005
34962,37202.244000000006
34963,34935.261
34964,35090.264
34965,35496.262
34966,34998.263000000006
34967,34611.264
34968,34188.265
34969,34145.276
34970,33777.279
34971,34150.284
34972,34361.289000000004
34973,36821.279
34974,36601.281
34975,36828.274000000005
34976,37335.281
34977,37891.278000000006
34978,38294.277
34979,37345.27500000001
34980,37079.28200000001
34981,31610.276000000005
34982,30560.279000000002
34983,30904.275000000005
34984,31287.273000000005
34985,32048.279000000006
34986,31474.278000000006
34987,31946.277000000006
34988,31297.277000000006
34989,31746.273000000005
34990,31448.277000000006
34991,31111.264000000006
34992,31766.250000000004
34993,30233.249000000007
34994,30209.250000000007
34995,29017.247000000007
34996,28387.243000000006
34997,28062.250000000007
34998,28075.238000000005
34999,28447.234000000008
35000,28619.236000000008
35001,29577.232000000007
35002,30193.225000000006
35003,31398.222000000005
35004,30987.224000000006
35005,31604.214000000004
35006,32936.214
35007,32953.208000000006
35008,33728.203
35009,33467.195
35010,33278.185
35011,33693.181000000004
35012,34111.176
35013,34588.178
35014,34380.175
35015,35006.175
35016,34635.168
35017,34686.167
35018,34297.163
35019,34637.159
35020,34561.161
35021,33222.148
35022,33090.144
35023,31242.139000000003
35024,31364.133
35025,30360.129
35026,30268.129000000004
35027,28850.127000000004
35028,28888.124000000003
35029,28874.130000000005
35030,29677.130000000005
35031,30899.120000000003
35032,31420.125000000004
35033,32774.123
35034,32780.12
35035,32934.12100000001
35036,33932.12100000001
35037,34377.123999999996
35038,34962.123999999996
35039,33908.129
35040,33479.127
35041,34096.127
35042,34347.119999999995
35043,34539.121
35044,35628.11899999999
35045,35217.119
35046,35448.119
35047,35649.119999999995
35048,35682.117999999995
35049,36694.111999999994
35050,36562.10799999999
35051,34144.117
35052,33906.115
35053,31816.113
35054,32179.109
35055,32065.105000000003
35056,31496.106000000003
35057,30360.107000000004
35058,30351.105000000003
35059,30660.107000000004
35060,31781.111000000004
35061,31747.112000000005
35062,32864.108
35063,34241.103
35064,34189.103
35065,34226.101
35066,34205.099
35067,34994.100000000006
35068,35014.102
35069,34234.100000000006
35070,33426.099
35071,34415.097
35072,34385.097
35073,34730.103
35074,34401.099
35075,34115.103
35076,34529.1
35077,34524.099
35078,34349.100000000006
35079,34525.100000000006
35080,35050.09999999999
35081,33903.098
35082,32893.099
35083,30818.089000000004
35084,31868.084000000006
35085,32660.080000000005
35086,31130.083000000002
35087,30165.078000000005
35088,29951.079
35089,30156.078000000005
35090,31154.078000000005
35091,30959.074000000004
35092,31720.077000000005
35093,32260.082000000002
35094,32265.079000000005
35095,31900.078000000005
35096,31900.077000000005
35097,33514.07000000001
35098,34519.06800000001
35099,33915.069
35100,33540.064000000006
35101,34150.063
35102,34400.059
35103,36505.06
35104,35945.06
35105,36375.058999999994
35106,36365.061
35107,36755.062
35108,37595.06
35109,38410.058000000005
35110,37460.061
35111,36095.061
35112,35480.062000000005
35113,32960.059
35114,33835.055
35115,34660.056000000004
35116,35270.056
35117,33520.05500000001
35118,32145.057000000008
35119,32180.055000000008
35120,32680.057000000008
35121,32835.060000000005
35122,33650.05900000001
35123,35570.062
35124,35380.061
35125,34480.056000000004
35126,34070.055
35127,34815.057
35128,35185.056
35129,34365.059
35130,33995.060000000005
35131,34975.059
35132,34915.062000000005
35133,35045.065
35134,34660.066000000006
35135,35515.066
35136,35965.064
35137,36550.064
35138,37735.066
35139,38025.062999999995
35140,37945.064
35141,36410.065
35142,35475.062999999995
35143,33335.063
35144,35100.061
35145,35350.06
35146,35573.059
35147,34408.059
35148,33198.062000000005
35149,32933.066000000006
35150,33813.062000000005
35151,33648.062000000005
35152,33538.063
35153,35488.064000000006
35154,34673.066000000006
35155,33948.065
35156,33618.063
35157,34170.065
35158,33550.067
35159,33160.069
35160,32750.069000000007
35161,33355.071
35162,32570.073000000008
35163,32880.07400000001
35164,32330.072000000007
35165,32965.07200000001
35166,32595.075000000008
35167,33270.07200000001
35168,34210.07400000001
35169,33980.077000000005
35170,33855.075000000004
35171,32845.077000000005
35172,32330.073000000008
35173,30670.069000000007
35174,31440.073000000008
35175,31840.072000000007
35176,32255.072000000007
35177,31535.070000000007
35178,31335.072000000007
35179,31145.071000000007
35180,32080.074000000008
35181,32020.07600000001
35182,33260.07200000001
35183,34635.071
35184,34255.069
35185,32850.07200000001
35186,32020.072000000007
35187,32240.072000000007
35188,32095.072000000007
35189,32115.073000000008
35190,31300.075000000008
35191,32420.074000000008
35192,33435.069
35193,33825.071
35194,33790.073000000004
35195,34340.07600000001
35196,35845.069
35197,36095.068
35198,36515.066999999995
35199,36285.069
35200,35525.07
35201,34620.066000000006
35202,34520.062000000005
35203,32915.066000000006
35204,33530.06500000001
35205,33305.066000000006
35206,34285.06700000001
35207,33790.06500000001
35208,33645.060000000005
35209,32860.06100000001
35210,33485.05900000001
35211,32925.05900000001
35212,33145.05900000001
35213,34435.064000000006
35214,33520.062000000005
35215,34540.065
35216,32695.069000000007
35217,33320.066000000006
35218,33875.067
35219,33540.06800000001
35220,33950.064000000006
35221,35040.061
35222,35600.061
35223,35205.062000000005
35224,40830.065
35225,41240.066
35226,42435.069
35227,42820.070999999996
35228,43090.075
35229,42540.073000000004
35230,42270.069
35231,41630.07
35232,41015.070999999996
35233,39680.07000000001
35234,41370.06399999999
35235,41170.066
35236,41720.06799999999
35237,40535.072
35238,39790.07
35239,39435.06800000001
35240,40055.066
35241,39795.069
35242,40020.068
35243,40995.068
35244,40105.066999999995
35245,39775.065
35246,38150.069
35247,37995.07100000001
35248,38885.073000000004
35249,38880.07400000001
35250,39015.077000000005
35251,39805.075
35252,40595.073
35253,40405.073
35254,40210.073
35255,41110.069999999985
35256,41105.07099999999
35257,41985.06599999999
35258,42540.067
35259,48130.063
35260,47940.062000000005
35261,47555.061
35262,46585.06
35263,45810.060000000005
35264,46865.059
35265,41375.058999999994
35266,42380.05799999999
35267,42680.051999999996
35268,41595.04999999999
35269,41215.047999999995
35270,41800.047999999995
35271,41270.049
35272,42055.047999999995
35273,42700.04599999999
35274,41890.047000000006
35275,41110.047000000006
35276,40340.05
35277,39720.05200000001
35278,40280.051999999996
35279,40700.053
35280,40250.05500000001
35281,40840.056
35282,41625.05499999999
35283,41845.057
35284,41390.06
35285,42105.064
35286,41735.06599999999
35287,41345.066999999995
35288,42585.064
35289,42480.061
35290,42655.061
35291,42595.06300000001
35292,41425.064
35293,41295.062000000005
35294,42075.062000000005
35295,41845.064
35296,43220.062999999995
35297,43670.06199999999
35298,42195.07000000001
35299,41570.073000000004
35300,41938.073000000004
35301,41258.069
35302,41933.069
35303,42498.06899999999
35304,42198.06599999999
35305,41413.068
35306,35233.064000000006
35307,35103.06100000001
35308,34908.065
35309,35518.066
35310,34938.065
35311,35718.064999999995
35312,36743.06500000001
35313,36563.067
35314,36363.06800000001
35315,37608.064000000006
35316,37473.062000000005
35317,36843.066000000006
35318,38008.065
35319,36413.06900000001
35320,36903.068
35321,37513.063
35322,36165.064000000006
35323,35605.064000000006
35324,36015.065
35325,35665.065
35326,37155.064000000006
35327,37948.06100000001
35328,38058.055
35329,37248.056000000004
35330,36843.059
35331,36513.05700000001
35332,36803.056000000004
35333,37010.059
35334,36395.06
35335,34635.063
35336,34045.064
35337,34090.060000000005
35338,34880.058
35339,35415.058
35340,34925.063
35341,33845.063
35342,34150.064999999995
35343,34170.066
35344,34175.064999999995
35345,34770.062999999995
35346,34215.061
35347,34210.062
35348,34545.063
35349,34505.066000000006
35350,34745.067
35351,34510.07000000001
35352,33900.071
35353,32705.07100000001
35354,33775.067
35355,33970.069
35356,34550.07000000001
35357,35095.073000000004
35358,34540.073000000004
35359,33749.073000000004
35360,33644.07
35361,33434.07000000001
35362,33604.069
35363,34689.073000000004
35364,34194.071
35365,32994.07400000001
35366,33329.07400000001
35367,32609.072000000007
35368,32749.073000000008
35369,33094.07200000001
35370,33100.07600000001
35371,34131.073
35372,34016.072
35373,33956.074
35374,32496.08400000001
35375,34113.08
35376,33328.08200000001
35377,33723.081
35378,35083.08200000001
35379,35768.088
35380,35713.09100000001
35381,35897.090000000004
35382,35546.09000000001
35383,34193.08800000001
35384,35118.09100000001
35385,35523.09300000001
35386,35748.095
35387,35578.095
35388,34533.09900000001
35389,34533.10000000001
35390,34705.102000000006
35391,33902.102000000006
35392,33922.10400000001
35393,35107.10300000001
35394,34719.10300000001
35395,33539.10500000001
35396,32964.10300000001
35397,32409.10200000001
35398,33006.100000000006
35399,32835.096000000005
35400,33790.096000000005
35401,34129.098000000005
35402,34577.09600000001
35403,35185.09700000001
35404,34251.098000000005
35405,34124.100000000006
35406,33869.10300000001
35407,34414.10600000001
35408,35424.104000000014
35409,35424.10600000001
35410,35260.10500000001
35411,35620.10700000001
35412,34959.10900000001
35413,34000.10900000001
35414,34831.10700000001
35415,35461.10300000001
35416,36061.105
35417,35861.10800000001
35418,34849.110000000015
35419,35318.10800000001
35420,35490.10900000001
35421,34561.10800000001
35422,35330.10600000001
35423,35337.10500000001
35424,34427.11200000001
35425,33782.11400000001
35426,32883.11200000001
35427,32551.112000000012
35428,32807.10800000001
35429,32587.108000000015
35430,32863.10500000001
35431,33048.10700000001
35432,33905.10300000001
35433,35143.101
35434,34383.10300000001
35435,33788.106000000014
35436,33799.10900000001
35437,34184.11300000001
35438,35692.116
35439,34957.12000000001
35440,35334.12000000001
35441,36078.12500000001
35442,34887.13000000001
35443,39414.13100000001
35444,39834.13000000002
35445,40033.133000000016
35446,40819.133000000016
35447,40813.13500000001
35448,40182.13700000002
35449,41132.13900000001
35450,35597.14500000001
35451,34231.14900000001
35452,33849.15300000001
35453,34852.157000000014
35454,35687.15200000001
35455,34524.15300000001
35456,33753.155000000006
35457,33154.15800000001
35458,34256.16000000001
35459,33278.16400000001
35460,33233.16600000001
35461,33038.17000000001
35462,34371.17500000001
35463,34706.17300000001
35464,34811.17100000001
35465,35628.172
35466,35800.173
35467,35869.173
35468,35439.181000000004
35469,35214.18300000001
35470,35554.18400000001
35471,36424.182
35472,35487.185000000005
35473,33631.189000000006
35474,33661.19200000001
35475,33831.185000000005
35476,34458.185000000005
35477,35170.186
35478,33873.18300000001
35479,34193.18700000001
35480,34560.18400000001
35481,34400.18400000001
35482,34800.189000000006
35483,36385.19
35484,37080.19
35485,35835.19000000001
35486,35250.19600000001
35487,34605.20400000001
35488,36091.203
35489,35186.20200000001
35490,35748.20700000001
35491,35616.205
35492,36016.21
35493,36336.21
35494,35881.213
35495,37331.210999999996
35496,36960.215
35497,37503.219
35498,37147.219999999994
35499,37769.219
35500,36726.22099999999
35501,37256.223999999995
35502,36763.22699999999
35503,34880.229
35504,35448.231999999996
35505,35152.234
35506,35925.236999999994
35507,35834.238
35508,34286.241
35509,35348.242999999995
35510,35264.247
35511,35240.25
35512,36520.24999999999
35513,37491.248999999996
35514,37301.253
35515,36582.257999999994
35516,36294.255999999994
35517,35030.255
35518,35670.257999999994
35519,33674.266
35520,34480.272
35521,34096.276000000005
35522,34391.277
35523,35602.275
35524,35200.276999999995
35525,36069.276
35526,35903.282
35527,36518.286
35528,37062.292
35529,37850.297000000006
35530,37801.295
35531,38337.298
35532,36405.3
35533,34794.299999999996
35534,36637.30700000001
35535,36421.30300000001
35536,37124.30500000001
35537,37339.306000000004
35538,36291.30300000001
35539,36637.30300000001
35540,36700.302
35541,36821.30500000001
35542,37465.314000000006
35543,37977.314000000006
35544,37127.323000000004
35545,36422.329000000005
35546,35996.333000000006
35547,35601.329000000005
35548,36422.329000000005
35549,34658.337
35550,35114.33500000001
35551,34778.33900000001
35552,35719.33400000001
35553,36554.33600000001
35554,36234.336
35555,37096.339
35556,36441.348
35557,38113.345
35558,38893.340000000004
35559,40098.34
35560,40285.339
35561,40530.339
35562,39693.342000000004
35563,38060.348000000005
35564,38715.355
35565,39125.359000000004
35566,40050.36000000001
35567,39050.36
35568,38029.36600000001
35569,38795.35900000001
35570,38158.356000000014
35571,37558.358000000015
35572,38259.35700000001
35573,38739.35800000001
35574,37765.365000000005
35575,36756.37100000001
35576,37100.37000000001
35577,36475.37200000002
35578,37025.373000000014
35579,35450.38100000001
35580,36482.39500000002
35581,35512.40300000001
35582,35987.40500000001
35583,37330.40800000001
35584,37752.401000000005
35585,38751.40000000001
35586,38608.399000000005
35587,40644.395000000004
35588,40674.40300000001
35589,42659.40300000001
35590,44136.39900000001
35591,45414.40600000001
35592,45213.40200000002
35593,43570.40400000002
35594,44772.40300000002
35595,44876.406000000025
35596,44890.412000000026
35597,43708.412000000026
35598,42946.42000000002
35599,43238.42200000002
35600,42510.42800000002
35601,41709.42200000001
35602,42798.419000000016
35603,43438.426000000014
35604,42951.430000000015
35605,41379.434000000016
35606,41007.435000000005
35607,40764.436
35608,41536.44300000001
35609,40467.44400000001
35610,41523.44600000001
35611,41298.44600000001
35612,41397.45800000001
35613,41495.46600000001
35614,41035.464000000014
35615,42036.46700000001
35616,42624.46300000001
35617,43690.46400000001
35618,43758.47400000002
35619,44732.47600000002
35620,44536.473000000005
35621,45197.477000000006
35622,44903.47600000001
35623,43159.481000000014
35624,45183.481000000014
35625,45030.48400000002
35626,44652.49100000001
35627,43934.487000000016
35628,43818.48900000001
35629,44901.494000000006
35630,44419.49700000001
35631,44232.498000000014
35632,43817.500000000015
35633,43767.502000000015
35634,43236.50500000002
35635,42004.515000000014
35636,42162.51800000001
35637,41220.52500000001
35638,42466.536000000015
35639,41902.537000000004
35640,43743.52800000001
35641,42907.528000000006
35642,42546.53900000001
35643,43243.547000000006
35644,42021.54100000001
35645,42922.54500000001
35646,43194.55200000001
35647,44607.556000000004
35648,44495.55
35649,44651.55
35650,43870.55600000001
35651,44289.558000000005
35652,44426.55300000001
35653,43771.54500000002
35654,45826.54800000002
35655,45803.56500000002
35656,45698.570000000014
35657,45340.574000000015
35658,45432.571
35659,45411.57300000002
35660,43107.576000000015
35661,42598.582
35662,43158.58300000001
35663,43413.58800000001
35664,42699.58700000001
35665,41950.581000000006
35666,42167.58700000001
35667,41052.591000000015
35668,41477.59400000001
35669,40162.59800000001
35670,41192.607
35671,41292.611000000004
35672,40753.615000000005
35673,42712.605
35674,41877.60500000001
35675,42616.619000000006
35676,42142.620000000024
35677,43391.623000000014
35678,42220.63700000001
35679,42840.64200000001
35680,41980.64100000001
35681,42520.63500000001
35682,42916.634000000005
35683,41019.634000000005
35684,42385.64200000001
35685,42728.64
35686,43496.649
35687,43544.644
35688,43516.653999999995
35689,44004.648
35690,44006.651
35691,44526.643000000004
35692,45018.64000000001
35693,45508.637
35694,45115.638000000006
35695,44781.636
35696,44560.638
35697,43770.638
35698,43515.642
35699,42365.643000000004
35700,43339.64700000001
35701,42195.65899999999
35702,42535.656
35703,44218.656
35704,42881.659
35705,44455.64400000001
35706,43571.64100000001
35707,43915.638999999996
35708,43901.63300000001
35709,44452.64000000001
35710,43108.651000000005
35711,44577.63100000001
35712,44186.638000000006
35713,41711.62900000001
35714,42529.62500000001
35715,41690.62900000001
35716,41756.636000000006
35717,42359.64200000001
35718,42191.64900000001
35719,42596.642
35720,42505.64300000001
35721,43082.63500000001
35722,43482.645
35723,43714.649999999994
35724,44027.655999999995
35725,43564.66
35726,43425.666000000005
35727,42300.67000000002
35728,43130.67200000001
35729,41708.66400000001
35730,42390.66000000001
35731,41795.651000000005
35732,41614.64900000001
35733,42194.65700000001
35734,41702.66000000001
35735,42739.655
35736,42244.66
35737,43310.65100000001
35738,42487.663000000015
35739,43919.65800000001
35740,42164.665000000015
35741,42288.67200000002
35742,41353.67300000001
35743,41091.676000000014
35744,41188.675
35745,40936.67600000001
35746,41178.67600000001
35747,41597.672999999995
35748,40908.663
35749,41907.66000000001
35750,42414.643
35751,42879.643000000004
35752,43350.645
35753,43600.64
35754,43141.650000000016
35755,43089.642000000014
35756,42165.65800000002
35757,42020.64600000001
35758,42803.64300000001
35759,41412.640000000014
35760,41826.642000000014
35761,41887.64100000001
35762,41764.62800000001
35763,42091.62800000001
35764,42625.630000000005
35765,43072.634000000005
35766,42992.63100000001
35767,43085.63400000001
35768,42795.64000000001
35769,43369.64200000001
35770,42689.64400000001
35771,41990.641
35772,41721.64200000001
35773,40784.634000000005
35774,40023.63600000001
35775,39163.64600000001
35776,39725.63500000001
35777,38911.62600000001
35778,38498.62500000001
35779,38274.62800000001
35780,38138.629000000015
35781,38423.61500000001
35782,39415.61100000001
35783,39424.604000000014
35784,38435.60600000001
35785,38344.59800000001
35786,37128.60600000001
35787,36834.60700000001
35788,37481.61700000001
35789,36252.61500000001
35790,36297.604000000014
35791,35747.614000000016
35792,34774.604000000014
35793,35668.60000000001
35794,36857.58800000001
35795,38196.58200000001
35796,38696.59300000001
35797,38533.596000000005
35798,38556.60300000001
35799,38804.59700000001
35800,38264.596000000005
35801,38815.594000000005
35802,39497.585999999996
35803,37956.585999999996
35804,37441.579999999994
35805,36135.58399999999
35806,35796.57699999999
35807,35410.583
35808,34651.577000000005
35809,34173.58100000001
35810,33954.585000000014
35811,33662.58800000001
35812,33383.599000000024
35813,34459.58600000001
35814,33328.58300000002
35815,33137.584000000024
35816,32286.586000000025
35817,32047.58800000002
35818,32656.58800000002
35819,31949.57800000002
35820,32902.57500000002
35821,32765.57400000002
35822,32006.568000000017
35823,32137.56200000002
35824,32531.565000000017
35825,33978.554000000004
35826,35189.55199999999
35827,34659.547
35828,34566.537000000004
35829,35076.536
35830,34000.53300000001
35831,33888.523
35832,34626.529
35833,33060.53000000001
35834,32785.523000000016
35835,31113.52100000002
35836,29853.53000000002
35837,30306.530000000017
35838,29634.54100000002
35839,29254.534000000018
35840,28951.53600000002
35841,28587.52700000002
35842,28848.533000000018
35843,29293.53100000002
35844,28713.52900000002
35845,29187.53100000002
35846,28327.538000000022
35847,28566.537000000022
35848,28714.54700000002
35849,28371.54100000002
35850,28864.545000000016
35851,29960.54700000002
35852,28656.545000000016
35853,28697.53800000002
35854,29125.534000000018
35855,29924.543000000016
35856,30374.542000000016
35857,30140.53700000002
35858,29451.541000000016
35859,31089.53300000002
35860,30669.51900000002
35861,30472.51600000002
35862,31228.509000000016
35863,31381.50700000002
35864,30897.50400000002
35865,29403.507000000016
35866,29359.502000000015
35867,29724.499000000018
35868,29261.501000000015
35869,28562.497000000018
35870,27916.493000000013
35871,27226.494000000013
35872,26836.50000000001
35873,27459.49400000001
35874,27663.49100000001
35875,28119.48200000001
35876,26153.479000000014
35877,26887.475000000013
35878,27218.474000000013
35879,26838.474000000013
35880,28118.46600000001
35881,27609.473000000013
35882,27806.469000000012
35883,26576.471000000012
35884,26828.464000000014
35885,27146.46100000001
35886,28037.46500000001
35887,26867.46500000001
35888,26794.46500000001
35889,26717.458000000013
35890,25217.463000000014
35891,25465.469000000012
35892,25803.46500000001
35893,26979.45700000001
35894,26258.450000000008
35895,25409.45400000001
35896,26481.451000000005
35897,27744.45100000001
35898,27270.444000000007
35899,27494.44300000001
35900,26678.44100000001
35901,25433.444000000007
35902,24733.44700000001
35903,24088.452000000012
35904,25213.44900000001
35905,25899.444000000014
35906,24277.442000000014
35907,24839.438000000013
35908,24760.439000000013
35909,24031.445000000014
35910,24517.44300000001
35911,25245.442000000014
35912,25028.442000000014
35913,24579.440000000013
35914,23904.44100000001
35915,23704.435000000012
35916,24003.433000000008
35917,22097.43000000001
35918,22430.43200000001
35919,22372.44600000001
35920,22914.44300000001
35921,23396.441000000006
35922,23210.445000000007
35923,22902.447000000007
35924,22596.437000000005
35925,21193.43500000001
35926,21121.434000000005
35927,22106.428000000007
35928,22269.424000000006
35929,23192.421000000006
35930,22289.420000000006
35931,22221.420000000006
35932,22004.413000000004
35933,21465.411000000007
35934,21366.413000000008
35935,22903.411000000007
35936,22237.404000000006
35937,22067.406000000006
35938,21496.402000000006
35939,20256.403000000006
35940,21373.402000000006
35941,22017.409000000007
35942,22172.40600000001
35943,22944.40600000001
35944,22275.41200000001
35945,21247.41200000001
35946,22153.416000000012
35947,20440.42500000001
35948,19996.440000000013
35949,20132.43900000001
35950,19352.439000000013
35951,18079.45300000001
35952,18632.44600000001
35953,18061.446000000007
35954,18722.445000000007
35955,18115.45600000001
35956,17660.45300000001
35957,18033.45200000001
35958,17184.455000000005
35959,17222.445000000003
35960,16907.443000000003
35961,17138.434000000005
35962,16631.430000000004
35963,16932.425000000003
35964,16644.410000000003
35965,17470.400000000005
35966,17869.390000000003
35967,18512.387
35968,19077.384
35969,19814.375999999997
35970,20917.362999999994
35971,20682.364999999998
35972,20134.358999999997
35973,19280.359999999997
35974,19265.359
35975,18948.356
35976,18628.364999999998
35977,17848.369
35978,17624.377
35979,16027.389000000001
35980,15122.39
35981,14033.395000000002
35982,14874.394000000002
35983,15487.397000000003
35984,15426.410000000005
35985,14495.417000000007
35986,15025.417000000007
35987,14777.424000000006
35988,13638.430000000006
35989,13840.44400000001
35990,13440.445000000009
35991,12963.45500000001
35992,12122.470000000012
35993,10208.490000000014
35994,9191.504000000015
35995,8119.51300000001
35996,7181.527000000016
35997,6111.559000000021
35998,4224.5950000000175
35999,1259.6309999999971
36000,1318.4289999999962
36001,3602.4200000000096
36002,5122.408000000017
36003,6443.398000000016
36004,7350.386000000022
36005,8795.38400000002
36006,9868.378000000019
36007,10803.370000000019
36008,12160.362000000017
36009,12590.359000000015
36010,15072.355000000016
36011,13207.354000000016
36012,13511.354000000014
36013,12854.357000000015
36014,13466.35500000001
36015,12566.35400000001
36016,12408.357000000009
36017,12071.354000000007
36018,12154.356000000007
36019,11654.358000000006
36020,10282.357000000004
36021,11958.357000000005
36022,12608.347000000003
36023,13577.346000000001
36024,14764.340000000002
36025,14962.339000000002
36026,15857.331000000002
36027,16937.325
36028,17682.311999999998
36029,19482.306999999997
36030,18712.309999999998
36031,19797.307999999997
36032,19292.306999999997
36033,19300.307999999997
36034,18481.309999999998
36035,20033.305999999997
36036,20888.301999999996
36037,20668.306
36038,20406.304
36039,18991.304
36040,19766.301
36041,18526.298
36042,18086.299
36043,16878.296
36044,17821.288
36045,17161.286
36046,15866.29
36047,15708.289
36048,16976.29
36049,16171.283
36050,16786.279
36051,16806.277
36052,15516.275000000003
36053,16071.274000000003
36054,15578.280000000004
36055,15678.270000000004
36056,15500.263000000004
36057,15710.256000000001
36058,14560.259000000002
36059,15850.253
36060,14557.259000000002
36061,15905.256000000005
36062,16786.251000000004
36063,17491.251000000004
36064,17851.253000000004
36065,18586.252000000004
36066,20121.248000000003
36067,20426.254
36068,20371.255
36069,18766.253000000004
36070,18716.254000000004
36071,17826.248000000007
36072,17168.250000000007
36073,16366.240000000007
36074,16491.23700000001
36075,16246.231000000007
36076,15091.222000000007
36077,15221.225000000008
36078,15366.226000000008
36079,14924.222000000009
36080,15564.210000000006
36081,15399.202000000007
36082,15179.206000000007
36083,15369.211000000008
36084,15959.211000000008
36085,16364.207000000006
36086,16184.205000000005
36087,21124.203
36088,20534.205
36089,22286.208000000006
36090,21324.208000000006
36091,22504.208000000002
36092,22484.210000000006
36093,22889.210000000003
36094,23884.207000000002
36095,23679.210000000003
36096,24464.210000000003
36097,24302.209000000003
36098,24902.208000000002
36099,23377.207000000002
36100,24567.206000000002
36101,23802.203
36102,23794.204
36103,17309.209000000003
36104,17114.209000000003
36105,16549.211000000003
36106,15789.209000000004
36107,15771.211000000005
36108,16179.210000000005
36109,15994.210000000005
36110,16414.207000000002
36111,16619.205
36112,16019.208000000004
36113,16024.207000000004
36114,16237.205000000004
36115,17392.207000000002
36116,17397.207000000002
36117,17622.204
36118,16842.204000000005
36119,18212.203000000005
36120,16657.205
36121,17819.204
36122,17619.203
36123,17222.206000000006
36124,18344.209000000003
36125,18367.206000000002
36126,18942.208000000002
36127,19532.207000000002
36128,20117.205
36129,18902.209000000003
36130,20457.210000000003
36131,19512.208000000002
36132,20122.206000000002
36133,19547.206000000002
36134,18167.209000000003
36135,16647.206000000002
36136,16297.203000000005
36137,16127.199000000002
36138,17649.2
36139,16679.201000000005
36140,16274.204000000005
36141,16269.202000000005
36142,16479.201000000005
36143,16899.198000000004
36144,17079.199000000004
36145,17892.196000000004
36146,17912.195000000003
36147,17542.194000000003
36148,16979.191000000003
36149,17764.192000000003
36150,17969.191000000003
36151,17974.190000000006
36152,17804.187
36153,17399.188000000006
36154,18951.189000000002
36155,19146.190000000002
36156,19357.189000000002
36157,19932.191
36158,19547.19
36159,19147.191
36160,20327.189
36161,21117.188
36162,20722.189000000002
36163,21092.191
36164,20102.194
36165,18512.196
36166,18717.194
36167,18314.194
36168,20084.193
36169,19286.195
36170,18511.194
36171,17941.194
36172,18549.193
36173,18744.193
36174,18504.196
36175,18287.198
36176,18261.199
36177,17676.199
36178,17304.198000000004
36179,18079.199000000004
36180,17256.203
36181,17224.207000000006
36182,16864.205
36183,16474.207000000002
36184,17649.206000000002
36185,18987.208000000002
36186,18412.205
36187,20592.201
36188,19992.202
36189,20257.196
36190,22184.196
36191,22389.196
36192,22787.196
36193,22192.198
36194,22197.197
36195,21029.195
36196,21024.194
36197,19799.196
36198,20204.194
36199,20484.197
36200,19894.197
36201,20069.198
36202,19887.198
36203,19682.199
36204,18742.196
36205,18362.192000000003
36206,18329.197000000004
36207,17784.190000000002
36208,18559.188000000002
36209,19534.189000000002
36210,19327.186
36211,19509.189000000002
36212,18724.186
36213,18749.183
36214,19572.179
36215,20749.176000000003
36216,20509.181
36217,21687.181
36218,20937.178
36219,20684.182
36220,21654.181000000004
36221,21654.181
36222,22254.179
36223,22004.185
36224,21989.186
36225,21199.187
36226,22376.185
36227,22376.184
36228,22604.184
36229,22029.182
36230,21624.182
36231,21186.188000000002
36232,21596.186
36233,21411.185
36234,21629.179
36235,20846.179
36236,20289.176
36237,19319.176
36238,19859.181
36239,20434.184
36240,19874.184
36241,19514.185
36242,18754.190000000002
36243,18606.189000000002
36244,17791.194000000003
36245,18926.194000000003
36246,19166.191000000003
36247,20166.188000000002
36248,20378.187
36249,21130.190000000002
36250,22199.184
36251,22179.186
36252,23144.190000000002
36253,23541.186
36254,23361.186
36255,22374.188000000002
36256,24119.189000000002
36257,24506.190000000002
36258,25496.185
36259,25101.189000000002
36260,24711.188000000002
36261,24518.185
36262,24518.184000000005
36263,24557.181000000004
36264,24562.184000000005
36265,24906.190000000002
36266,23931.190000000002
36267,23161.191000000003
36268,24116.194000000003
36269,23910.197000000004
36270,23298.199000000004
36271,21938.199000000004
36272,21718.201000000005
36273,20920.202000000005
36274,21285.206000000006
36275,21309.205000000005
36276,21101.208000000006
36277,20752.210000000006
36278,20919.212000000007
36279,22752.205000000005
36280,23337.205000000005
36281,23805.202000000005
36282,24671.194000000003
36283,23900.194000000003
36284,23730.200000000004
36285,23354.196000000004
36286,24680.202000000005
36287,25679.200000000004
36288,26521.200000000004
36289,26606.196000000004
36290,27633.194000000003
36291,27828.195000000003
36292,28316.190000000002
36293,28035.196000000004
36294,26681.195000000003
36295,27309.195000000003
36296,26524.199000000004
36297,26349.197000000004
36298,27318.198000000004
36299,27305.199000000004
36300,26571.197000000004
36301,25248.196000000004
36302,25734.191000000003
36303,25180.192000000003
36304,25260.187
36305,25656.191000000003
36306,24878.190000000002
36307,24913.189000000002
36308,25073.190000000002
36309,26402.191000000003
36310,26202.194000000003
36311,27076.188000000002
36312,27502.188000000002
36313,26326.188000000002
36314,26325.190000000002
36315,25790.192000000003
36316,26952.191000000003
36317,27177.193000000003
36318,28358.198000000004
36319,27770.197000000004
36320,28523.202000000005
36321,29510.202000000005
36322,28931.202000000005
36323,29219.199000000004
36324,27825.205
36325,28357.208000000002
36326,27549.208000000002
36327,27452.204000000005
36328,27305.205000000005
36329,27533.204
36330,25792.204
36331,26208.205
36332,26568.209000000003
36333,26424.202
36334,26897.206000000002
36335,27111.205
36336,27254.197
36337,27797.202
36338,26841.2
36339,27975.207
36340,27924.208
36341,28142.207000000002
36342,27550.207000000002
36343,26734.212
36344,28074.213
36345,27457.216
36346,27299.217
36347,28056.22
36348,28460.222
36349,27773.219
36350,28603.213
36351,28864.211
36352,28325.208
36353,30101.208
36354,27880.216
36355,28742.211
36356,28751.211
36357,29096.211
36358,29140.211
36359,28466.211
36360,27157.21
36361,27166.209
36362,27345.207
36363,26761.212
36364,26765.21
36365,27722.204
36366,27764.198
36367,27730.198
36368,26955.194
36369,27606.193
36370,28108.189
36371,28084.193
36372,26956.2
36373,26587.202999999998
36374,28362.212
36375,27890.213
36376,28443.217
36377,29020.22
36378,28591.228
36379,28393.225
36380,29430.227
36381,29012.228
36382,28934.221999999998
36383,30781.222
36384,30029.223
36385,30189.227000000003
36386,29984.229000000003
36387,30032.22
36388,29704.225000000002
36389,29421.232000000004
36390,27113.234000000004
36391,27364.231000000003
36392,28037.240000000005
36393,28251.245000000003
36394,30994.235000000004
36395,30998.235000000004
36396,30812.235000000004
36397,30891.237000000005
36398,29758.242000000002
36399,29571.246000000003
36400,29977.245000000003
36401,29427.243000000002
36402,28888.245000000003
36403,29229.249000000003
36404,30374.251000000004
36405,29803.253000000004
36406,30425.252000000004
36407,31224.254000000004
36408,31430.261000000002
36409,30879.264000000003
36410,32076.264000000003
36411,32777.264
36412,32439.270000000004
36413,33422.275
36414,32236.272000000004
36415,33608.272000000004
36416,33882.270000000004
36417,33461.272000000004
36418,31546.274000000005
36419,31650.271000000004
36420,30898.259000000002
36421,29704.267000000003
36422,30094.274000000005
36423,29522.268000000004
36424,29726.272000000004
36425,30263.269000000004
36426,29523.261000000006
36427,29424.253000000004
36428,34682.25200000001
36429,34567.24100000001
36430,34113.247
36431,33072.25200000001
36432,31937.247000000003
36433,31424.244000000002
36434,32717.243000000002
36435,31866.237000000005
36436,33256.235
36437,34198.234000000004
36438,34483.245
36439,34473.24100000001
36440,35073.240000000005
36441,35431.228
36442,35417.23
36443,35984.224
36444,34636.22200000001
36445,41870.215000000004
36446,42606.213
36447,42170.217000000004
36448,42973.216
36449,43391.204000000005
36450,42648.202000000005
36451,42540.194
36452,43689.192
36453,43849.181
36454,44127.177
36455,45528.174
36456,44848.174
36457,43734.17
36458,43389.164000000004
36459,43207.16500000001
36460,42792.166000000005
36461,43394.156
36462,42191.154
36463,41346.154
36464,42722.145000000004
36465,30432.146000000004
36466,32013.146000000004
36467,32922.139
36468,34048.136
36469,33398.139
36470,36290.132
36471,36059.134
36472,35747.13
36473,35765.133
36474,34969.132000000005
36475,34774.132000000005
36476,33985.132000000005
36477,33793.127
36478,34531.117000000006
36479,34331.119000000006
36480,33586.116
36481,32911.114
36482,34819.115000000005
36483,34569.113000000005
36484,34014.113000000005
36485,35259.109000000004
36486,35027.106999999996
36487,34193.106
36488,34519.108
36489,34354.107
36490,34192.101
36491,35149.103
36492,34595.104
36493,34345.104999999996
36494,34191.10800000001
36495,33613.109000000004
36496,35353.106999999996
36497,36129.105
36498,35560.104
36499,35353.106999999996
36500,36588.103
36501,36565.101
36502,34826.102
36503,35622.1
36504,34656.100000000006
36505,34986.1
36506,33969.101
36507,33962.100000000006
36508,33886.107
36509,34709.102
36510,33930.106
36511,33192.104
36512,35332.103
36513,34345.103
36514,34098.10600000001
36515,34402.098
36516,34072.096000000005
36517,30587.096000000005
36518,31217.090000000004
36519,31882.083000000006
36520,31109.082000000006
36521,32326.076000000005
36522,32079.079000000005
36523,31519.075000000004
36524,32066.074000000004
36525,31871.074000000004
36526,33276.069
36527,33501.07
36528,33870.07
36529,33098.07
36530,33641.071
36531,33238.073000000004
36532,31688.071000000004
36533,32032.069000000003
36534,31267.071000000004
36535,31717.067000000006
36536,31341.064000000006
36537,31915.064000000006
36538,32145.05900000001
36539,32535.06000000001
36540,32590.058000000008
36541,30965.059000000005
36542,32750.058000000008
36543,32680.053000000007
36544,32090.054000000007
36545,31935.051000000007
36546,32175.048000000006
36547,30965.052000000007
36548,30155.054000000007
36549,30880.055000000004
36550,30755.051000000007
36551,31915.054000000004
36552,31945.054000000004
36553,32285.054000000004
36554,33035.056000000004
36555,32450.056000000004
36556,34080.052
36557,33965.051
36558,35105.051999999996
36559,33700.055
36560,34285.055
36561,34105.05700000001
36562,32570.057000000008
36563,32425.058000000008
36564,32425.058000000008
36565,32980.05900000001
36566,32165.06100000001
36567,33020.05700000001
36568,33335.06300000001
36569,33250.066000000006
36570,32890.065
36571,31600.06000000001
36572,33070.064000000006
36573,32230.066000000006
36574,32045.064000000006
36575,32045.065000000006
36576,32310.061000000005
36577,31970.061000000005
36578,33235.063
36579,33390.066000000006
36580,33145.066000000006
36581,34575.063
36582,34605.062000000005
36583,34870.058000000005
36584,35845.058
36585,34895.058
36586,35900.059
36587,35975.054000000004
36588,36370.053
36589,35615.053
36590,36855.049
36591,37405.05100000001
36592,35945.056
36593,36300.058000000005
36594,35675.062000000005
36595,37360.058000000005
36596,37100.056
36597,36885.062000000005
36598,36930.063
36599,37135.061
36600,36770.061
36601,35580.061
36602,37060.062000000005
36603,36175.059
36604,35415.061
36605,35225.06
36606,35195.061
36607,34750.062000000005
36608,34140.062000000005
36609,34805.064
36610,33995.066000000006
36611,35005.064
36612,34835.067
36613,34685.069
36614,36115.066000000006
36615,34545.068
36616,35815.063
36617,35785.064
36618,36160.067
36619,34395.07000000001
36620,35595.069
36621,36250.065
36622,35265.067
36623,35453.06800000001
36624,35288.067
36625,36178.07000000001
36626,35268.067
36627,35308.06500000001
36628,34903.06900000001
36629,34953.07000000001
36630,35183.06800000001
36631,33878.066000000006
36632,35673.06300000001
36633,35303.064000000006
36634,34528.06300000001
36635,35378.060000000005
36636,34968.064000000006
36637,35028.06200000001
36638,34468.06200000001
36639,35653.05900000001
36640,35290.05900000001
36641,41790.058000000005
36642,41935.058000000005
36643,42270.059
36644,43295.059
36645,42550.059
36646,43075.061
36647,43445.061
36648,43675.05900000001
36649,42670.062
36650,43675.062999999995
36651,44095.062999999995
36652,42070.06
36653,41905.059
36654,41425.062000000005
36655,41845.06100000001
36656,41030.063
36657,40400.067
36658,39915.07200000001
36659,45305.07000000001
36660,44750.069
36661,43185.07100000001
36662,46320.06800000001
36663,46350.06700000001
36664,45670.07200000001
36665,46740.068000000014
36666,46440.066000000006
36667,45660.066000000006
36668,45460.06700000001
36669,46155.07
36670,46190.06800000001
36671,46950.063
36672,46755.064000000006
36673,46815.062
36674,48330.064000000006
36675,41725.06300000001
36676,42605.068
36677,42770.069
36678,43385.068
36679,42830.069
36680,43815.068
36681,44015.068
36682,42155.065
36683,41925.06700000001
36684,41310.069
36685,41115.069
36686,40810.068
36687,40470.069
36688,40265.07100000001
36689,40300.069
36690,39540.07000000001
36691,38890.073000000004
36692,41810.07000000001
36693,42545.07000000001
36694,41930.072000000015
36695,43100.073000000004
36696,42730.07500000001
36697,36120.074
36698,35935.073
36699,36800.071
36700,37200.07
36701,36670.070999999996
36702,36595.076
36703,37820.072
36704,37865.073000000004
36705,37215.069
36706,37380.07
36707,38540.07
36708,38935.068999999996
36709,38520.06800000001
36710,38525.070999999996
36711,37970.07000000001
36712,36460.06500000001
36713,34950.06500000001
36714,35170.06500000001
36715,35010.063
36716,35405.062000000005
36717,34990.06200000001
36718,35065.06600000001
36719,35085.06700000001
36720,34685.064000000006
36721,34260.06700000001
36722,36560.06100000001
36723,37475.064000000006
36724,37340.062000000005
36725,38880.062000000005
36726,38130.063
36727,38115.062
36728,37700.064
36729,37670.066
36730,38135.07
36731,37905.07200000001
36732,37400.071
36733,38140.06500000001
36734,37995.06500000001
36735,37065.061
36736,37415.06
36737,37875.060000000005
36738,37620.063
36739,37165.066
36740,37645.065
36741,38030.06599999999
36742,36735.066999999995
36743,35270.072
36744,34900.073
36745,35295.07199999999
36746,35410.068999999996
36747,34655.069
36748,35560.06399999999
36749,35640.06399999999
36750,34870.066
36751,34090.067
36752,35225.07
36753,35770.073
36754,35755.07600000001
36755,36640.078
36756,36700.076
36757,36595.077000000005
36758,36645.073000000004
36759,36485.071
36760,36140.07200000001
36761,36615.069
36762,36355.06800000001
36763,36530.067
36764,36505.067
36765,35830.07
36766,35625.071
36767,35480.071
36768,34930.069
36769,35005.07400000001
36770,35570.073000000004
36771,36105.073
36772,35890.07199999999
36773,35660.064999999995
36774,34890.066
36775,34725.065
36776,34950.064
36777,34040.064000000006
36778,35675.066
36779,35680.065
36780,35680.065
36781,35215.061
36782,36645.056000000004
36783,37600.055
36784,37370.057
36785,38085.060000000005
36786,38030.06100000001
36787,37610.062
36788,38980.058
36789,38190.060000000005
36790,37860.058
36791,38645.057
36792,37860.058
36793,37885.059
36794,38030.064000000006
36795,37665.06500000001
36796,38385.058
36797,38625.05400000001
36798,39240.054000000004
36799,39770.05500000001
36800,39705.058000000005
36801,39885.057
36802,39355.056000000004
36803,38965.059
36804,39265.053
36805,37950.053
36806,37655.058
36807,37920.056000000004
36808,38150.056
36809,38115.059
36810,37781.05700000001
36811,37605.056000000004
36812,38320.060000000005
36813,38919.06100000001
36814,38724.06200000001
36815,39999.065
36816,39519.06800000001
36817,40323.066000000006
36818,39358.069
36819,38597.06900000001
36820,39333.071
36821,39708.06900000001
36822,38778.07600000001
36823,38798.079000000005
36824,38633.079000000005
36825,38238.08000000001
36826,38461.079000000005
36827,37496.077000000005
36828,38211.081000000006
36829,39411.082
36830,38926.08700000001
36831,40781.08900000001
36832,40441.085
36833,39030.088
36834,39385.092000000004
36835,38615.09100000001
36836,38925.089
36837,39208.086
36838,39011.086
36839,39336.089
36840,38976.088
36841,38839.085999999996
36842,40861.081999999995
36843,41641.083
36844,40700.083
36845,42095.081999999995
36846,41545.08
36847,41845.086
36848,41485.086
36849,40355.084
36850,41205.081
36851,40141.077999999994
36852,39776.077999999994
36853,39954.08
36854,39550.081999999995
36855,38430.083
36856,38824.084
36857,38059.081000000006
36858,38279.083
36859,39042.088
36860,38657.087
36861,39552.090000000004
36862,38467.08900000001
36863,37513.08900000001
36864,35825.090000000004
36865,35354.095
36866,35351.096000000005
36867,36317.097
36868,35769.096000000005
36869,35304.102000000006
36870,35105.101
36871,34230.10500000001
36872,35435.103
36873,35995.102
36874,36620.09999999999
36875,38380.099
36876,38060.097
36877,38652.1
36878,38678.102
36879,37842.10799999999
36880,37870.111
36881,36888.114
36882,36888.118
36883,36298.12299999999
36884,35698.133
36885,34390.137
36886,34754.14000000001
36887,32818.141
36888,34185.143
36889,34847.143000000004
36890,35247.143000000004
36891,36106.153
36892,35535.155
36893,34815.155000000006
36894,34582.159999999996
36895,33285.16
36896,33242.16600000001
36897,34772.162000000004
36898,34646.16
36899,35117.163
36900,35295.16700000001
36901,34603.16700000001
36902,35309.170000000006
36903,35295.174000000006
36904,35501.170000000006
36905,38036.17199999999
36906,38261.170999999995
36907,38168.170999999995
36908,38130.165
36909,37264.167
36910,36759.166
36911,36477.171
36912,36552.169
36913,37397.167
36914,37360.17
36915,37005.171
36916,37118.172
36917,36255.179000000004
36918,37833.181000000004
36919,40955.18
36920,41100.187999999995
36921,42765.187
36922,42653.187
36923,41016.19300000001
36924,41047.194
36925,39597.192
36926,39458.195
36927,41088.195
36928,40231.198000000004
36929,40380.200000000004
36930,40029.198000000004
36931,38676.203
36932,39205.204000000005
36933,39386.2
36934,38275.208000000006
36935,39767.212
36936,41021.206999999995
36937,40556.210999999996
36938,40622.206999999995
36939,40198.209
36940,40193.212
36941,40238.212999999996
36942,40616.215
36943,41108.22
36944,41188.231999999996
36945,40755.234
36946,41345.234
36947,40693.238999999994
36948,40801.246
36949,41263.25
36950,41536.248999999996
36951,42919.246999999996
36952,40213.24999999999
36953,39265.24999999999
36954,39574.25099999999
36955,37812.25399999999
36956,36624.264
36957,37912.26599999999
36958,36657.26799999999
36959,36532.26299999999
36960,36407.267
36961,35827.265
36962,36084.26599999999
36963,36365.26599999999
36964,36035.268999999986
36965,37949.26799999999
36966,38327.26899999999
36967,38200.271
36968,38557.27099999999
36969,37860.27799999999
36970,37658.27999999999
36971,38044.27999999999
36972,38532.28199999999
36973,39436.28599999999
36974,39651.287
36975,38906.28899999999
36976,39763.293999999994
36977,39667.28799999999
36978,43070.286
36979,43888.288
36980,43430.289000000004
36981,42799.291000000005
36982,42617.294
36983,42371.289000000004
36984,41834.294
36985,41113.295
36986,40307.297000000006
36987,42013.293000000005
36988,41480.291000000005
36989,41249.3
36990,41708.30500000001
36991,41167.306000000004
36992,41060.308000000005
36993,41284.310000000005
36994,40471.315
36995,41475.318
36996,42209.320999999996
36997,42439.325
36998,42773.329
36999,42235.321
37000,41617.33
37001,41703.329000000005
37002,42371.326
37003,43361.329
37004,43875.331
37005,43594.33
37006,44070.333999999995
37007,43082.335999999996
37008,43950.337999999996
37009,44688.33900000001
37010,44751.33900000001
37011,45294.34200000001
37012,44999.34500000001
37013,44344.34500000001
37014,44242.35300000001
37015,43559.35500000001
37016,42977.35400000001
37017,43001.367000000006
37018,41870.37000000001
37019,41827.37800000001
37020,41868.38100000001
37021,40706.39200000001
37022,40975.40000000001
37023,40966.40600000001
37024,41690.40500000001
37025,42071.40900000002
37026,41538.410000000025
37027,41717.40600000002
37028,42743.39900000001
37029,42373.39800000002
37030,42513.40500000001
37031,42005.41100000001
37032,42358.413
37033,42283.418999999994
37034,43342.41500000001
37035,44173.422999999995
37036,44705.418
37037,44937.42100000002
37038,45858.42800000001
37039,45791.42600000002
37040,45114.434000000016
37041,45909.436000000016
37042,44586.44000000002
37043,43759.438000000024
37044,43739.442000000025
37045,43305.44100000002
37046,43747.43800000001
37047,44198.44000000002
37048,43316.434000000016
37049,42868.43900000002
37050,43463.43900000002
37051,42641.44300000002
37052,43805.44200000002
37053,43857.45200000002
37054,44180.453
37055,43902.457
37056,44676.46500000002
37057,44419.46700000002
37058,44687.466000000015
37059,44614.46100000001
37060,44587.47000000001
37061,45381.466
37062,44767.467000000004
37063,44983.47300000001
37064,45509.47200000001
37065,45787.48300000001
37066,45706.48800000001
37067,45891.489
37068,47147.487000000016
37069,47010.490000000005
37070,45905.5
37071,46248.50200000001
37072,46074.50600000001
37073,45879.49800000001
37074,45157.50600000001
37075,44496.50600000001
37076,43992.505000000005
37077,44589.50500000002
37078,43556.508000000016
37079,43146.51000000001
37080,43441.51300000002
37081,42575.50900000002
37082,43275.51800000001
37083,43400.51900000003
37084,43588.517000000014
37085,43443.52700000002
37086,43953.53000000001
37087,42878.53100000002
37088,43347.53600000002
37089,43270.54900000003
37090,43696.55700000003
37091,43995.562000000034
37092,43776.56500000002
37093,44012.57700000003
37094,45058.57900000002
37095,44913.58200000002
37096,45235.59000000002
37097,42309.59800000003
37098,42933.60300000002
37099,43051.59900000001
37100,42119.59800000003
37101,42501.59400000002
37102,42498.58400000001
37103,42374.58700000002
37104,41293.597000000016
37105,40407.59800000002
37106,40938.59500000002
37107,42301.59800000002
37108,40549.58900000002
37109,40604.59400000002
37110,40288.60600000001
37111,39221.609000000004
37112,39730.615000000005
37113,39284.617000000006
37114,39252.621000000014
37115,40120.62000000001
37116,40963.61200000001
37117,40282.610000000015
37118,41092.60800000001
37119,41836.608000000015
37120,42267.60900000001
37121,42945.621000000014
37122,42088.63300000001
37123,42375.62700000001
37124,43044.621000000014
37125,42857.621000000014
37126,43380.62000000001
37127,43248.63000000002
37128,43682.638000000006
37129,42557.63700000001
37130,41492.641
37131,40683.640999999996
37132,39847.642
37133,40395.64
37134,40655.647000000004
37135,40822.647
37136,41246.646
37137,42222.641
37138,41388.643000000004
37139,40744.639
37140,41428.63300000001
37141,41099.62000000002
37142,43313.61000000001
37143,42803.60700000001
37144,42446.60400000001
37145,42284.61300000001
37146,41851.61700000001
37147,40928.619000000006
37148,42581.62600000001
37149,43644.62800000001
37150,44234.63000000002
37151,45317.64100000002
37152,44313.650000000016
37153,44210.65600000002
37154,42993.65700000002
37155,42543.657000000014
37156,42321.66400000002
37157,42539.65500000001
37158,42563.657000000014
37159,41398.65400000002
37160,40446.65900000002
37161,40154.649000000005
37162,38978.64900000001
37163,39665.63800000001
37164,39987.64100000001
37165,40922.636000000006
37166,41161.64600000001
37167,43065.648
37168,41440.64400000001
37169,40897.64400000001
37170,40274.64600000001
37171,40575.634000000005
37172,41736.63000000001
37173,40794.63600000001
37174,41453.61900000002
37175,41643.62500000001
37176,41382.62800000001
37177,41499.63000000001
37178,43711.62400000001
37179,43432.631
37180,44066.636000000006
37181,44522.63100000001
37182,44116.64
37183,44417.636000000006
37184,43956.64000000001
37185,43232.638000000006
37186,43543.63700000002
37187,42536.635
37188,42718.63000000001
37189,41472.63300000001
37190,40899.63300000001
37191,39988.63700000002
37192,39131.62600000001
37193,39946.63000000001
37194,39561.64100000001
37195,39682.63400000001
37196,39680.62600000001
37197,40533.633000000016
37198,39735.622
37199,40140.621000000014
37200,39585.629000000015
37201,39270.63400000002
37202,39893.63400000001
37203,40227.61100000002
37204,40109.61700000002
37205,41375.610000000015
37206,41345.603000000025
37207,41315.609000000026
37208,43326.595000000016
37209,43628.59600000002
37210,44202.59800000002
37211,44268.60500000002
37212,43957.599000000024
37213,42002.60400000003
37214,41646.59500000002
37215,40936.587000000014
37216,40845.59100000001
37217,40127.596000000005
37218,40154.59700000001
37219,39800.58800000001
37220,38893.58600000001
37221,37129.59400000001
37222,36414.59100000001
37223,37715.59100000001
37224,36674.596000000005
37225,36758.606
37226,35792.602000000006
37227,36273.597
37228,33890.598000000005
37229,33991.588
37230,33936.588
37231,33765.583000000006
37232,34233.578
37233,34743.583
37234,35036.583
37235,35502.587
37236,35203.585999999996
37237,35482.581
37238,36387.584
37239,36972.573
37240,37136.562000000005
37241,38602.55100000001
37242,37885.557000000015
37243,36527.55700000001
37244,36639.553
37245,36000.547
37246,37140.54499999999
37247,36152.54599999999
37248,36365.545
37249,35633.558999999994
37250,34361.557
37251,33482.55700000001
37252,32848.54900000001
37253,33400.552
37254,33361.54800000001
37255,32432.549000000017
37256,32194.54400000002
37257,32561.55300000002
37258,31604.54800000002
37259,31559.54100000002
37260,32287.551000000018
37261,32281.553000000014
37262,33205.546
37263,33196.53800000001
37264,32447.537000000022
37265,33929.539000000004
37266,32631.537000000022
37267,32698.527000000024
37268,33198.51600000001
37269,33468.52000000001
37270,32279.524000000023
37271,33048.52000000001
37272,33713.51200000001
37273,32527.51800000002
37274,32989.511000000006
37275,32573.520000000022
37276,33317.526000000005
37277,33373.52300000001
37278,34403.51699999999
37279,33875.513999999996
37280,34124.50400000001
37281,32538.503000000022
37282,31522.50000000002
37283,32244.501000000022
37284,32194.507000000023
37285,30701.505000000023
37286,30317.511000000024
37287,31469.510000000024
37288,35424.49800000002
37289,34880.510000000024
37290,34683.51700000002
37291,35305.52100000002
37292,34804.52100000002
37293,34210.52000000002
37294,34037.51500000002
37295,35172.51900000002
37296,34309.50700000002
37297,33071.50700000002
37298,34632.504000000015
37299,34858.510000000024
37300,34323.508000000016
37301,34785.49800000002
37302,35291.50000000002
37303,35163.50500000002
37304,34991.49900000002
37305,34919.49500000002
37306,36244.49100000002
37307,35745.49700000002
37308,35953.49000000002
37309,34940.49700000002
37310,35666.48800000001
37311,33841.485000000015
37312,32755.48600000001
37313,32960.48400000001
37314,33906.47700000001
37315,33826.46700000002
37316,32475.465000000015
37317,34231.45900000002
37318,33566.45200000002
37319,28199.451000000015
37320,26976.449000000015
37321,28209.448000000015
37322,28457.442000000017
37323,28348.430000000015
37324,27378.430000000015
37325,27252.434000000016
37326,26782.443000000014
37327,25100.436000000016
37328,25699.43100000001
37329,25579.434000000012
37330,25478.436000000012
37331,25746.427000000014
37332,26164.43000000001
37333,26598.434000000016
37334,26760.430000000015
37335,26603.434000000012
37336,27293.43600000001
37337,27811.43900000001
37338,27240.441000000006
37339,27137.44200000001
37340,27492.440000000006
37341,25769.436000000005
37342,23765.439000000006
37343,23916.432000000008
37344,24950.430000000008
37345,25048.421000000006
37346,24198.423000000006
37347,26195.422000000013
37348,25744.41000000001
37349,25912.40800000001
37350,25529.413000000008
37351,26808.42200000001
37352,27084.42800000001
37353,26373.428000000004
37354,26167.42400000001
37355,26277.426000000003
37356,25461.425000000007
37357,23642.41600000001
37358,24735.41800000001
37359,24894.426000000007
37360,23994.423000000006
37361,24269.42300000001
37362,25337.425000000007
37363,25832.424000000006
37364,25410.415000000008
37365,25684.417000000005
37366,26442.417000000005
37367,25502.415000000008
37368,24664.412000000004
37369,23683.410000000003
37370,23918.414000000004
37371,22836.418000000005
37372,21074.410000000007
37373,21199.407000000003
37374,21345.411
37375,20554.407000000003
37376,19936.406000000006
37377,20822.409000000007
37378,20192.407000000007
37379,20593.409000000003
37380,21569.398000000005
37381,20973.407000000003
37382,21614.406000000003
37383,21028.400000000005
37384,20975.396000000004
37385,21056.391000000003
37386,19941.397
37387,19159.398
37388,21328.386000000002
37389,21668.385000000002
37390,20809.385000000002
37391,20195.383000000005
37392,21340.381000000005
37393,22057.380000000005
37394,22680.378000000004
37395,23424.375000000004
37396,23345.375000000004
37397,22803.371000000006
37398,21508.368000000006
37399,21159.361000000004
37400,21748.361000000004
37401,21105.361000000004
37402,19698.365000000005
37403,19564.361000000004
37404,19377.361000000004
37405,19451.36
37406,19192.355
37407,19760.354
37408,19578.347999999998
37409,20911.342
37410,21968.337999999996
37411,22359.332999999995
37412,21644.337
37413,19847.338
37414,18394.342
37415,17196.342000000004
37416,16568.345
37417,16305.348000000004
37418,16340.353000000005
37419,15025.358000000002
37420,12603.369000000002
37421,13178.372000000003
37422,13488.380000000005
37423,14433.390000000009
37424,15110.392000000007
37425,14517.40500000001
37426,14436.410000000013
37427,13307.416000000012
37428,13339.41000000001
37429,12862.40800000001
37430,13709.415000000015
37431,11962.434000000014
37432,11870.444000000016
37433,11495.448000000017
37434,10693.47100000002
37435,9548.49300000002
37436,7183.509000000017
37437,5062.538000000014
37438,3346.5660000000053
37439,1497.6069999999966
37440,2050.4379999999965
37441,3288.4340000000107
37442,5071.420000000014
37443,5851.412000000016
37444,6944.4030000000175
37445,7769.407000000022
37446,8919.395000000022
37447,9729.392000000022
37448,10954.389000000021
37449,11457.38800000002
37450,12707.385000000017
37451,12112.378000000013
37452,11397.377000000011
37453,12072.36800000001
37454,12392.357000000007
37455,13081.346000000007
37456,12755.352000000008
37457,13055.351000000006
37458,13065.349000000004
37459,13105.350000000006
37460,11797.344000000001
37461,12632.342
37462,13520.338000000002
37463,14900.328999999998
37464,14940.326999999997
37465,15023.313
37466,16961.31
37467,16697.311999999998
37468,17364.309999999998
37469,17554.308999999997
37470,18919.310999999998
37471,19725.314
37472,20255.319
37473,19995.32
37474,19325.33
37475,19102.336
37476,19197.335000000003
37477,19945.331
37478,19480.331
37479,19646.323
37480,19126.319
37481,18299.306999999997
37482,17676.303
37483,17971.301
37484,18083.31
37485,18078.308
37486,16468.302
37487,15798.303000000004
37488,15578.302000000001
37489,15308.296000000004
37490,14919.293000000003
37491,14364.290000000003
37492,14744.282000000005
37493,13769.282000000005
37494,14229.275000000003
37495,14414.270000000002
37496,14831.272
37497,15548.278000000004
37498,15723.279000000004
37499,16291.270000000004
37500,16406.265000000003
37501,16633.257
37502,16331.254000000004
37503,15971.245000000004
37504,14939.244000000004
37505,14914.236000000004
37506,15919.228000000003
37507,16654.226000000002
37508,17364.222
37509,17899.218
37510,18504.211000000003
37511,18659.214000000004
37512,18224.211000000003
37513,19414.206000000002
37514,20736.209000000003
37515,20356.205
37516,19411.196
37517,17461.194000000003
37518,15851.191
37519,14841.192000000003
37520,15066.187000000002
37521,15286.172000000002
37522,15689.173000000003
37523,15289.175000000003
37524,14894.176000000003
37525,15279.175000000003
37526,15459.179000000004
37527,15659.183000000005
37528,17239.179000000004
37529,16449.185000000005
37530,16446.187000000005
37531,16271.185000000003
37532,15929.182000000004
37533,15529.183000000005
37534,14939.186000000005
37535,14949.186000000005
37536,14954.183000000005
37537,16764.180000000004
37538,16409.177000000003
37539,17164.185
37540,17764.182
37541,18536.183
37542,18926.181
37543,19546.181
37544,20521.184
37545,20536.185
37546,20529.185
37547,18766.188000000002
37548,17989.190000000002
37549,17384.195000000003
37550,17189.195000000003
37551,17204.193000000003
37552,17014.195000000007
37553,17614.192000000003
37554,17067.189000000002
37555,16447.193000000003
37556,16822.195000000003
37557,16597.199000000004
37558,17564.201000000005
37559,16817.199000000004
37560,17007.198000000004
37561,16237.196000000005
37562,16412.198000000004
37563,16007.200000000004
37564,15809.199000000004
37565,14986.203000000005
37566,14416.201000000003
37567,16191.198000000004
37568,15799.199000000004
37569,16184.200000000004
37570,16569.201000000005
37571,17159.200000000004
37572,17374.198000000004
37573,17369.199000000004
37574,18164.198000000004
37575,18937.201000000005
37576,19327.2
37577,18359.201000000005
37578,17949.204
37579,18149.204
37580,18354.201000000005
37581,18564.198000000004
37582,17789.199000000004
37583,17619.197000000007
37584,17444.194000000003
37585,17439.194000000003
37586,18214.194000000003
37587,18174.197000000004
37588,18422.192000000003
37589,17657.190000000006
37590,18247.191000000003
37591,17799.195000000003
37592,17189.194000000003
37593,18159.194000000003
37594,17158.196000000004
37595,16348.200000000004
37596,15196.196000000004
37597,15816.191000000003
37598,15202.196000000004
37599,15742.201000000005
37600,15547.202000000005
37601,17537.197000000004
37602,18304.196
37603,17892.201000000005
37604,19062.201
37605,19822.202
37606,21017.198
37607,20792.201
37608,20392.201
37609,20974.2
37610,20404.199
37611,19814.2
37612,20389.2
37613,19984.199
37614,18974.206000000002
37615,18962.207000000002
37616,19387.202
37617,19212.199
37618,19397.201
37619,18022.201
37620,18432.199
37621,17847.201
37622,17657.2
37623,18277.198
37624,18482.196000000004
37625,17722.195000000003
37626,17512.196000000004
37627,18874.195000000003
37628,18084.197000000004
37629,19064.196
37630,19299.193000000003
37631,19819.2
37632,19019.202
37633,18784.208000000002
37634,19222.203
37635,19582.204
37636,18987.208
37637,19402.202000000005
37638,18997.201000000005
37639,19807.198000000004
37640,19412.197000000004
37641,19802.197000000004
37642,20387.197000000004
37643,20182.198000000004
37644,19402.198000000004
37645,19817.194000000003
37646,18867.193000000003
37647,18502.189000000002
37648,18694.186000000005
37649,18079.187000000005
37650,18099.187000000005
37651,17702.184000000005
37652,18092.184000000005
37653,18647.186000000005
37654,20212.183000000005
37655,20382.183000000005
37656,20787.181000000004
37657,21547.182000000004
37658,20772.179000000004
37659,21134.183
37660,21524.181
37661,21719.182
37662,21537.181
37663,21754.177
37664,21779.173
37665,22164.17
37666,22509.172
37667,22002.173
37668,21822.167999999998
37669,22032.168
37670,22254.167
37671,22659.166
37672,22264.169
37673,21839.174000000003
37674,20672.172000000002
37675,21282.167
37676,20452.169
37677,20044.170000000002
37678,20614.173000000003
37679,19824.174000000003
37680,19414.177000000003
37681,19041.178000000004
37682,19453.177000000003
37683,20234.182000000004
37684,21222.182000000004
37685,20842.187
37686,21043.187
37687,21479.191000000003
37688,20891.196000000004
37689,21296.196000000004
37690,21481.199000000004
37691,21691.196000000004
37692,21973.192000000003
37693,22621.191000000003
37694,23583.195000000003
37695,24435.193000000003
37696,24815.198
37697,25010.198
37698,23678.199
37699,23259.203
37700,24275.203
37701,24871.204
37702,24267.207000000002
37703,23862.210000000003
37704,23472.210000000003
37705,24120.204
37706,22577.2
37707,22825.198
37708,23237.198
37709,23087.199
37710,22320.199
37711,22059.203
37712,22646.202999999998
37713,23461.201999999997
37714,23471.202999999998
37715,22359.199999999997
37716,22898.203999999998
37717,23109.208
37718,22934.206
37719,23372.201999999997
37720,23444.200999999997
37721,23661.200999999997
37722,22794.21
37723,23353.214
37724,24362.212
37725,25526.214
37726,25907.217999999997
37727,25928.217999999997
37728,24749.225
37729,24941.225000000002
37730,25507.227
37731,25953.219
37732,25424.219
37733,25887.216
37734,25500.221
37735,25906.22
37736,25160.217
37737,25521.216
37738,26516.213
37739,26114.216
37740,24990.215
37741,25222.214
37742,25988.215
37743,25808.219
37744,26470.214
37745,25106.216
37746,24499.219
37747,24738.216
37748,24651.217
37749,24633.217
37750,25297.216
37751,25160.213
37752,24424.211
37753,24705.205999999995
37754,24972.206
37755,26092.213
37756,27330.207
37757,27176.209
37758,26204.213
37759,26627.214
37760,26265.216
37761,26623.217
37762,25855.216
37763,25702.214
37764,25722.213
37765,26535.209
37766,25610.211
37767,25765.214
37768,27551.211
37769,27359.209
37770,25460.213
37771,24945.209
37772,25489.214
37773,25189.208000000002
37774,25379.208
37775,24728.208000000002
37776,24923.208000000002
37777,26028.211
37778,25887.209
37779,25561.207
37780,26211.204000000005
37781,26209.198
37782,25819.198999999997
37783,25593.198999999997
37784,26259.198
37785,27295.199
37786,28215.203
37787,27378.203999999998
37788,26964.208000000002
37789,26802.207000000002
37790,27097.2
37791,27686.2
37792,26318.199
37793,25950.198000000004
37794,25948.196000000004
37795,26987.187
37796,27170.186
37797,27560.187
37798,28179.189000000002
37799,28212.186
37800,27676.182
37801,27130.184999999998
37802,27866.189
37803,27257.186999999998
37804,27906.184
37805,26353.184
37806,25662.191
37807,27042.190000000002
37808,26838.187
37809,27119.178
37810,27567.183
37811,27009.184
37812,26612.188000000002
37813,27257.186
37814,28359.193000000003
37815,29294.2
37816,30456.205
37817,30262.210000000003
37818,29874.216
37819,29700.222
37820,30476.222
37821,31389.218
37822,29545.217000000004
37823,29550.214000000004
37824,28290.224000000002
37825,29095.226000000002
37826,28553.225000000002
37827,27302.236000000004
37828,28346.231000000003
37829,27449.224000000002
37830,26643.227000000003
37831,26335.223000000005
37832,27144.220000000005
37833,26329.224000000006
37834,27171.228000000006
37835,25356.234000000004
37836,24372.238000000005
37837,25559.240000000005
37838,26518.231000000003
37839,26703.233000000004
37840,26811.238
37841,27371.239000000005
37842,27593.230000000003
37843,28143.237
37844,28844.240999999998
37845,30055.245
37846,31539.244000000002
37847,31508.25
37848,30564.248
37849,30204.254
37850,31598.254
37851,32498.261
37852,32181.261000000002
37853,31927.265
37854,31767.262
37855,33480.259
37856,32478.249
37857,31566.245
37858,31773.247000000003
37859,31090.252000000004
37860,29519.251000000004
37861,28188.255000000005
37862,29979.248000000003
37863,29363.254
37864,29250.258
37865,27680.265000000003
37866,26544.266000000003
37867,27270.267000000003
37868,28167.275
37869,27536.270000000004
37870,26999.266000000003
37871,27238.255
37872,27562.257
37873,28335.255000000005
37874,28343.250000000004
37875,29719.236000000004
37876,30789.240000000005
37877,30768.232000000004
37878,30205.225000000002
37879,30611.223000000005
37880,31891.22
37881,32115.218000000004
37882,31728.213000000003
37883,31558.217000000004
37884,32222.210000000003
37885,33232.206000000006
37886,32192.206000000002
37887,30170.204
37888,30204.207000000002
37889,30157.2
37890,29537.199
37891,29623.198000000004
37892,30598.191000000003
37893,30880.190000000002
37894,31010.195
37895,29262.185
37896,28203.189
37897,28396.183
37898,28735.186999999998
37899,28112.184999999998
37900,28090.182000000004
37901,27740.171000000002
37902,28361.169
37903,29549.165000000005
37904,30090.159000000003
37905,30776.160000000003
37906,32379.155000000002
37907,33746.148
37908,32605.141
37909,33125.138
37910,33672.137
37911,33874.129
37912,33092.122
37913,31612.126
37914,32371.128
37915,32734.128
37916,32504.127
37917,30841.132
37918,31019.132
37919,30355.134000000002
37920,30153.134000000002
37921,30443.136000000002
37922,31044.133
37923,30810.134000000002
37924,30758.137000000002
37925,29376.139000000003
37926,28610.141000000003
37927,29044.135000000002
37928,29804.13
37929,29419.127
37930,29017.126
37931,28517.125
37932,29085.124000000003
37933,30093.123000000003
37934,29129.125
37935,29538.121000000003
37936,31063.122000000003
37937,32047.122000000003
37938,31275.119000000002
37939,31950.121000000003
37940,32291.122000000003
37941,32388.124000000003
37942,31004.123000000003
37943,30703.128000000004
37944,31360.121000000003
37945,31707.125000000004
37946,31312.127000000004
37947,29552.126000000004
37948,30522.125000000004
37949,29955.126
37950,30742.125000000004
37951,31168.120000000003
37952,31384.118000000006
37953,30547.119000000006
37954,30667.115000000005
37955,29527.114000000005
37956,28756.113000000005
37957,29408.108000000007
37958,29373.108000000007
37959,28386.108000000007
37960,28173.108000000004
37961,28578.102000000003
37962,29284.101000000002
37963,30721.098
37964,30313.092
37965,30649.094
37966,31798.092000000004
37967,32362.087000000007
37968,31346.086000000003
37969,32691.084000000003
37970,32526.083000000002
37971,31919.085000000003
37972,30569.085000000003
37973,29778.087000000003
37974,30678.082000000002
37975,31648.082000000002
37976,31253.083000000002
37977,30248.080000000005
37978,30589.082000000006
37979,29765.081000000006
37980,30730.077000000005
37981,31345.074000000004
37982,31595.073000000004
37983,29845.072000000007
37984,30135.070000000007
37985,28660.068000000007
37986,28045.069000000007
37987,27690.067000000006
37988,27890.066000000006
37989,27885.067000000006
37990,27060.071000000007
37991,27095.071000000007
37992,27905.071000000007
37993,30010.074000000008
37994,29425.074000000008
37995,29815.074000000008
37996,31315.067000000006
37997,31760.068000000007
37998,31195.069000000007
37999,32340.069000000007
38000,31335.071000000007
38001,31320.069000000007
38002,31150.069000000007
38003,30790.068000000007
38004,31145.071000000004
38005,32575.068000000007
38006,32225.065000000002
38007,32070.062000000005
38008,32465.061000000005
38009,31520.062000000005
38010,32465.063000000002
38011,34035.061
38012,33860.062000000005
38013,32685.063000000002
38014,32275.062000000005
38015,30945.060000000005
38016,30650.056000000004
38017,30515.055000000004
38018,30800.052000000003
38019,31020.052000000003
38020,30630.054000000004
38021,30235.055000000004
38022,30620.057000000004
38023,31565.058000000005
38024,31205.057000000004
38025,31730.059000000005
38026,32275.063000000006
38027,32540.059000000005
38028,31480.061000000005
38029,32100.059000000005
38030,31890.063000000006
38031,30915.064000000006
38032,31140.063000000006
38033,31400.061000000005
38034,32405.060000000005
38035,33770.061
38036,32810.06300000001
38037,32855.060000000005
38038,33045.062000000005
38039,32115.063000000006
38040,32680.062000000005
38041,33490.061
38042,33530.058000000005
38043,32750.058000000005
38044,32180.056000000004
38045,31235.055000000004
38046,30840.057000000004
38047,30735.054000000007
38048,31910.054000000007
38049,31285.058000000008
38050,31005.056000000008
38051,31195.058000000008
38052,31780.05900000001
38053,32335.063000000006
38054,31960.065000000006
38055,30400.06600000001
38056,31625.069000000007
38057,31850.06900000001
38058,30875.069000000007
38059,31870.066000000006
38060,31725.066000000006
38061,31395.06400000001
38062,31820.06200000001
38063,31520.06000000001
38064,32470.06200000001
38065,34160.065
38066,33440.06400000001
38067,34320.06100000001
38068,34195.05700000001
38069,34065.05500000001
38070,33695.05600000001
38071,32960.05700000001
38072,33055.05300000001
38073,33245.054000000004
38074,32730.051000000007
38075,32670.053000000007
38076,32315.051000000007
38077,31490.056000000008
38078,32495.055000000008
38079,32140.053000000007
38080,32140.054000000007
38081,32305.055000000008
38082,32505.054000000007
38083,33370.05600000001
38084,33200.056000000004
38085,31635.057000000008
38086,32985.05500000001
38087,32040.054000000007
38088,31450.055000000008
38089,33160.055
38090,33345.058000000005
38091,32755.059000000005
38092,32370.058000000005
38093,31555.061000000005
38094,32335.061000000005
38095,33310.061
38096,33015.057
38097,34325.058000000005
38098,33825.056000000004
38099,33465.05500000001
38100,33285.057
38101,33080.05900000001
38102,33440.06000000001
38103,33420.05900000001
38104,32475.058000000008
38105,32765.056000000008
38106,32375.057000000004
38107,31710.063000000006
38108,32880.06300000001
38109,32370.062000000005
38110,32375.061000000005
38111,32220.064000000006
38112,33070.060000000005
38113,33880.05900000001
38114,33685.05900000001
38115,32295.05900000001
38116,33495.05900000001
38117,32775.05700000001
38118,31300.06400000001
38119,32470.06400000001
38120,33095.06100000001
38121,32515.06000000001
38122,31735.06100000001
38123,31385.058000000008
38124,32020.058000000008
38125,33030.05600000001
38126,32015.05900000001
38127,32575.06000000001
38128,32555.06000000001
38129,32585.05900000001
38130,32850.05500000001
38131,32875.05500000001
38132,33495.05300000001
38133,33705.05100000001
38134,33030.054000000004
38135,33420.05500000001
38136,32415.056000000008
38137,32605.058000000008
38138,34200.056000000004
38139,33585.05700000001
38140,33395.05600000001
38141,33475.05500000001
38142,33705.054000000004
38143,34460.054000000004
38144,34885.053
38145,33425.05700000001
38146,34790.057
38147,33985.05700000001
38148,32800.06000000001
38149,33635.059
38150,34270.05500000001
38151,33060.058000000005
38152,32490.057000000008
38153,32520.058000000008
38154,33020.05600000001
38155,34000.05500000001
38156,34265.052
38157,34710.052
38158,34150.05100000001
38159,33760.05100000001
38160,34550.049000000006
38161,35400.051
38162,36475.046
38163,35425.047
38164,34300.049
38165,34635.05100000001
38166,33020.05200000001
38167,32980.05500000001
38168,35125.05100000001
38169,34175.05100000001
38170,33060.05300000001
38171,33360.056000000004
38172,33150.058000000005
38173,34000.05900000001
38174,33855.05900000001
38175,33260.056000000004
38176,34590.05900000001
38177,33450.058000000005
38178,33145.06100000001
38179,34720.060000000005
38180,34870.060000000005
38181,33550.06100000001
38182,33120.06500000001
38183,34100.064000000006
38184,34130.06300000001
38185,34770.06200000001
38186,34310.06600000001
38187,35110.06700000001
38188,34170.06600000001
38189,33560.066000000006
38190,33280.06800000001
38191,33595.07200000001
38192,34325.072
38193,32260.07100000001
38194,31620.06700000001
38195,31230.06700000001
38196,30930.05900000001
38197,31610.054000000007
38198,33340.054000000004
38199,32140.054000000007
38200,31755.056000000008
38201,32200.055000000008
38202,32880.05100000001
38203,33460.05200000001
38204,33560.05600000001
38205,33370.05500000001
38206,35400.058
38207,34870.057
38208,34335.057
38209,35860.059
38210,36115.05700000001
38211,34820.05300000001
38212,34135.049000000006
38213,33925.052
38214,33895.05300000001
38215,34425.05400000001
38216,33195.056000000004
38217,33195.05600000001
38218,32030.055000000008
38219,31295.056000000008
38220,31260.058000000008
38221,32065.058000000008
38222,32510.057000000008
38223,31930.056000000008
38224,31375.055000000008
38225,32375.05100000001
38226,32405.050000000007
38227,33025.048
38228,35175.047
38229,34395.04600000001
38230,33805.047
38231,33350.05000000001
38232,33785.04600000001
38233,34565.046
38234,34960.045
38235,34325.045000000006
38236,35205.043999999994
38237,34815.045
38238,34790.045
38239,35725.049
38240,36340.049
38241,35170.04899999999
38242,34815.04699999999
38243,34920.049999999996
38244,34335.051999999996
38245,34925.053
38246,33650.051
38247,33476.05100000001
38248,32336.051000000007
38249,32061.054000000004
38250,32096.052000000003
38251,33206.057
38252,33851.05500000001
38253,32671.058000000005
38254,33206.058000000005
38255,32976.062000000005
38256,33296.066000000006
38257,33672.06700000001
38258,35044.067
38259,34519.065
38260,33344.066000000006
38261,32524.069000000007
38262,32778.064000000006
38263,33312.066000000006
38264,33762.064000000006
38265,33177.064000000006
38266,34692.063
38267,34462.065
38268,34467.065
38269,35482.071
38270,36548.06800000001
38271,35468.065
38272,34657.068
38273,35442.069
38274,34292.07
38275,34617.073000000004
38276,33937.077000000005
38277,33402.077000000005
38278,32430.07600000001
38279,31845.07700000001
38280,32070.07600000001
38281,32662.075000000008
38282,33057.07400000001
38283,31317.07600000001
38284,31877.07700000001
38285,32120.07800000001
38286,31935.07800000001
38287,32371.07900000001
38288,33801.07600000001
38289,33391.07600000001
38290,32186.07900000001
38291,31956.081000000013
38292,32751.07800000001
38293,33361.07800000001
38294,33786.07600000001
38295,33171.079000000005
38296,34499.081
38297,34639.083
38298,34839.083
38299,35984.083
38300,35340.089
38301,34750.091
38302,33965.094000000005
38303,35210.08900000001
38304,34852.08900000001
38305,34447.093
38306,33599.08900000001
38307,32441.087000000007
38308,31707.08600000001
38309,31868.086000000007
38310,31821.08900000001
38311,32396.092000000008
38312,32652.089000000007
38313,32632.08800000001
38314,32039.090000000007
38315,32799.090000000004
38316,32469.088000000007
38317,33352.09400000001
38318,33517.096000000005
38319,32895.10100000001
38320,32623.101000000006
38321,33460.097
38322,33590.101
38323,32961.103
38324,33001.111000000004
38325,32772.11400000001
38326,33779.116
38327,33804.11800000001
38328,34438.115000000005
38329,35112.11400000001
38330,36136.11300000001
38331,35308.119000000006
38332,34772.12400000001
38333,35631.12300000001
38334,35409.12700000001
38335,35284.12900000001
38336,34904.13100000001
38337,34022.132000000005
38338,33626.13500000001
38339,33621.13900000001
38340,33135.13900000001
38341,33332.13900000001
38342,33327.14000000001
38343,33487.14400000001
38344,33852.14200000001
38345,34456.14400000001
38346,33439.15000000001
38347,34274.15000000001
38348,34495.15200000001
38349,33889.162000000004
38350,32601.17300000001
38351,33421.176999999996
38352,33830.176999999996
38353,32946.17600000001
38354,33191.182
38355,33075.184
38356,34010.189
38357,34010.192
38358,34061.195999999996
38359,35548.194
38360,36341.194
38361,35826.194
38362,35664.195
38363,35710.199
38364,34714.206000000006
38365,35039.20500000001
38366,34309.208000000006
38367,34018.20700000001
38368,33628.21100000001
38369,33653.20700000001
38370,33524.20400000001
38371,33724.204000000005
38372,33619.202000000005
38373,33951.204000000005
38374,33662.20700000001
38375,34407.209
38376,34558.206999999995
38377,35246.200000000004
38378,36376.20300000001
38379,35787.205
38380,34721.21000000001
38381,35227.209
38382,36211.208000000006
38383,35742.21
38384,35951.211
38385,35284.211
38386,35969.209
38387,36098.216
38388,35467.217
38389,37069.221
38390,37837.229
38391,36941.228
38392,37246.228
38393,38514.224
38394,38353.224
38395,39158.222
38396,37978.225
38397,37437.228
38398,36240.23100000001
38399,35155.23800000001
38400,34194.24200000001
38401,35022.244000000006
38402,35076.23700000001
38403,35342.241
38404,35332.240000000005
38405,35881.24300000001
38406,36247.24100000001
38407,36166.24800000001
38408,38291.24700000001
38409,38386.24800000001
38410,38007.244000000006
38411,36784.253000000004
38412,37431.26000000001
38413,36271.26000000001
38414,36836.257000000005
38415,36238.263000000006
38416,36906.27000000001
38417,36865.277
38418,36259.280000000006
38419,36742.28700000001
38420,38298.287000000004
38421,37939.289000000004
38422,37539.29400000001
38423,38838.29800000001
38424,38526.29800000001
38425,39602.29400000001
38426,38742.30400000001
38427,38567.301000000014
38428,37004.30500000001
38429,36830.31100000001
38430,36013.314000000006
38431,37522.32000000001
38432,37376.32200000001
38433,36950.32700000001
38434,36314.32900000001
38435,37294.334
38436,37189.331000000006
38437,37747.33200000001
38438,39198.34000000001
38439,39636.338
38440,39170.34100000001
38441,38271.34500000001
38442,38824.348000000005
38443,38299.34700000001
38444,38379.34300000001
38445,36456.34600000001
38446,37756.345000000016
38447,37412.34900000002
38448,36977.35100000002
38449,37590.35500000001
38450,38537.36200000001
38451,37957.364000000016
38452,37386.36800000001
38453,38635.36700000001
38454,40248.36300000001
38455,41473.36300000002
38456,40947.36800000001
38457,40815.36800000002
38458,39826.373000000014
38459,39213.37400000002
38460,38067.38000000001
38461,39971.375000000015
38462,39517.38400000001
38463,38956.38500000002
38464,38821.38200000001
38465,40198.38200000001
38466,39574.39200000002
38467,39292.39500000001
38468,40130.403000000006
38469,40433.408
38470,40515.412000000004
38471,39660.40900000001
38472,39965.416000000005
38473,39208.41900000001
38474,39066.421
38475,38058.421
38476,39668.418000000005
38477,40193.424
38478,39806.425
38479,40684.424000000006
38480,41395.424000000006
38481,40981.426
38482,41232.42500000001
38483,42382.42600000001
38484,43291.42900000002
38485,44184.42900000001
38486,43812.42900000001
38487,42918.43900000001
38488,42110.44600000001
38489,40973.45900000001
38490,39453.46400000001
38491,40031.46900000001
38492,40134.468000000015
38493,40026.47300000001
38494,39439.47100000001
38495,40792.46900000001
38496,39980.481000000014
38497,39947.48600000002
38498,40952.48400000001
38499,40509.485000000015
38500,40266.487000000016
38501,40617.48400000001
38502,40292.48400000001
38503,39892.48100000001
38504,39388.48700000001
38505,38198.498000000014
38506,39241.51000000002
38507,40478.50700000002
38508,40168.512000000024
38509,41927.51500000002
38510,42119.51800000002
38511,41194.52500000001
38512,41368.51800000001
38513,41127.53000000001
38514,42375.53100000001
38515,42938.52900000002
38516,42401.53300000002
38517,40866.536000000015
38518,40463.53900000001
38519,40148.54100000001
38520,40624.543000000005
38521,41130.539000000004
38522,41895.54100000001
38523,41939.54300000001
38524,40725.55000000001
38525,40851.547
38526,41079.547
38527,41634.545000000006
38528,42828.548
38529,43080.551
38530,42367.56100000001
38531,42157.571
38532,42465.572000000015
38533,41382.58100000001
38534,41003.585000000014
38535,40675.591
38536,40542.593000000015
38537,41590.592000000004
38538,41825.589
38539,42219.58700000001
38540,42825.58900000001
38541,42288.58900000001
38542,41557.588
38543,42282.59000000001
38544,42886.59100000001
38545,43476.585000000014
38546,43529.597000000016
38547,42666.59600000002
38548,42544.60300000001
38549,41676.60800000001
38550,41903.61900000001
38551,42282.62700000001
38552,42648.63800000001
38553,42641.63900000001
38554,41543.65400000002
38555,42411.65200000002
38556,42832.64600000001
38557,42684.64700000001
38558,43410.63800000002
38559,44433.633000000016
38560,43023.61900000002
38561,42040.61500000001
38562,42647.61400000002
38563,41185.62200000001
38564,41131.61800000002
38565,40916.621000000014
38566,40473.630000000005
38567,41070.629
38568,41234.63600000001
38569,41177.64900000001
38570,41713.65300000001
38571,41790.65500000001
38572,41491.64800000001
38573,42551.64600000002
38574,43745.64900000003
38575,42859.64700000002
38576,43509.63900000002
38577,43242.63800000002
38578,43421.63700000002
38579,41519.64900000001
38580,42480.63900000001
38581,43572.63100000002
38582,43424.64300000002
38583,42759.642000000014
38584,41384.63900000001
38585,43142.63900000002
38586,43199.642000000014
38587,43302.640000000014
38588,43397.63900000002
38589,43919.62200000001
38590,43070.62200000001
38591,43130.62200000001
38592,42880.61200000001
38593,42315.614000000016
38594,42552.608000000015
38595,41286.62000000002
38596,41310.62200000001
38597,41864.626000000004
38598,41320.613000000005
38599,42195.611000000004
38600,42296.61500000002
38601,41671.611000000026
38602,42036.61300000001
38603,42016.60500000001
38604,43614.60300000002
38605,42753.60700000002
38606,42506.610000000015
38607,42155.60500000002
38608,42713.606000000014
38609,41006.59800000001
38610,40738.606000000014
38611,41359.606000000014
38612,40855.62000000001
38613,41267.623000000014
38614,40505.62200000001
38615,41830.61700000001
38616,42071.61100000001
38617,43045.60500000001
38618,42683.60700000001
38619,43671.603
38620,42372.61000000001
38621,41748.61800000002
38622,40411.619000000006
38623,40268.622
38624,40195.61500000001
38625,39381.62000000002
38626,38662.622
38627,39263.617000000006
38628,39321.62
38629,40317.623000000014
38630,40507.617000000006
38631,40938.613000000005
38632,41266.605
38633,40993.603
38634,42134.61300000001
38635,42413.60600000001
38636,42771.60400000001
38637,41910.61300000001
38638,42483.600000000006
38639,40404.60700000001
38640,41023.615000000005
38641,41544.60900000002
38642,41892.61700000001
38643,41676.62500000001
38644,40885.61200000001
38645,41631.61200000001
38646,41848.60700000001
38647,42536.608000000015
38648,43637.61300000002
38649,43956.61500000001
38650,42913.62900000001
38651,40672.63900000001
38652,39561.63300000001
38653,38380.634000000005
38654,37987.633000000016
38655,36335.636000000006
38656,34907.63300000001
38657,34992.633
38658,34384.619000000006
38659,34477.62100000001
38660,35291.619000000006
38661,37629.61400000001
38662,37156.621000000014
38663,37708.61900000001
38664,39320.613000000005
38665,39340.62100000001
38666,39697.616000000016
38667,39233.61700000002
38668,39951.60300000002
38669,38961.59400000001
38670,38950.593000000015
38671,37710.59300000001
38672,38282.59000000001
38673,37968.59400000001
38674,37060.59000000001
38675,37691.58600000001
38676,37881.587
38677,38693.58600000001
38678,38224.581000000006
38679,38554.57900000001
38680,37539.57400000001
38681,37035.57400000001
38682,35715.57500000001
38683,34979.57200000001
38684,33558.576000000015
38685,31945.580000000024
38686,31564.576000000023
38687,30877.573000000022
38688,30856.572000000022
38689,31872.56300000002
38690,32910.556000000026
38691,34202.56000000002
38692,34655.559
38693,33611.57300000002
38694,35234.56700000001
38695,35387.566000000006
38696,35065.57100000001
38697,35444.570000000014
38698,35997.566000000006
38699,34963.56300000001
38700,35279.577000000005
38701,33408.572000000015
38702,34351.560000000005
38703,34726.562
38704,33743.56400000001
38705,35546.55100000001
38706,36262.55100000001
38707,36171.546
38708,36504.549000000006
38709,36632.551
38710,35296.549999999996
38711,35067.556
38712,33611.54800000002
38713,33755.53500000001
38714,31508.53000000002
38715,29245.52900000002
38716,28144.52300000002
38717,27668.510000000017
38718,27419.510000000017
38719,27938.51900000002
38720,28705.516000000018
38721,29350.514000000017
38722,29703.52600000002
38723,29330.515000000018
38724,31138.513000000017
38725,31286.511000000017
38726,31123.510000000017
38727,32448.511000000017
38728,31964.519000000015
38729,30957.517000000014
38730,31439.512000000013
38731,30580.524000000012
38732,30309.529000000013
38733,30527.528000000013
38734,30440.512000000013
38735,32336.51700000001
38736,33806.50600000001
38737,32549.504000000015
38738,32656.507000000016
38739,32880.50500000002
38740,31788.506000000016
38741,32331.496000000017
38742,31340.498000000018
38743,31736.495000000014
38744,30198.503000000015
38745,28069.499000000014
38746,25898.494000000017
38747,25371.496000000017
38748,25562.497000000018
38749,26778.489000000016
38750,27930.488000000016
38751,27963.490000000016
38752,29311.487000000016
38753,28082.487000000016
38754,28966.487000000012
38755,28329.482000000015
38756,28249.478000000014
38757,29562.478000000014
38758,28974.472000000016
38759,27156.489000000012
38760,27294.484000000015
38761,26275.47100000001
38762,25802.46300000001
38763,26347.45900000001
38764,26833.452000000012
38765,28283.452000000012
38766,29171.458000000013
38767,27849.460000000014
38768,28161.461000000014
38769,28393.459000000013
38770,27147.460000000014
38771,27791.452000000016
38772,26736.448000000015
38773,26741.459000000013
38774,26035.45300000001
38775,24673.454000000012
38776,24106.44900000001
38777,23943.44500000001
38778,23650.439000000013
38779,24452.441000000017
38780,24573.451000000012
38781,24253.452000000012
38782,25193.456000000017
38783,25268.446000000014
38784,24839.442000000017
38785,24595.446000000014
38786,25604.44900000001
38787,25812.444000000014
38788,25521.44200000001
38789,23797.443000000014
38790,24472.436000000012
38791,23792.436000000012
38792,23920.42600000001
38793,23400.435000000012
38794,24526.43300000001
38795,26261.41800000001
38796,25481.41700000001
38797,24372.41700000001
38798,24813.412000000008
38799,25318.411000000007
38800,24766.408000000007
38801,24907.403000000006
38802,24492.405000000006
38803,24668.401000000005
38804,23900.406000000003
38805,21572.409000000007
38806,21624.408000000007
38807,21970.408000000007
38808,22515.408000000007
38809,22952.402000000006
38810,23655.403000000006
38811,23583.403000000006
38812,23951.398000000005
38813,23020.402000000006
38814,21991.404000000006
38815,22888.404000000006
38816,22848.405000000002
38817,22326.414000000004
38818,21646.411000000004
38819,20783.413
38820,21079.411000000004
38821,21534.411
38822,19641.417
38823,19853.408000000007
38824,20376.407000000007
38825,20721.407000000007
38826,20240.402000000006
38827,19482.409000000003
38828,19968.403000000002
38829,21026.401
38830,19541.393000000004
38831,19232.391
38832,19514.397
38833,19785.391000000003
38834,20557.389000000003
38835,19391.397
38836,19244.392
38837,19640.392
38838,20047.387
38839,19377.389
38840,20244.383
38841,20993.378
38842,22865.375
38843,21628.372000000003
38844,20151.373000000003
38845,21002.363000000005
38846,20652.356
38847,20296.359
38848,20213.359
38849,20971.347
38850,21892.335999999992
38851,20767.339999999997
38852,18903.332999999995
38853,18800.333999999995
38854,18449.337
38855,17430.347999999998
38856,17289.354
38857,16264.353000000001
38858,15877.352
38859,14257.352
38860,13286.351
38861,12810.357000000002
38862,12642.370000000003
38863,12448.383000000003
38864,13106.386000000004
38865,13082.401000000007
38866,14022.401000000007
38867,13900.40600000001
38868,13763.41200000001
38869,14441.421000000011
38870,15914.426000000014
38871,15465.446000000016
38872,14057.460000000017
38873,13388.467000000015
38874,11800.477000000017
38875,10309.497000000021
38876,8648.514000000017
38877,8161.533000000018
38878,5966.564000000019
38879,2380.6150000000034
38880,2581.4440000000054
38881,3714.4350000000168
38882,5263.423000000023
38883,6768.40800000002
38884,7981.401000000021
38885,9393.399000000018
38886,10630.397000000019
38887,11715.38900000002
38888,12585.385000000015
38889,12610.390000000018
38890,15832.387000000017
38891,15360.385000000015
38892,14723.373000000012
38893,13962.372000000012
38894,13340.377000000013
38895,12930.380000000012
38896,12460.37300000001
38897,11894.373000000009
38898,11827.372000000008
38899,13450.365000000007
38900,11395.359000000006
38901,12415.356000000003
38902,14010.349000000004
38903,15990.343
38904,16430.340000000004
38905,17012.339000000004
38906,17617.335
38907,18450.329999999998
38908,19640.318999999996
38909,19135.311999999998
38910,17962.318
38911,18002.32
38912,18682.322
38913,17772.324
38914,17902.321
38915,18094.326
38916,19517.319
38917,18817.325
38918,18490.324
38919,18415.321
38920,18060.317
38921,18855.311999999998
38922,17015.314
38923,16520.317000000003
38924,16165.310000000001
38925,16125.305000000002
38926,14735.310000000003
38927,14785.309000000005
38928,15337.306000000004
38929,15962.309000000005
38930,16313.303000000005
38931,15138.291000000005
38932,16576.286000000004
38933,16586.285000000003
38934,17364.278000000002
38935,17579.269
38936,17729.271
38937,17424.266000000003
38938,17014.260000000006
38939,17594.256000000005
38940,16974.253000000004
38941,17384.243000000002
38942,17964.241
38943,17749.238
38944,16951.235000000004
38945,16556.232000000004
38946,17204.220000000005
38947,16194.223000000005
38948,16986.219000000005
38949,16371.216000000006
38950,16569.212000000007
38951,16499.213000000003
38952,14754.212000000007
38953,14756.210000000006
38954,14801.202000000005
38955,15566.196000000005
38956,14928.193000000005
38957,14713.193000000005
38958,14351.187000000005
38959,14949.187000000004
38960,15549.183000000005
38961,15154.182000000004
38962,16326.180000000004
38963,15981.181000000004
38964,16161.183000000005
38965,15371.188000000006
38966,15736.192000000006
38967,16706.196000000004
38968,17301.193000000003
38969,17294.196000000004
38970,16694.201000000005
38971,16884.203000000005
38972,17459.203
38973,17507.198
38974,16947.195000000003
38975,16947.194000000003
38976,17157.195000000003
38977,16557.198000000004
38978,16322.203000000003
38979,16889.208000000002
38980,16307.209000000006
38981,16902.207000000006
38982,16352.205000000005
38983,15937.208000000002
38984,16314.208000000004
38985,16914.206000000002
38986,16326.207000000004
38987,16751.203
38988,16556.203
38989,16568.201
38990,17138.204
38991,17908.206000000002
38992,17906.206000000002
38993,18091.208000000002
38994,17106.210000000006
38995,16298.214000000005
38996,17113.209000000003
38997,18463.209000000003
38998,19271.207000000002
38999,19301.204
39000,19086.206000000002
39001,17941.203
39002,17731.205
39003,16929.210000000003
39004,17149.206000000006
39005,18329.204
39006,17939.204
39007,17534.203
39008,16351.204000000003
39009,16728.205
39010,16328.206000000004
39011,17116.204
39012,17161.200000000004
39013,16776.198000000004
39014,16784.198
39015,16604.195000000003
39016,16964.200000000004
39017,17004.198000000004
39018,17189.199
39019,17644.194000000003
39020,18634.191000000003
39021,19404.193000000003
39022,18044.192000000003
39023,18439.191000000003
39024,18219.194000000003
39025,17614.195000000003
39026,17454.193000000003
39027,18801.194000000003
39028,19361.197
39029,20341.196
39030,19176.196
39031,18791.196
39032,19756.199
39033,19381.197
39034,18796.196
39035,19001.195
39036,19396.194000000003
39037,19179.197
39038,19024.193
39039,18419.194
39040,18399.197
39041,17788.199
39042,17201.199000000004
39043,16396.201000000005
39044,16571.202000000005
39045,16616.198000000004
39046,17196.196000000004
39047,17611.194000000003
39048,17981.196000000004
39049,18016.194
39050,18571.196
39051,19159.198
39052,18354.2
39053,19294.203
39054,19709.198
39055,19129.197
39056,18122.2
39057,18692.201
39058,18674.203
39059,19479.203
39060,18507.204
39061,18292.209000000003
39062,18704.205
39063,18897.206000000002
39064,18517.204
39065,19299.203
39066,19859.205
39067,19062.207000000002
39068,19067.206000000002
39069,18867.208
39070,18857.208000000002
39071,18642.211000000003
39072,17882.209000000003
39073,16522.207000000002
39074,16912.205000000005
39075,17327.199
39076,17897.2
39077,19634.2
39078,19789.203
39079,19424.199000000004
39080,19039.200000000004
39081,19059.196000000004
39082,18431.198000000004
39083,19396.198
39084,19009.198
39085,18209.198000000004
39086,17437.194000000003
39087,18232.192000000003
39088,19212.189000000002
39089,19799.190000000002
39090,20379.191000000003
39091,19986.188000000002
39092,20548.189000000002
39093,21118.190000000002
39094,20753.187
39095,21325.188000000002
39096,21905.190000000002
39097,20935.187
39098,20368.184
39099,20133.186000000005
39100,19934.185000000005
39101,19159.184000000005
39102,17787.187000000005
39103,16199.189000000004
39104,16349.192000000005
39105,16577.192000000003
39106,16962.193000000003
39107,18527.192000000003
39108,18777.189000000002
39109,18609.187
39110,18789.189000000002
39111,18769.192000000003
39112,17974.196000000004
39113,18604.193000000003
39114,19201.192000000003
39115,19231.188000000002
39116,19236.186
39117,19626.184
39118,20204.188000000002
39119,21384.187
39120,21726.192000000003
39121,21529.196000000004
39122,22133.195000000003
39123,22538.194000000003
39124,22343.196000000004
39125,21958.195000000003
39126,23363.192000000003
39127,22625.191000000003
39128,22099.187
39129,21724.188000000002
39130,22134.185
39131,21389.183
39132,20804.183
39133,19649.186
39134,18856.186
39135,18449.189
39136,19044.186999999998
39137,20089.179999999997
39138,20649.182
39139,19219.193000000003
39140,20424.194000000003
39141,20219.201
39142,19636.201
39143,20452.201
39144,21023.205
39145,21046.204
39146,20692.2
39147,20883.204
39148,22047.204
39149,22880.206000000002
39150,22717.205
39151,22311.205
39152,21918.208000000002
39153,21519.211000000003
39154,21744.210000000003
39155,21043.209000000003
39156,22475.208000000002
39157,22930.204
39158,22151.205
39159,21963.210000000003
39160,22788.207000000002
39161,22394.207000000002
39162,22255.210000000003
39163,21684.210000000003
39164,22466.207000000002
39165,22443.205
39166,22689.205
39167,23309.203
39168,23679.202
39169,22672.206000000002
39170,23920.201
39171,23928.202
39172,23531.2
39173,24644.206000000002
39174,25108.203
39175,25109.201
39176,24933.199
39177,24581.198
39178,25627.196000000004
39179,26036.196
39180,26380.203
39181,25217.203
39182,24023.204
39183,24200.208000000002
39184,23846.208000000002
39185,22493.207000000002
39186,24136.199
39187,23931.201
39188,22759.201
39189,22969.201
39190,23347.198
39191,22768.2
39192,23566.2
39193,22454.200000000004
39194,23306.198
39195,22946.196
39196,23378.195000000003
39197,25023.192
39198,25243.188000000002
39199,24694.186
39200,26424.189000000002
39201,26101.186
39202,25719.189000000002
39203,26862.191000000003
39204,26819.195
39205,26585.199
39206,25914.203
39207,25766.204
39208,27014.202
39209,27253.199
39210,28404.2
39211,28235.198
39212,26404.204999999998
39213,26213.2
39214,25830.2
39215,24696.194
39216,25760.201
39217,25607.202
39218,24585.204
39219,23951.209000000003
39220,24158.209000000003
39221,24258.205
39222,25507.204
39223,24748.202
39224,24987.203
39225,24678.203
39226,23909.204
39227,24581.2
39228,25783.2
39229,25539.2
39230,26965.199
39231,26986.198
39232,26442.195
39233,27490.188000000002
39234,28080.190000000002
39235,28113.188000000002
39236,28006.187
39237,27197.190000000002
39238,28019.185000000005
39239,28613.193000000007
39240,27799.197000000004
39241,28394.193000000003
39242,27781.195
39243,27120.188000000002
39244,26366.181
39245,24988.183
39246,26786.181
39247,27000.173000000003
39248,26129.170000000002
39249,25102.181000000004
39250,24861.184
39251,24551.181000000004
39252,26098.186
39253,25978.189000000002
39254,27311.195
39255,28102.194
39256,27311.190000000006
39257,27904.199000000004
39258,28317.204000000005
39259,27825.203000000005
39260,28020.200000000004
39261,27423.209000000003
39262,27443.202
39263,28362.209000000003
39264,29161.210000000003
39265,29379.211000000003
39266,28996.213000000003
39267,28213.213000000003
39268,28402.218000000004
39269,28549.222
39270,27448.225000000002
39271,27827.226000000002
39272,26634.231000000003
39273,27213.236000000004
39274,26112.233000000004
39275,26276.238
39276,28439.24
39277,27814.247000000003
39278,27011.252000000004
39279,26448.255000000005
39280,26536.256000000005
39281,26239.253000000004
39282,26779.263000000003
39283,27005.254000000004
39284,29207.252
39285,30662.249
39286,29891.251
39287,31181.245
39288,30205.25
39289,29244.247000000003
39290,29066.251000000004
39291,29033.262000000002
39292,28808.265000000003
39293,30226.260000000002
39294,30399.261000000002
39295,30950.259000000002
39296,30760.255
39297,30836.245000000003
39298,30726.254
39299,30544.256
39300,29485.254
39301,29861.252
39302,29114.253
39303,29046.261000000002
39304,28132.255
39305,28188.251000000004
39306,29609.261000000002
39307,29334.261000000002
39308,28400.260000000002
39309,27549.260000000006
39310,27930.261000000006
39311,27647.263000000006
39312,27541.267000000007
39313,27272.261000000006
39314,28380.263000000006
39315,28955.265000000007
39316,27974.260000000006
39317,29347.239
39318,29750.237000000005
39319,29356.227000000003
39320,29347.219000000005
39321,30145.22
39322,30124.225000000002
39323,31932.221
39324,32447.221
39325,33374.21499999999
39326,32078.207000000002
39327,32269.203
39328,32056.199
39329,32048.189000000002
39330,31376.186
39331,31145.187
39332,30952.18
39333,30567.177000000003
39334,28634.177000000003
39335,28678.173000000003
39336,30325.168
39337,28858.169
39338,27827.167
39339,27610.169
39340,28352.163000000004
39341,29013.159000000003
39342,28755.157000000003
39343,27841.145
39344,29129.145000000004
39345,29440.143000000004
39346,28206.142000000003
39347,29022.139000000003
39348,30153.136000000002
39349,29342.127000000004
39350,29401.121000000003
39351,30082.109000000004
39352,29917.110000000004
39353,30711.106000000003
39354,30820.110000000004
39355,30866.103000000003
39356,30875.101000000002
39357,30860.102000000003
39358,31426.103000000003
39359,32143.101000000002
39360,31246.107000000004
39361,30768.111000000004
39362,30580.109000000004
39363,30776.104000000007
39364,29205.104000000003
39365,29022.101000000006
39366,30988.096000000005
39367,30175.098
39368,28558.103000000003
39369,28974.101000000002
39370,28792.103000000003
39371,28541.106000000003
39372,29384.102
39373,28998.100000000006
39374,30844.093000000004
39375,30711.092
39376,29970.092
39377,31289.092
39378,31442.094
39379,31140.089000000004
39380,31716.089000000004
39381,33059.08500000001
39382,33030.087
39383,33215.083
39384,33608.081000000006
39385,33520.084
39386,32084.09
39387,32105.088
39388,32685.090000000004
39389,33086.090000000004
39390,32842.090000000004
39391,33027.091
39392,32098.088000000003
39393,31490.087000000007
39394,29514.090000000004
39395,29124.088000000007
39396,30154.086000000007
39397,29370.085000000006
39398,28787.085000000006
39399,28966.083000000006
39400,29215.077000000005
39401,28007.081000000006
39402,28462.079000000005
39403,28432.079000000005
39404,30026.072000000004
39405,29856.071000000004
39406,28922.068000000003
39407,30316.068000000003
39408,30561.066000000003
39409,29576.067000000003
39410,30221.064000000002
39411,30987.063000000002
39412,31099.062
39413,31480.061
39414,32120.06
39415,31890.06
39416,31550.061
39417,31580.05900000001
39418,32175.053000000007
39419,32760.052000000003
39420,32295.055000000008
39421,33110.052
39422,32700.052000000003
39423,32735.050000000003
39424,30000.051000000007
39425,29610.051000000003
39426,30600.049000000003
39427,29585.052000000003
39428,29440.047000000002
39429,30035.046000000006
39430,29385.050000000003
39431,29020.052000000003
39432,29725.048000000006
39433,29695.049000000006
39434,30875.052000000007
39435,30185.058000000008
39436,30615.056000000008
39437,31000.058000000005
39438,31625.055000000008
39439,30885.057000000008
39440,31950.049000000006
39441,31195.049000000006
39442,31585.050000000007
39443,31385.051000000007
39444,31965.052000000007
39445,31780.050000000007
39446,31560.050000000007
39447,31560.050000000007
39448,32590.045000000006
39449,33305.04800000001
39450,33540.045000000006
39451,34120.046
39452,33165.04800000001
39453,33780.047000000006
39454,31595.050000000007
39455,31405.049000000006
39456,31205.051000000007
39457,30635.053000000007
39458,29915.051000000007
39459,29730.050000000007
39460,30320.050000000007
39461,30195.046000000006
39462,29800.048000000006
39463,29865.045000000006
39464,30410.049000000006
39465,30630.049000000006
39466,31165.049000000006
39467,31810.048000000006
39468,31200.049000000006
39469,31170.050000000007
39470,31605.046000000006
39471,31200.049000000006
39472,31745.053000000007
39473,31190.052000000007
39474,31640.050000000007
39475,31450.050000000007
39476,30890.050000000007
39477,31805.052000000007
39478,32625.056000000008
39479,33600.05600000001
39480,33020.05500000001
39481,33040.05600000001
39482,32845.05600000001
39483,33590.05900000001
39484,31895.057000000008
39485,31545.05900000001
39486,31360.057000000008
39487,30645.054000000007
39488,30290.052000000007
39489,29900.054000000007
39490,30495.053000000007
39491,30350.053000000007
39492,29720.053000000007
39493,28710.055000000008
39494,30405.057000000008
39495,30000.06000000001
39496,30650.057000000008
39497,31280.054000000007
39498,30170.052000000007
39499,29745.054000000007
39500,30725.053000000007
39501,31280.054000000007
39502,31475.055000000008
39503,31305.055000000008
39504,31490.052000000007
39505,31840.050000000007
39506,32090.050000000007
39507,32565.058000000005
39508,34025.054000000004
39509,34185.057
39510,33430.057
39511,33345.058000000005
39512,33745.056000000004
39513,34465.058
39514,32900.05900000001
39515,32830.06300000001
39516,32160.06200000001
39517,31355.062000000005
39518,31840.058000000008
39519,31255.05900000001
39520,31095.057000000008
39521,30350.055000000008
39522,30175.058000000008
39523,29165.06000000001
39524,29275.06700000001
39525,28555.06600000001
39526,29370.06400000001
39527,29730.06500000001
39528,28970.062000000005
39529,29010.05900000001
39530,30600.058000000008
39531,31365.056000000008
39532,31365.056000000008
39533,31715.05900000001
39534,31160.058000000008
39535,32270.06100000001
39536,31875.06500000001
39537,32060.06700000001
39538,33760.068
39539,33820.066
39540,33435.06500000001
39541,33830.064
39542,34315.061
39543,34715.059
39544,34165.057
39545,33415.05700000001
39546,32850.058000000005
39547,32655.058000000008
39548,32435.058000000008
39549,32435.058000000008
39550,31320.057000000008
39551,31010.060000000005
39552,31215.058000000005
39553,30345.06100000001
39554,32345.056000000008
39555,31930.062000000005
39556,31440.060000000005
39557,32205.053000000004
39558,30870.052000000007
39559,30900.051000000007
39560,30650.057000000008
39561,31455.058000000008
39562,31815.05900000001
39563,32580.057000000008
39564,31470.055000000008
39565,31460.057000000008
39566,31850.057000000008
39567,32375.06000000001
39568,34530.058000000005
39569,34555.058000000005
39570,35010.056000000004
39571,34850.055
39572,33990.05700000001
39573,34380.053
39574,33405.05300000001
39575,33255.054000000004
39576,34240.05300000001
39577,33070.05300000001
39578,32100.052000000007
39579,32140.054000000007
39580,31390.054000000007
39581,30605.057000000008
39582,30405.058000000008
39583,30405.058000000008
39584,32905.058000000005
39585,32425.061000000005
39586,32210.060000000005
39587,32205.06300000001
39588,32265.058000000005
39589,32020.058000000005
39590,31770.064000000006
39591,32745.06400000001
39592,33130.065
39593,33275.06100000001
39594,33280.05600000001
39595,33440.058000000005
39596,32790.06300000001
39597,32160.07300000001
39598,33990.07200000001
39599,34655.066000000006
39600,34610.071
39601,35035.069
39602,34545.066000000006
39603,34345.06700000001
39604,33380.07500000001
39605,33825.07500000001
39606,34225.07300000001
39607,33180.06800000001
39608,32630.066000000006
39609,33410.06800000001
39610,31490.07300000001
39611,30140.07600000001
39612,30340.07500000001
39613,30090.07800000001
39614,31050.07600000001
39615,30340.077000000012
39616,31190.07300000001
39617,31940.074000000008
39618,31110.074000000008
39619,30245.072000000007
39620,30890.07000000001
39621,31300.07200000001
39622,31800.07400000001
39623,33080.06700000001
39624,33540.06500000001
39625,33655.062000000005
39626,33470.06100000001
39627,34360.060000000005
39628,36530.060000000005
39629,37150.059
39630,36405.061
39631,36610.059
39632,36020.060000000005
39633,36320.058000000005
39634,34700.06500000001
39635,35225.067
39636,35100.062000000005
39637,33735.062000000005
39638,32405.06000000001
39639,32980.062000000005
39640,31755.06700000001
39641,31760.06200000001
39642,31455.05900000001
39643,30250.06100000001
39644,30860.057000000008
39645,30095.058000000008
39646,30730.057000000008
39647,31275.06000000001
39648,31275.06000000001
39649,30780.06200000001
39650,30605.06300000001
39651,31595.06000000001
39652,32240.058000000008
39653,33150.06100000001
39654,34080.06100000001
39655,34335.05900000001
39656,33755.058000000005
39657,34225.05700000001
39658,35815.056000000004
39659,35440.057
39660,35545.060000000005
39661,36185.063
39662,35955.06500000001
39663,35665.065
39664,33735.06600000001
39665,34490.066000000006
39666,34450.069
39667,32730.06700000001
39668,31445.06600000001
39669,32990.06300000001
39670,32990.058000000005
39671,32415.056000000008
39672,31745.058000000008
39673,31120.06200000001
39674,32550.05900000001
39675,31415.06200000001
39676,31615.06200000001
39677,33120.06400000001
39678,32689.064000000013
39679,31689.06500000001
39680,31849.06700000001
39681,32299.06600000001
39682,33064.06900000001
39683,32334.07300000001
39684,32934.07000000001
39685,32374.07000000001
39686,31514.07200000001
39687,31884.07100000001
39688,33079.07100000001
39689,33244.072000000015
39690,33694.07200000001
39691,33944.07500000001
39692,33540.07800000001
39693,33330.073000000004
39694,31740.075000000008
39695,33021.07000000001
39696,33907.07100000001
39697,32967.07000000001
39698,32331.072000000007
39699,33701.07100000001
39700,33316.07100000001
39701,33321.069
39702,32786.07100000001
39703,33386.069
39704,34338.069
39705,33813.06700000001
39706,33238.07100000001
39707,33613.07400000001
39708,32918.06700000001
39709,31543.07000000001
39710,31817.06900000001
39711,32532.07100000001
39712,33447.07400000001
39713,33777.07600000001
39714,34532.07600000001
39715,34325.07800000001
39716,33495.07800000001
39717,32985.08200000001
39718,34765.083000000006
39719,34650.082
39720,34940.079000000005
39721,34665.07600000001
39722,34406.07800000001
39723,33611.081000000006
39724,31856.08100000001
39725,32027.08400000001
39726,33037.083000000006
39727,32468.08400000001
39728,31953.080000000013
39729,32923.08100000001
39730,32158.07800000001
39731,31798.077000000012
39732,31779.080000000005
39733,31914.08200000001
39734,32864.083000000006
39735,32114.08300000001
39736,32229.080000000005
39737,32979.08300000001
39738,32194.084000000006
39739,31149.088000000007
39740,31929.088000000007
39741,32434.089000000007
39742,32574.095000000012
39743,32797.09400000001
39744,33604.09400000001
39745,34404.090000000004
39746,33634.088
39747,33894.08600000001
39748,35295.086
39749,34885.08500000001
39750,34780.082
39751,35555.083000000006
39752,35030.084
39753,34657.083000000006
39754,32631.086000000007
39755,33446.08500000001
39756,33908.08600000001
39757,33073.09000000001
39758,31858.098000000005
39759,33708.10200000001
39760,32578.10500000001
39761,31663.10700000001
39762,31068.115000000005
39763,31916.113000000005
39764,33277.115000000005
39765,32648.119000000006
39766,32166.119000000006
39767,32491.127000000008
39768,32081.13000000001
39769,31331.13100000001
39770,32733.13100000001
39771,32933.133
39772,33528.13900000001
39773,33713.14400000001
39774,34258.149000000005
39775,34269.149000000005
39776,34048.15100000001
39777,33988.15500000001
39778,35625.15400000001
39779,35139.15000000001
39780,34890.15800000001
39781,35395.15900000001
39782,35516.15800000001
39783,35220.155
39784,33814.155000000006
39785,34577.15700000001
39786,34746.157
39787,33743.16
39788,33024.163
39789,34916.16100000001
39790,34021.16200000001
39791,33801.16500000001
39792,33776.16700000001
39793,33741.17000000001
39794,34541.17100000001
39795,34290.174000000006
39796,34097.179000000004
39797,34038.18800000001
39798,33204.18400000001
39799,33055.187000000005
39800,34123.18800000001
39801,33990.193000000014
39802,34195.19700000001
39803,33635.19700000001
39804,33936.19700000001
39805,34220.199
39806,33323.20300000001
39807,33492.202000000005
39808,33531.21100000001
39809,33171.20900000001
39810,33497.213
39811,33648.21200000001
39812,33336.20700000001
39813,33948.206000000006
39814,32885.20100000001
39815,33820.205
39816,34055.20700000001
39817,33190.205
39818,32760.213000000007
39819,34755.21600000001
39820,33088.221000000005
39821,32820.21600000001
39822,33282.215000000004
39823,33840.21600000001
39824,34925.22
39825,34523.223000000005
39826,34715.228
39827,35522.23100000001
39828,34387.23300000001
39829,34026.227000000006
39830,34847.22900000001
39831,35304.224
39832,35931.221000000005
39833,34924.226
39834,35729.223
39835,35238.225
39836,35496.232
39837,35561.236000000004
39838,37205.234000000004
39839,36159.242
39840,36476.25
39841,36940.249
39842,36845.252
39843,37398.261000000006
39844,36680.25600000001
39845,37964.263000000006
39846,36567.264
39847,35215.272000000004
39848,35276.27500000001
39849,37371.26700000001
39850,35532.27300000001
39851,35187.278000000006
39852,35529.280000000006
39853,35693.27700000001
39854,36514.281
39855,36646.285
39856,36353.287000000004
39857,37380.28800000001
39858,35908.28500000001
39859,34535.28800000001
39860,36014.298
39861,35867.29800000001
39862,35729.30500000001
39863,34968.312000000005
39864,35064.31000000001
39865,34402.30600000001
39866,35326.308000000005
39867,35721.30900000001
39868,36587.31200000001
39869,36115.31500000001
39870,36521.31500000002
39871,38271.308000000005
39872,37907.31000000001
39873,38588.308000000005
39874,37947.31300000001
39875,39547.312000000005
39876,38345.32300000001
39877,37355.32400000001
39878,37700.326
39879,39796.323000000004
39880,37074.32800000001
39881,36845.332
39882,37073.33700000001
39883,37465.340000000004
39884,38603.33100000001
39885,38365.332
39886,38129.333000000006
39887,38860.33900000001
39888,37200.34700000001
39889,36403.35700000001
39890,37777.358000000015
39891,36278.366000000016
39892,37057.36400000001
39893,36658.36400000001
39894,37157.363000000005
39895,36387.36100000001
39896,36817.362000000016
39897,37079.36100000001
39898,38495.36800000001
39899,37971.36600000001
39900,38666.37200000001
39901,39679.37700000001
39902,39265.38600000001
39903,39831.38000000001
39904,38922.38300000001
39905,40319.38400000001
39906,40113.38200000001
39907,39896.38500000002
39908,39248.39800000002
39909,40008.400000000016
39910,38219.40500000001
39911,38567.40800000001
39912,38561.41200000001
39913,39631.412000000004
39914,40389.411000000015
39915,39652.41800000001
39916,40279.40800000002
39917,41302.407000000014
39918,39232.41400000001
39919,38752.41400000002
39920,39948.41000000001
39921,39126.41500000001
39922,39127.41700000002
39923,38782.41700000001
39924,39695.41400000002
39925,39043.41400000001
39926,39505.41100000002
39927,38914.419000000016
39928,41326.415000000015
39929,40882.41600000003
39930,41651.421000000024
39931,43297.41600000002
39932,42565.41900000002
39933,42324.423000000024
39934,40630.42000000003
39935,42576.42400000003
39936,43041.432000000015
39937,42489.44000000002
39938,42246.45400000001
39939,42792.457000000024
39940,41899.45000000002
39941,41863.44800000001
39942,41959.44700000002
39943,42828.455000000016
39944,43093.45700000002
39945,42141.466000000015
39946,41713.468000000015
39947,42171.47300000001
39948,40800.48000000001
39949,40939.48600000001
39950,41467.49300000001
39951,40855.49000000001
39952,41395.49500000002
39953,41490.49500000002
39954,42230.49200000001
39955,40548.504000000015
39956,40098.511000000006
39957,39699.50600000001
39958,39890.51400000001
39959,39588.52300000001
39960,39497.52800000001
39961,40592.523000000016
39962,40919.51700000002
39963,39799.52800000003
39964,38360.527000000024
39965,40697.52400000002
39966,40821.52600000003
39967,41057.529000000024
39968,41505.52800000002
39969,41285.53200000002
39970,40931.53900000002
39971,41002.540000000015
39972,40995.551000000014
39973,42479.54400000001
39974,44040.55000000001
39975,43236.55300000001
39976,42963.557000000015
39977,43781.551000000014
39978,42870.56200000001
39979,43165.56000000001
39980,43722.56500000001
39981,43340.56400000002
39982,43104.55700000002
39983,41832.56500000002
39984,42565.56600000001
39985,41719.57200000002
39986,41551.570000000014
39987,41051.57900000002
39988,41360.58300000001
39989,40977.58000000002
39990,40636.580000000016
39991,40272.58300000002
39992,41000.578000000016
39993,40852.58000000002
39994,38925.58200000002
39995,40426.59400000002
39996,41050.59900000003
39997,41294.601000000024
39998,42007.59900000002
39999,42390.60300000002
40000,42430.59500000001
40001,42452.593000000015
40002,42232.59400000003
40003,43089.58900000002
40004,43391.59800000001
40005,42717.59900000002
40006,42618.60300000002
40007,42994.61300000003
40008,43025.61500000001
40009,42765.61900000002
40010,43416.620000000024
40011,43597.618000000024
40012,42860.61300000001
40013,42559.62200000001
40014,43302.61600000002
40015,42604.61700000001
40016,42811.61800000002
40017,42835.61500000001
40018,43281.60700000002
40019,42951.60600000002
40020,42218.61100000002
40021,42496.61100000001
40022,43132.60700000001
40023,42750.59900000002
40024,40761.61100000002
40025,42297.61100000001
40026,42556.61800000001
40027,42344.621000000014
40028,41627.61500000002
40029,42937.60100000002
40030,42672.59300000002
40031,42320.601000000024
40032,41882.59800000003
40033,41773.59600000001
40034,42063.59300000002
40035,41984.58400000001
40036,41339.58200000001
40037,42535.587000000014
40038,43057.59300000002
40039,42140.60200000002
40040,42863.60600000002
40041,42387.61100000002
40042,42698.623000000014
40043,42949.628000000004
40044,43354.63500000001
40045,41700.63500000001
40046,42120.64100000001
40047,41075.64000000002
40048,43145.63300000002
40049,42539.64000000002
40050,42610.643000000025
40051,42746.64200000002
40052,42810.631000000016
40053,42846.62200000002
40054,41880.61700000002
40055,43625.625000000015
40056,43973.62500000001
40057,43624.631000000016
40058,42377.633000000016
40059,43311.62700000002
40060,42424.614000000016
40061,42066.614000000016
40062,41340.623000000014
40063,42184.622
40064,41946.62200000001
40065,41912.61600000001
40066,40674.61600000001
40067,41130.63100000001
40068,40528.62900000002
40069,40144.62800000002
40070,40655.61900000002
40071,40324.61700000002
40072,40338.61600000002
40073,40091.61700000002
40074,40571.616000000016
40075,39389.62900000002
40076,40316.629000000015
40077,39360.631000000016
40078,40683.62900000002
40079,39639.629000000015
40080,40048.626000000026
40081,40312.62500000002
40082,40086.62500000002
40083,38718.643000000025
40084,39409.62900000002
40085,41008.637000000024
40086,42020.623000000014
40087,41462.625000000015
40088,40693.623000000014
40089,41559.61300000001
40090,41054.61600000001
40091,40955.61100000002
40092,40668.606000000014
40093,41765.604000000014
40094,41244.59700000001
40095,40663.59800000001
40096,39344.59800000001
40097,39440.59800000001
40098,38731.589000000014
40099,38420.59200000002
40100,37472.59000000002
40101,37311.59400000001
40102,37935.58300000001
40103,36973.589000000014
40104,36768.58300000002
40105,36218.57300000001
40106,36478.57300000001
40107,35924.58500000001
40108,37026.58900000001
40109,36601.58300000001
40110,36315.581000000006
40111,36512.58400000001
40112,35683.58800000001
40113,34753.58600000002
40114,35184.58800000002
40115,35410.59600000002
40116,36376.59400000002
40117,36520.58400000002
40118,35462.57900000002
40119,36758.57400000002
40120,34953.578000000016
40121,35366.56400000003
40122,35004.56200000003
40123,36047.57000000002
40124,36484.57400000002
40125,36531.574000000015
40126,35486.56200000001
40127,36165.559000000016
40128,36089.557000000015
40129,36183.558000000005
40130,36364.55500000001
40131,34625.55300000001
40132,35175.55700000001
40133,33541.551000000014
40134,32606.551000000014
40135,31814.556000000015
40136,31336.555000000015
40137,30647.552000000014
40138,30735.55800000002
40139,29537.560000000016
40140,30141.556000000015
40141,30708.55500000002
40142,31630.548000000017
40143,31590.544000000016
40144,31919.551000000018
40145,32716.543000000016
40146,34210.54000000001
40147,34387.533
40148,34948.53600000001
40149,35382.54300000001
40150,34601.540000000015
40151,35215.53900000002
40152,33221.53100000002
40153,34926.52900000002
40154,34996.538000000015
40155,35433.53200000002
40156,34173.52500000001
40157,34580.51400000001
40158,33092.51100000001
40159,32303.508000000016
40160,31313.509000000016
40161,30544.50200000002
40162,31359.494000000013
40163,29808.501000000015
40164,29706.498000000018
40165,29291.496000000017
40166,29714.50500000002
40167,29037.505000000016
40168,28423.503000000015
40169,28071.501000000015
40170,28444.500000000015
40171,28190.503000000015
40172,28434.50800000001
40173,28500.512000000013
40174,28032.511000000013
40175,28237.505000000016
40176,29124.510000000013
40177,29618.511000000013
40178,30194.509000000016
40179,31006.507000000012
40180,30532.510000000017
40181,31307.513000000017
40182,29919.513000000014
40183,30433.506000000016
40184,30333.504000000015
40185,30498.50100000002
40186,29688.494000000017
40187,30112.499000000014
40188,29801.487000000016
40189,29455.48400000002
40190,28478.483000000015
40191,27992.485000000015
40192,29161.493000000017
40193,28911.483000000015
40194,28709.487000000016
40195,27993.490000000013
40196,28253.479000000014
40197,26992.469000000012
40198,26405.46200000001
40199,26630.46300000001
40200,27359.45900000001
40201,27808.44400000001
40202,26880.44500000001
40203,26985.444000000007
40204,26530.43900000001
40205,25866.44200000001
40206,26316.44200000001
40207,26609.44100000001
40208,27168.440000000006
40209,27544.44100000001
40210,27046.44300000001
40211,27120.44300000001
40212,26526.44000000001
40213,25957.43500000001
40214,26724.429000000007
40215,27158.426000000007
40216,25823.431000000008
40217,26701.431000000004
40218,26062.426000000007
40219,25073.425000000007
40220,24587.428000000007
40221,23972.43000000001
40222,24933.431000000008
40223,25010.432000000008
40224,24630.43100000001
40225,24310.42800000001
40226,24411.42900000001
40227,24269.42600000001
40228,25071.42400000001
40229,25860.42100000001
40230,26065.41700000001
40231,26290.41900000001
40232,25896.425000000007
40233,26292.42400000001
40234,25272.426000000007
40235,24018.429000000007
40236,23981.425000000007
40237,23196.421000000006
40238,22760.42200000001
40239,22823.42200000001
40240,23531.41600000001
40241,23627.405000000006
40242,22600.407000000007
40243,23200.410000000007
40244,23559.409000000007
40245,23710.411000000007
40246,22887.411000000004
40247,22263.410000000007
40248,21776.410000000003
40249,22988.405000000006
40250,22672.405000000002
40251,22687.397000000004
40252,22826.397000000004
40253,21850.397000000008
40254,21315.397000000004
40255,21813.389
40256,22260.393000000004
40257,22415.401
40258,22779.398
40259,21639.392
40260,20350.391
40261,19880.393
40262,19928.4
40263,20545.402
40264,20397.406
40265,19731.406
40266,20294.395
40267,19380.395
40268,19498.397999999997
40269,19922.404
40270,21375.396
40271,21978.395
40272,22074.389
40273,23116.382
40274,22230.392999999996
40275,22014.39
40276,21339.386
40277,22057.383
40278,20848.38
40279,21730.381
40280,21646.386
40281,21586.379
40282,21950.378
40283,19530.376
40284,18970.382
40285,18905.379
40286,19047.372
40287,19214.369
40288,20275.362999999998
40289,20469.352999999996
40290,19752.349999999995
40291,19100.350999999995
40292,18386.351999999995
40293,18425.351999999995
40294,18036.361999999997
40295,17153.363999999998
40296,17191.368
40297,16151.371000000001
40298,15567.371000000005
40299,15002.373000000003
40300,15093.376000000004
40301,14587.382000000005
40302,14353.382000000003
40303,14938.393000000005
40304,14647.399000000005
40305,14611.404000000006
40306,13830.403000000008
40307,13122.41500000001
40308,13603.41400000001
40309,13843.422000000011
40310,13649.433000000012
40311,13318.443000000016
40312,12340.458000000015
40313,10722.471000000014
40314,10023.486000000017
40315,9507.495000000015
40316,8277.512000000015
40317,6965.533000000019
40318,4226.568000000014
40319,1101.6129999999964
40320,1310.4319999999975
40321,2374.4220000000028
40322,3409.416000000012
40323,5903.4080000000195
40324,7233.399000000023
40325,7975.394000000027
40326,8915.388000000028
40327,10015.378000000024
40328,11150.378000000022
40329,12078.372000000021
40330,14583.366000000018
40331,13959.36200000002
40332,13456.35900000002
40333,11136.367000000018
40334,10438.363000000014
40335,11793.35400000001
40336,11533.362000000012
40337,11126.354000000012
40338,10569.35700000001
40339,11274.35200000001
40340,10874.346000000005
40341,11680.350000000006
40342,12952.343000000006
40343,14817.337000000003
40344,15850.332000000004
40345,15165.324000000002
40346,16550.318
40347,18360.311
40348,18199.307
40349,17696.301
40350,16966.303
40351,17408.304
40352,17633.306999999997
40353,18603.309999999998
40354,19013.310999999998
40355,19171.316
40356,18111.318
40357,17824.314
40358,20019.311999999998
40359,20154.310999999998
40360,18770.314
40361,18010.314
40362,17040.314000000002
40363,15225.311000000002
40364,14520.305000000002
40365,15800.306000000002
40366,16345.304000000004
40367,16250.299000000003
40368,14632.301000000003
40369,15787.307000000004
40370,17759.304000000004
40371,16774.302000000003
40372,17469.301000000007
40373,19137.288000000008
40374,19385.289000000004
40375,19160.281000000006
40376,19550.276000000005
40377,19580.271000000008
40378,19560.266000000007
40379,18095.257000000005
40380,16070.258000000003
40381,15865.260000000006
40382,16182.259000000005
40383,16350.252000000006
40384,16660.251000000004
40385,16823.247000000007
40386,16048.243000000004
40387,14866.241000000005
40388,15991.240000000005
40389,16029.234000000004
40390,15824.234000000006
40391,15799.228000000005
40392,14591.226000000006
40393,13829.218000000004
40394,13739.220000000005
40395,13311.222000000007
40396,13679.221000000005
40397,14252.220000000005
40398,13347.216000000006
40399,14719.212000000007
40400,15884.210000000006
40401,17271.199000000008
40402,18029.203000000005
40403,19606.20400000001
40404,19201.20700000001
40405,18659.204000000005
40406,19439.20100000001
40407,19394.20300000001
40408,18979.20700000001
40409,18609.205000000005
40410,17279.203
40411,15932.203000000003
40412,16327.202000000005
40413,16089.207000000006
40414,17244.203000000005
40415,18069.198000000008
40416,17329.196000000004
40417,18127.194000000003
40418,19497.195000000007
40419,18697.199000000008
40420,19482.201000000005
40421,18864.204000000005
40422,17646.212000000003
40423,16514.210000000003
40424,17694.208000000002
40425,17119.209000000003
40426,17496.210000000003
40427,16756.208000000002
40428,16161.210000000003
40429,17680.212000000003
40430,17906.209000000003
40431,18659.211000000007
40432,19014.214000000007
40433,19589.214000000007
40434,19163.215000000007
40435,19426.212000000007
40436,19661.207000000006
40437,20241.206000000006
40438,18461.211000000003
40439,17689.208000000002
40440,16354.205000000002
40441,15946.207000000002
40442,15934.211000000003
40443,16932.208000000002
40444,16707.212
40445,17674.211000000003
40446,17464.215000000004
40447,18244.216000000004
40448,19667.210000000006
40449,18902.208000000006
40450,19697.206000000006
40451,20454.208000000006
40452,19874.205000000005
40453,19076.209000000006
40454,20666.205000000005
40455,21259.204000000005
40456,21862.202000000005
40457,21057.204000000005
40458,19622.210000000003
40459,20592.210000000006
40460,21157.210000000006
40461,21147.210000000006
40462,21342.211000000007
40463,21519.211000000007
40464,19572.212000000007
40465,19947.212000000007
40466,18977.213000000007
40467,18579.213000000003
40468,18566.215000000007
40469,17234.213000000007
40470,16059.213000000005
40471,15274.213000000005
40472,16839.208000000002
40473,18214.206000000006
40474,18751.212000000007
40475,18744.213000000007
40476,19749.210000000006
40477,20329.211000000007
40478,20914.209000000006
40479,19951.210000000006
40480,20134.211000000007
40481,21517.209000000006
40482,19714.214000000007
40483,19129.214000000007
40484,19951.209000000006
40485,20541.208000000006
40486,19961.207000000006
40487,20346.208000000006
40488,19391.207000000006
40489,20961.206000000006
40490,21587.202000000005
40491,21959.200000000004
40492,22374.198000000004
40493,22767.197000000004
40494,21994.197000000004
40495,22009.195000000003
40496,20614.197000000004
40497,19449.195000000003
40498,19214.199000000004
40499,18072.196
40500,17672.198000000004
40501,16897.198
40502,18082.196000000004
40503,19031.198000000004
40504,19029.200000000004
40505,19574.203000000005
40506,21529.202000000005
40507,22137.199000000004
40508,21527.204000000005
40509,20742.204000000005
40510,20362.204000000005
40511,20737.206000000006
40512,19579.202000000005
40513,19624.198000000004
40514,20599.198000000004
40515,20969.199000000004
40516,20774.197000000004
40517,21564.195000000003
40518,20782.192000000003
40519,21896.195000000003
40520,22119.192000000003
40521,21529.195000000007
40522,21701.199000000008
40523,22524.195000000007
40524,22134.195000000007
40525,22352.194000000007
40526,21762.192000000006
40527,20772.194000000007
40528,20977.194000000007
40529,20387.195000000007
40530,20207.193000000007
40531,19457.192000000006
40532,19997.197000000007
40533,19809.195000000007
40534,19966.197000000007
40535,19971.198000000008
40536,21347.195000000007
40537,22532.191000000006
40538,21342.194000000007
40539,19592.195000000007
40540,19382.198000000008
40541,20767.197000000007
40542,20004.192000000006
40543,20611.188000000006
40544,21977.190000000006
40545,22369.188000000006
40546,21764.191000000006
40547,22149.190000000006
40548,21744.190000000006
40549,22309.191000000006
40550,22524.188000000006
40551,22164.184000000005
40552,21949.187000000005
40553,23124.187000000005
40554,21974.185000000005
40555,22154.184000000005
40556,20021.182000000004
40557,19254.182000000004
40558,19036.187000000005
40559,19424.189000000006
40560,18666.185000000005
40561,18306.182
40562,19466.183000000005
40563,19879.182000000004
40564,19884.182000000004
40565,20459.180000000004
40566,22238.177000000003
40567,23248.176000000003
40568,23242.175000000003
40569,22272.176000000003
40570,22077.180000000004
40571,23265.180000000004
40572,22485.179000000004
40573,22280.181000000004
40574,23645.185000000005
40575,24278.186000000005
40576,24870.184000000005
40577,25460.187
40578,25424.191000000003
40579,25837.188000000002
40580,26283.182000000004
40581,25685.185000000005
40582,25335.186000000005
40583,25520.192000000003
40584,24923.196000000004
40585,24876.200000000004
40586,23118.202000000005
40587,23115.201000000005
40588,22934.199000000004
40589,22688.189000000002
40590,21503.195000000003
40591,21428.195000000003
40592,21991.199000000004
40593,22555.201000000005
40594,22747.200000000004
40595,23530.200000000004
40596,24295.205000000005
40597,24578.203000000005
40598,24173.202000000005
40599,24574.200000000004
40600,24614.198000000004
40601,24628.201000000005
40602,24136.196000000004
40603,23894.199000000004
40604,25455.201000000005
40605,26821.203000000005
40606,27232.200000000004
40607,27015.203000000005
40608,27605.208000000006
40609,27162.211000000007
40610,26379.214000000007
40611,26806.215000000007
40612,27858.207000000006
40613,28236.212000000007
40614,27450.212000000007
40615,27110.212000000007
40616,26197.211000000007
40617,25782.212000000007
40618,25392.214000000007
40619,24654.212000000007
40620,23268.214000000007
40621,22883.215000000004
40622,23480.214000000007
40623,23039.22000000001
40624,23177.22200000001
40625,23970.22200000001
40626,24173.22600000001
40627,24027.22400000001
40628,23878.22300000001
40629,24468.21900000001
40630,25088.217000000008
40631,25619.221000000005
40632,25066.221000000005
40633,24880.221000000005
40634,26827.220000000005
40635,27565.224000000002
40636,27444.222
40637,28031.222
40638,28079.221
40639,28875.221000000005
40640,29906.216000000004
40641,30373.211
40642,30800.214
40643,31396.209
40644,30246.206
40645,29452.213
40646,29062.211
40647,27886.216
40648,27113.214
40649,26282.216
40650,25324.214
40651,24729.219
40652,24743.221
40653,24729.221
40654,24150.22
40655,23858.226000000002
40656,25136.232000000004
40657,25540.232000000004
40658,25715.221
40659,25383.217
40660,25852.212
40661,26134.215
40662,25635.209000000003
40663,26024.211000000003
40664,27044.213000000003
40665,28034.207000000002
40666,27645.211000000003
40667,27818.216
40668,27949.221
40669,27908.226000000002
40670,33784.226
40671,33705.219
40672,28591.222
40673,29416.216000000004
40674,29253.214000000004
40675,29481.207000000002
40676,29153.211000000003
40677,28335.215
40678,28342.215000000004
40679,28370.217000000004
40680,26636.217
40681,25611.224000000006
40682,26529.217
40683,26511.212000000003
40684,26686.214000000004
40685,27362.210000000006
40686,27964.200000000004
40687,27796.198000000004
40688,28289.192000000006
40689,27549.194000000003
40690,27538.198000000004
40691,27784.200000000004
40692,26989.206000000006
40693,26171.205000000005
40694,26920.209000000006
40695,27877.213000000007
40696,27806.209000000006
40697,28591.210000000006
40698,29236.211000000007
40699,29876.209000000006
40700,29696.214000000007
40701,30515.216000000008
40702,30694.216000000008
40703,29691.226000000006
40704,29766.234000000008
40705,29022.23800000001
40706,29002.244000000006
40707,29407.242000000006
40708,29685.238000000005
40709,31019.230000000003
40710,30114.221
40711,29462.212000000003
40712,29377.222
40713,29017.225000000002
40714,28485.226000000002
40715,28913.223
40716,28723.229000000003
40717,29338.231000000003
40718,30016.247000000003
40719,28070.250000000004
40720,28778.247000000003
40721,29591.248000000003
40722,28962.239000000005
40723,28761.239000000005
40724,28615.233000000004
40725,28904.241000000005
40726,28486.250000000004
40727,28423.255000000005
40728,28958.256000000005
40729,29850.257000000005
40730,30666.256000000005
40731,31642.262000000002
40732,31181.265000000003
40733,30410.270000000004
40734,31152.269000000004
40735,30584.264000000006
40736,30182.258000000005
40737,30360.252000000004
40738,30381.253000000004
40739,30781.253000000004
40740,29397.252000000004
40741,29147.249000000003
40742,30313.254000000004
40743,29511.254000000004
40744,29149.257000000005
40745,29702.263000000006
40746,30220.259000000005
40747,30836.258000000005
40748,31331.255000000005
40749,29114.250000000004
40750,29437.248000000003
40751,29846.250000000004
40752,29430.245000000006
40753,28188.250000000007
40754,28552.250000000007
40755,29137.242000000002
40756,28554.240000000005
40757,28095.237000000005
40758,28454.236000000004
40759,28702.232000000007
40760,29526.226000000006
40761,29944.223000000005
40762,30209.226000000006
40763,30623.22400000001
40764,30982.215000000007
40765,29780.218000000004
40766,29042.228000000006
40767,28420.225000000006
40768,29210.218000000004
40769,30402.209000000003
40770,28750.212000000003
40771,27308.204000000005
40772,27873.204000000005
40773,27789.199000000008
40774,28376.191000000003
40775,28667.193000000007
40776,28365.193000000003
40777,29253.179000000007
40778,30444.174000000006
40779,29797.174000000006
40780,30281.175000000007
40781,30782.178000000007
40782,30391.177000000007
40783,30596.171000000006
40784,31530.164000000008
40785,31896.157000000007
40786,31356.143000000004
40787,31228.133000000005
40788,31322.136000000006
40789,30738.131000000005
40790,31360.127000000004
40791,31954.125000000004
40792,31235.125000000007
40793,32452.121000000006
40794,31633.122000000007
40795,31157.123000000003
40796,31590.132000000005
40797,31397.131000000005
40798,30213.130000000005
40799,31537.129000000004
40800,30966.124000000007
40801,31725.126000000007
40802,32338.123000000007
40803,31405.120000000006
40804,31340.120000000006
40805,32042.121000000006
40806,32122.117000000006
40807,32846.12
40808,33814.119
40809,33053.116
40810,33225.116
40811,33671.114
40812,33914.111
40813,34616.112
40814,34875.119
40815,34646.117999999995
40816,34025.115
40817,32976.12100000001
40818,32703.124000000003
40819,32923.12100000001
40820,33823.113999999994
40821,35012.106
40822,35038.10399999999
40823,35871.100999999995
40824,35339.098999999995
40825,35000.095
40826,35729.095
40827,34761.094000000005
40828,33781.093
40829,33877.097
40830,33032.098000000005
40831,31921.099000000006
40832,31710.099000000006
40833,30156.099000000006
40834,30744.096000000005
40835,30916.096000000005
40836,31644.095000000005
40837,33219.090000000004
40838,34180.089
40839,33497.08500000001
40840,33829.085
40841,33997.082
40842,34067.073000000004
40843,34311.06800000001
40844,34541.069
40845,34507.068999999996
40846,32932.073000000004
40847,32742.074000000004
40848,32726.073000000008
40849,32405.076000000005
40850,32581.078000000005
40851,33766.078
40852,34564.076
40853,35540.077000000005
40854,34335.077
40855,34315.074
40856,34485.073000000004
40857,33980.065
40858,33365.065
40859,33520.06800000001
40860,32945.065
40861,31810.062000000005
40862,31455.065000000006
40863,30725.060000000005
40864,31290.060000000005
40865,31280.063000000006
40866,32130.060000000005
40867,33690.061
40868,34265.064
40869,33620.066
40870,33555.069
40871,33755.06800000001
40872,33165.07
40873,33395.06800000001
40874,33155.07200000001
40875,33435.07
40876,32235.071000000007
40877,32245.069000000007
40878,32905.065
40879,33210.067
40880,33535.07
40881,34840.073000000004
40882,34910.071
40883,35490.07200000001
40884,34335.076
40885,34895.076
40886,35245.079000000005
40887,34080.078
40888,33885.08
40889,33915.079
40890,32910.08
40891,31760.077000000005
40892,32350.078000000005
40893,31985.078000000005
40894,32835.075000000004
40895,32665.075000000004
40896,32310.073000000008
40897,34125.072
40898,34205.071
40899,34240.069
40900,34260.07
40901,34680.069
40902,34515.069
40903,33485.077000000005
40904,34450.075000000004
40905,34530.075000000004
40906,33985.07200000001
40907,33590.073000000004
40908,33480.071
40909,33270.074
40910,33830.075
40911,34825.07600000001
40912,34475.073000000004
40913,35075.07
40914,34100.07
40915,34530.067
40916,35310.067
40917,34565.065
40918,34365.066000000006
40919,33775.067
40920,34005.066
40921,33125.069
40922,34065.070999999996
40923,33900.07
40924,33945.070999999996
40925,34015.067
40926,34275.065
40927,35440.067
40928,35895.066
40929,35930.064
40930,35925.064999999995
40931,36440.06999999999
40932,35895.068
40933,35175.067
40934,36580.064999999995
40935,36405.066
40936,35335.061
40937,34840.06
40938,34810.061
40939,35160.05499999999
40940,35195.053
40941,35785.053
40942,36210.051999999996
40943,36780.05499999999
40944,35990.058
40945,36925.060000000005
40946,37740.059
40947,37215.057
40948,37380.058
40949,36755.06100000001
40950,36770.058
40951,36005.055
40952,36335.057
40953,35345.060000000005
40954,34795.058000000005
40955,34635.056000000004
40956,35030.05500000001
40957,35875.053
40958,35900.053
40959,41225.055
40960,42240.051999999996
40961,42985.054000000004
40962,41523.059
40963,40798.058000000005
40964,42223.05700000001
40965,42063.055
40966,40718.056000000004
40967,40638.05700000001
40968,40663.058000000005
40969,40213.060000000005
40970,40148.064000000006
40971,40303.06800000001
40972,40823.071
40973,42068.066000000006
40974,41698.067
40975,42478.069
40976,43258.069
40977,43033.07000000001
40978,42023.073000000004
40979,42818.07
40980,42093.069
40981,40718.07200000001
40982,40748.071
40983,40958.06800000001
40984,41228.063
40985,40353.067
40986,40673.069
40987,41093.06800000001
40988,41943.064000000006
40989,42558.063
40990,43473.066000000006
40991,44093.06500000001
40992,43270.06900000001
40993,42220.066000000006
40994,42840.064
40995,42450.063
40996,41490.06100000001
40997,41690.06000000001
40998,42145.06300000001
40999,41195.06300000001
41000,41620.062000000005
41001,42005.06300000001
41002,42620.062000000005
41003,43630.06000000001
41004,43050.05900000001
41005,44030.05900000001
41006,45375.058000000005
41007,44975.05900000001
41008,43900.05700000001
41009,44170.06100000001
41010,43160.062999999995
41011,42020.062000000005
41012,41985.064
41013,36485.065
41014,35715.06900000001
41015,34860.06500000001
41016,35230.064000000006
41017,35710.061
41018,35523.06
41019,35748.059
41020,36218.062
41021,37248.062
41022,36473.060999999994
41023,34773.062999999995
41024,35748.062999999995
41025,34978.06799999999
41026,34248.06399999999
41027,34423.062999999995
41028,35068.060999999994
41029,35038.06399999999
41030,35393.066
41031,35723.06799999999
41032,36683.066
41033,37668.065
41034,36888.065
41035,37168.063
41036,38353.062
41037,37993.062
41038,37793.062999999995
41039,37823.062
41040,37368.066
41041,36563.066999999995
41042,36463.067
41043,36843.068999999996
41044,36918.068999999996
41045,35563.070999999996
41046,35373.06999999999
41047,35948.066999999995
41048,35523.068999999996
41049,35793.064
41050,36163.062999999995
41051,36378.064
41052,35243.06199999999
41053,34818.064
41054,35408.064
41055,35668.060999999994
41056,34890.063
41057,35780.063
41058,36240.06300000001
41059,36565.066000000006
41060,36960.065
41061,36955.066000000006
41062,37590.06800000001
41063,36860.07
41064,35530.072
41065,36705.071
41066,37570.07000000001
41067,37605.068999999996
41068,37470.068
41069,36720.067
41070,36460.07
41071,36465.068999999996
41072,36665.068
41073,34205.066000000006
41074,34970.064
41075,34020.064000000006
41076,34090.060000000005
41077,33960.066000000006
41078,33995.064000000006
41079,36240.064999999995
41080,36235.066
41081,37015.064999999995
41082,36020.06399999999
41083,37180.062
41084,38385.058000000005
41085,38000.057
41086,37485.053
41087,37065.05400000001
41088,37840.05500000001
41089,37620.05900000001
41090,37590.05900000001
41091,36995.06100000001
41092,38135.06200000001
41093,37605.06100000001
41094,36450.06300000001
41095,37025.06500000001
41096,38345.06500000001
41097,38660.06500000001
41098,37890.06800000001
41099,37975.066000000006
41100,38180.064000000006
41101,37395.069
41102,38050.07
41103,37280.068
41104,37270.068999999996
41105,36290.07
41106,36280.067
41107,36730.07000000001
41108,37090.071
41109,37095.07000000001
41110,37710.069
41111,38160.067
41112,36740.06800000001
41113,37925.066000000006
41114,37825.07300000001
41115,37675.06900000001
41116,36820.07
41117,36110.07000000001
41118,35910.071
41119,36005.07600000001
41120,36070.07200000001
41121,34970.077000000005
41122,36460.072
41123,36460.072
41124,35550.068999999996
41125,36850.073
41126,37410.073
41127,37990.075000000004
41128,43065.077
41129,42340.07500000001
41130,37185.07300000001
41131,37550.07300000001
41132,38330.07300000001
41133,38530.074
41134,39164.07200000001
41135,38124.075000000004
41136,38574.075000000004
41137,38179.07700000001
41138,37954.08000000001
41139,37949.082
41140,38169.08400000001
41141,37809.083000000006
41142,35679.08600000001
41143,35841.090000000004
41144,37027.09100000001
41145,36292.08700000001
41146,35717.092000000004
41147,34972.090000000004
41148,35794.090000000004
41149,36219.089
41150,35534.085
41151,36029.088
41152,36419.088
41153,35369.09300000001
41154,34799.09100000001
41155,36234.089
41156,36004.093
41157,36541.093
41158,36604.090000000004
41159,36414.091
41160,37493.087
41161,37258.090000000004
41162,37843.091
41163,37683.090000000004
41164,37459.094000000005
41165,37044.095
41166,37304.094000000005
41167,37451.095
41168,36291.098000000005
41169,36776.094000000005
41170,36827.092
41171,35854.092
41172,34454.094000000005
41173,35239.094000000005
41174,35574.09500000001
41175,34235.094000000005
41176,34821.093
41177,34440.094
41178,36137.094000000005
41179,36732.092000000004
41180,35957.092000000004
41181,37162.090000000004
41182,38055.08900000001
41183,37470.090000000004
41184,37094.092000000004
41185,37874.094000000005
41186,37768.092000000004
41187,37984.092000000004
41188,37270.09300000001
41189,37206.09300000001
41190,38044.090000000004
41191,37604.09600000001
41192,38998.09300000001
41193,37968.09500000001
41194,38623.102000000006
41195,38478.10300000001
41196,38053.10600000001
41197,35569.11000000001
41198,35204.11200000001
41199,34954.115000000005
41200,34917.12000000001
41201,34381.12200000001
41202,33186.12300000001
41203,33308.12400000001
41204,32483.132000000012
41205,31968.13300000001
41206,32754.133000000013
41207,32714.13400000001
41208,34301.14000000001
41209,34716.138000000006
41210,34019.136000000006
41211,34799.14000000001
41212,34162.15200000001
41213,34197.155000000006
41214,33503.15600000001
41215,34789.153000000006
41216,34254.153000000006
41217,35066.155000000006
41218,34426.15700000001
41219,35317.152
41220,36122.151999999995
41221,36131.154
41222,37241.15899999999
41223,37089.15899999999
41224,37936.15699999999
41225,37347.157999999996
41226,37702.155999999995
41227,36836.16099999999
41228,36706.167
41229,36098.171
41230,35370.169
41231,34640.16500000001
41232,33761.164000000004
41233,34522.168000000005
41234,34852.17500000001
41235,33431.183000000005
41236,34032.18400000001
41237,33862.187000000005
41238,34175.19300000001
41239,34004.19700000001
41240,33863.19500000001
41241,35111.194
41242,35046.19400000001
41243,35070.19800000001
41244,34678.200000000004
41245,35837.20200000001
41246,35408.20200000001
41247,35544.200000000004
41248,35501.196
41249,35587.19400000001
41250,37275.200000000004
41251,37703.199
41252,38972.203
41253,38177.206
41254,38437.208
41255,38405.210999999996
41256,38660.219
41257,38124.222
41258,43793.224
41259,43659.221999999994
41260,42823.22499999999
41261,41730.22499999999
41262,41277.227
41263,41467.22799999999
41264,41778.22799999999
41265,41089.229999999996
41266,40998.22899999999
41267,41438.227
41268,40962.23299999999
41269,41398.232
41270,41176.22899999999
41271,41452.23299999999
41272,41113.232
41273,41343.231
41274,41037.234
41275,36161.23499999999
41276,36172.242999999995
41277,36748.242
41278,36769.246
41279,35840.251
41280,37308.255999999994
41281,38557.255
41282,40354.255999999994
41283,40204.257999999994
41284,40153.255999999994
41285,40155.257
41286,40544.261
41287,39607.263999999996
41288,40167.263
41289,40143.263000000006
41290,39108.258
41291,38368.26
41292,37685.26700000001
41293,36401.269
41294,36789.269
41295,35834.26700000001
41296,38076.27100000001
41297,37480.27900000002
41298,38050.27900000001
41299,39314.28300000001
41300,39308.28600000001
41301,39946.28600000001
41302,39444.28100000001
41303,39905.281
41304,40302.280000000006
41305,41691.280000000006
41306,42145.283
41307,42311.288
41308,41652.289000000004
41309,40459.3
41310,41446.309
41311,42272.314000000006
41312,43917.311
41313,44257.315
41314,44294.310000000005
41315,44794.314
41316,44069.316999999995
41317,43696.315
41318,43548.311
41319,43238.312000000005
41320,42391.317
41321,41599.315
41322,41115.314999999995
41323,40425.320999999996
41324,40092.32899999999
41325,38518.327999999994
41326,38046.331
41327,39372.32200000001
41328,39986.325000000004
41329,40834.332
41330,40715.34100000001
41331,41087.349
41332,41189.348000000005
41333,41763.347
41334,42121.35199999999
41335,42783.352999999996
41336,42757.351
41337,43011.35700000001
41338,42415.369000000006
41339,41218.373
41340,42837.37500000001
41341,44228.376000000004
41342,44029.379
41343,44395.385
41344,41747.392
41345,42109.394
41346,42133.404
41347,40501.40900000001
41348,40156.414000000004
41349,40393.414000000004
41350,39706.414000000004
41351,38838.419
41352,38921.421
41353,38626.421
41354,38231.423
41355,36504.43
41356,36828.429000000004
41357,37277.438
41358,37945.438
41359,39457.433000000005
41360,39528.443
41361,39765.44700000001
41362,40050.453
41363,40595.458999999995
41364,40769.469000000005
41365,40893.475000000006
41366,40488.465
41367,39805.47
41368,39485.475000000006
41369,38719.48500000001
41370,39493.491000000016
41371,40722.496000000014
41372,40758.492000000006
41373,40607.492
41374,46455.490000000005
41375,46988.490999999995
41376,47185.49500000001
41377,47419.494000000006
41378,46495.49900000001
41379,46223.49800000001
41380,44954.506
41381,45938.509000000005
41382,45827.51700000001
41383,45720.526000000005
41384,45361.52500000001
41385,44833.52300000001
41386,45889.53100000001
41387,46875.52900000001
41388,47260.522000000004
41389,47512.530000000006
41390,48882.528000000006
41391,49797.51300000001
41392,49254.52000000001
41393,49014.53000000001
41394,49216.53100000001
41395,50145.52500000001
41396,50756.52200000001
41397,49948.522000000026
41398,50536.52900000001
41399,50238.542000000016
41400,50819.548000000024
41401,52376.55600000001
41402,52468.56300000001
41403,52776.56900000002
41404,52863.573000000004
41405,52086.57400000001
41406,51349.577000000005
41407,51277.57500000001
41408,51484.57700000002
41409,51936.57300000002
41410,50789.57500000001
41411,49094.57700000002
41412,46497.581999999995
41413,46584.581000000006
41414,46382.59000000001
41415,46191.58800000002
41416,47142.58500000002
41417,47802.591000000015
41418,47946.59700000002
41419,48418.590000000026
41420,49238.591000000015
41421,48934.60000000002
41422,49108.591000000015
41423,49778.59000000001
41424,49114.601000000024
41425,49918.601000000024
41426,49705.609000000026
41427,49213.61100000002
41428,49361.609000000026
41429,48683.620000000024
41430,49342.61800000003
41431,50181.61800000003
41432,50278.61600000001
41433,50087.62400000001
41434,50698.63100000002
41435,50002.64500000002
41436,43492.65500000001
41437,42783.656000000025
41438,42072.66500000002
41439,42914.65900000003
41440,41899.65900000002
41441,41178.64700000002
41442,40064.64200000002
41443,40007.64200000002
41444,39523.64000000002
41445,38341.64600000002
41446,39495.64400000002
41447,40473.64500000001
41448,40568.63600000001
41449,40122.63300000002
41450,40165.63200000002
41451,41419.629000000015
41452,41825.63300000001
41453,41953.63000000002
41454,41387.63700000002
41455,41816.63800000001
41456,42082.64300000001
41457,43815.632000000034
41458,44028.62800000002
41459,44231.625000000015
41460,44403.633000000016
41461,44517.63300000001
41462,45497.64300000001
41463,45853.64300000001
41464,47012.64100000001
41465,46225.640000000014
41466,45040.638000000006
41467,44635.633
41468,44475.631
41469,44998.622
41470,44292.628000000004
41471,43313.631
41472,41191.641
41473,41601.649
41474,41637.648
41475,41672.643
41476,41979.655999999995
41477,41414.648
41478,40698.64800000001
41479,41003.64500000001
41480,41526.633000000016
41481,41889.631000000016
41482,42065.63000000002
41483,41679.627000000015
41484,40378.61800000002
41485,40757.62800000002
41486,40665.626000000026
41487,41913.625000000015
41488,43132.62000000002
41489,43072.61900000002
41490,42896.63400000002
41491,42558.62900000002
41492,43304.637000000024
41493,42904.64000000002
41494,43982.63300000002
41495,43263.629000000015
41496,43543.63100000002
41497,43747.63000000001
41498,42845.640000000014
41499,42548.64500000001
41500,42310.63500000002
41501,42155.62900000001
41502,41083.62000000001
41503,42186.61600000001
41504,43521.60600000002
41505,43653.612000000016
41506,43906.619000000006
41507,43273.62100000001
41508,42832.62400000001
41509,43180.63400000001
41510,43362.645000000004
41511,44226.64100000001
41512,44643.63900000001
41513,43272.64500000001
41514,42817.647000000004
41515,42573.64800000001
41516,40905.650000000016
41517,42685.63900000001
41518,43129.63700000002
41519,43169.633000000016
41520,43627.63800000002
41521,43678.647000000026
41522,43072.65000000002
41523,43119.65100000002
41524,42746.64900000001
41525,48040.64400000002
41526,48491.64800000002
41527,48219.64200000002
41528,48020.648000000016
41529,47182.648000000016
41530,47291.647000000026
41531,45553.65300000001
41532,43289.65100000001
41533,43162.64600000001
41534,44483.63800000002
41535,46047.630000000005
41536,46457.62600000001
41537,45614.62700000001
41538,44611.623000000014
41539,45108.61700000001
41540,44209.61800000002
41541,44918.62200000001
41542,46544.610000000015
41543,45986.610000000015
41544,45557.60400000002
41545,44425.60100000001
41546,43224.605000000025
41547,44182.60800000004
41548,44273.61100000003
41549,44255.605000000025
41550,44531.61100000002
41551,44155.610000000015
41552,43423.60400000002
41553,42873.609000000026
41554,42738.61200000002
41555,42173.60900000001
41556,42322.60300000002
41557,36289.59600000002
41558,36788.59300000002
41559,36405.59100000002
41560,36533.592000000026
41561,35977.59900000002
41562,35191.59700000002
41563,35192.59600000002
41564,35643.58900000002
41565,36338.592000000026
41566,35649.59100000002
41567,35897.58400000002
41568,34810.56900000001
41569,34890.568000000014
41570,33726.57000000002
41571,33974.565000000024
41572,34791.56200000002
41573,34524.56000000002
41574,33902.557000000015
41575,33420.54800000002
41576,33921.542000000016
41577,34573.546
41578,35035.549
41579,34523.547000000006
41580,34919.54600000001
41581,34507.544
41582,35196.534
41583,34914.53599999999
41584,35086.535
41585,34398.541000000005
41586,33977.53700000001
41587,33702.53900000001
41588,33347.54500000002
41589,32777.54800000002
41590,34007.54500000001
41591,34424.542
41592,32991.53000000002
41593,34130.53100000001
41594,35035.53200000001
41595,35454.525000000016
41596,34395.53000000001
41597,35159.524000000005
41598,34667.51800000001
41599,34877.524000000005
41600,33163.51500000002
41601,33770.522000000004
41602,34075.51900000001
41603,33339.508000000016
41604,32323.50800000002
41605,31691.515000000018
41606,30356.50900000002
41607,30225.51000000002
41608,29535.52200000002
41609,29473.51700000002
41610,28955.52600000002
41611,28200.521000000022
41612,28307.529000000024
41613,28458.524000000023
41614,28274.524000000023
41615,28990.51700000002
41616,28966.51600000002
41617,29031.524000000023
41618,30212.50600000002
41619,29927.50700000002
41620,30613.509000000016
41621,30214.50000000002
41622,29023.512000000017
41623,30332.507000000016
41624,31225.506000000016
41625,31943.492000000017
41626,30817.496000000017
41627,30066.493000000017
41628,29605.48900000002
41629,30705.491000000016
41630,30133.483000000015
41631,30025.487000000016
41632,30095.482000000018
41633,28398.492000000017
41634,27653.486000000015
41635,26956.487000000016
41636,26707.482000000015
41637,27034.480000000014
41638,26028.48700000001
41639,24929.48300000001
41640,24618.483000000007
41641,25305.47200000001
41642,25152.46300000001
41643,25261.461000000007
41644,25386.462000000007
41645,26082.463000000007
41646,26069.472000000005
41647,25873.472000000005
41648,26395.47200000001
41649,26635.462000000007
41650,27462.461000000007
41651,25750.467000000008
41652,25899.460000000006
41653,27678.450000000004
41654,27028.443000000007
41655,27435.430000000008
41656,27343.44300000001
41657,27535.437000000005
41658,26944.44600000001
41659,27683.44100000001
41660,26436.440000000013
41661,26860.430000000008
41662,27186.42500000001
41663,25749.430000000008
41664,26312.42700000001
41665,25357.428000000004
41666,23782.424000000006
41667,23454.426000000007
41668,23078.421000000006
41669,21793.427000000007
41670,21863.427000000003
41671,21965.427000000003
41672,21882.421000000002
41673,21789.420000000006
41674,21630.420000000006
41675,21191.431000000004
41676,21841.424000000006
41677,21722.427000000003
41678,22095.426000000003
41679,21831.422000000002
41680,21905.421000000002
41681,22344.417
41682,21919.414
41683,22779.409000000003
41684,23000.402000000006
41685,25106.386000000002
41686,25527.391000000003
41687,25424.397
41688,23895.399000000005
41689,24926.408000000003
41690,24824.402000000002
41691,24810.39900000001
41692,24580.401
41693,23130.403000000002
41694,23284.397000000008
41695,21349.397000000004
41696,20086.397000000004
41697,20072.396000000008
41698,19841.395000000004
41699,19653.394000000004
41700,19202.395
41701,18496.394000000004
41702,19028.389000000003
41703,19022.389000000003
41704,18223.395000000004
41705,19353.394000000004
41706,19065.396
41707,18909.396
41708,19513.391
41709,18571.393
41710,18045.398
41711,18214.397999999997
41712,17233.403
41713,18081.399000000005
41714,18414.397
41715,18148.394
41716,18375.397000000004
41717,17846.401000000005
41718,18510.390000000003
41719,18233.396000000004
41720,18433.400000000005
41721,19052.404000000006
41722,19657.395000000004
41723,19336.383000000005
41724,19359.388000000006
41725,18943.379000000004
41726,19635.363
41727,20093.349000000002
41728,19337.335
41729,21242.327999999998
41730,21574.320999999996
41731,21195.32
41732,21199.327999999998
41733,20286.322
41734,19240.328
41735,18348.334000000003
41736,17223.336
41737,16726.341
41738,16212.347000000002
41739,14333.349000000002
41740,12308.355000000003
41741,11465.356000000003
41742,11345.361000000004
41743,11845.366000000005
41744,11703.373000000001
41745,10837.383000000005
41746,11052.384000000005
41747,11998.382000000005
41748,12931.388000000008
41749,13247.39300000001
41750,13927.408000000012
41751,14351.418000000012
41752,13289.426000000014
41753,12129.439000000017
41754,11501.46000000002
41755,10042.47900000002
41756,8544.50200000002
41757,6024.528000000021
41758,5229.552000000022
41759,1462.5989999999965
41760,2150.426999999996
41761,3660.4160000000165
41762,5855.411000000019
41763,6763.409000000022
41764,7708.40000000002
41765,8385.394000000018
41766,9828.386000000019
41767,11083.38300000002
41768,12068.380000000017
41769,12556.379000000017
41770,15306.381000000018
41771,14378.382000000018
41772,14143.373000000018
41773,13635.373000000016
41774,13770.367000000015
41775,13365.375000000015
41776,12720.37200000001
41777,12099.366000000009
41778,12242.360000000006
41779,12166.362000000008
41780,10421.360000000006
41781,11089.356000000007
41782,12157.343000000004
41783,13221.342000000004
41784,14624.336000000003
41785,16233.333000000002
41786,17298.327000000005
41787,17508.323
41788,18036.317
41789,18754.305999999997
41790,18113.315
41791,20088.313
41792,20180.319
41793,20161.319
41794,19876.321
41795,18417.323
41796,18607.331000000002
41797,19614.33
41798,20494.333
41799,20754.337
41800,21304.331
41801,21344.327
41802,27824.323
41803,27081.322
41804,26327.313
41805,25717.315
41806,24747.314000000002
41807,23385.312
41808,22645.304
41809,22135.305
41810,21600.299
41811,20380.297000000002
41812,19630.292
41813,20783.288
41814,21028.292
41815,22118.287000000004
41816,21255.281000000003
41817,21047.277000000002
41818,20562.279000000002
41819,20377.271
41820,21165.267000000003
41821,22305.263000000003
41822,22653.256
41823,22368.254
41824,22288.25
41825,21473.249000000003
41826,22583.252
41827,23190.248000000003
41828,23387.24
41829,24180.239000000005
41830,23157.238000000005
41831,23944.235000000004
41832,23694.231000000003
41833,24029.228000000003
41834,24100.219
41835,24092.220000000005
41836,24167.222000000005
41837,22867.225000000006
41838,22867.220000000005
41839,22882.213000000007
41840,22087.211000000007
41841,21300.204000000005
41842,21500.20300000001
41843,21135.20500000001
41844,21528.20500000001
41845,22908.205000000005
41846,22338.204000000005
41847,21348.207000000006
41848,21705.210000000006
41849,21100.214000000007
41850,22665.215000000007
41851,23068.215000000004
41852,23128.211000000003
41853,23168.208000000002
41854,23733.211000000003
41855,21803.210000000006
41856,21985.214000000007
41857,23352.214000000004
41858,23167.212000000003
41859,23385.212000000003
41860,22801.214000000007
41861,23016.213000000003
41862,23221.214000000007
41863,23406.216000000004
41864,23021.216000000004
41865,18701.215000000004
41866,18911.213000000003
41867,18346.209000000003
41868,17931.214000000004
41869,17974.212000000007
41870,17786.209000000003
41871,18338.211000000007
41872,18738.210000000003
41873,19379.206000000002
41874,18589.208000000002
41875,18434.204
41876,17854.204000000005
41877,17059.207000000002
41878,17314.206000000002
41879,17109.204000000005
41880,17289.209000000003
41881,16529.208000000006
41882,16164.207000000004
41883,16151.207000000004
41884,17311.209000000006
41885,16939.207000000002
41886,18119.207000000002
41887,19854.210000000003
41888,19084.209000000003
41889,19544.202
41890,19364.202
41891,20157.201
41892,20157.2
41893,19347.204
41894,19527.205
41895,20327.203
41896,19787.198000000004
41897,18569.203
41898,18776.202000000005
41899,18176.201000000005
41900,17396.200000000004
41901,17021.197000000004
41902,17616.196000000004
41903,18201.194000000003
41904,17558.201000000005
41905,17778.197000000004
41906,17783.196000000004
41907,17623.192000000003
41908,18043.189000000002
41909,18446.189000000002
41910,19396.191000000003
41911,18996.193000000003
41912,18811.191000000003
41913,18616.191000000003
41914,19236.187
41915,19231.188000000002
41916,19586.19
41917,20561.19
41918,19976.191
41919,20414.187
41920,20224.186
41921,21564.189000000002
41922,21164.189
41923,20559.192
41924,20569.194
41925,20794.193000000003
41926,19604.197000000004
41927,18837.195000000003
41928,19417.195000000003
41929,18647.193000000003
41930,24552.189
41931,23392.187
41932,24742.188
41933,25307.191
41934,25699.19
41935,25464.193
41936,25854.193
41937,25889.189000000002
41938,25699.187
41939,26479.187
41940,26244.19
41941,25869.19
41942,25264.192000000003
41943,24474.194000000003
41944,24249.197000000004
41945,24224.199000000004
41946,24814.198000000004
41947,25397.198000000004
41948,24437.198000000004
41949,24837.196
41950,24827.198
41951,26567.2
41952,25987.199
41953,20888.201
41954,20903.2
41955,21478.199
41956,21065.2
41957,20470.2
41958,21070.196000000004
41959,20070.195000000003
41960,20077.197000000004
41961,18912.195000000003
41962,19277.199000000004
41963,19887.196000000004
41964,19882.195000000003
41965,19682.194000000003
41966,19277.195000000003
41967,19490.196000000004
41968,18130.196000000004
41969,18710.194000000003
41970,18860.199000000004
41971,17835.201000000005
41972,18045.197000000004
41973,17860.194000000003
41974,18250.194000000003
41975,18655.192000000003
41976,19825.191000000003
41977,19625.192000000003
41978,19810.193000000003
41979,20180.193000000003
41980,19790.192000000003
41981,21190.189000000002
41982,20775.190000000002
41983,22165.188000000002
41984,22542.190000000002
41985,22137.192000000003
41986,21551.191000000003
41987,21338.190000000006
41988,22484.190000000006
41989,21537.185000000005
41990,22081.186000000005
41991,21716.184000000005
41992,21911.185000000005
41993,21896.186000000005
41994,22131.179000000004
41995,21898.183000000005
41996,21733.182000000004
41997,22118.181000000004
41998,21718.185000000005
41999,22275.191000000006
42000,22505.192000000003
42001,21753.190000000006
42002,21556.193000000003
42003,20765.192000000006
42004,20773.192000000006
42005,20383.193000000007
42006,21738.192000000006
42007,21303.197000000004
42008,20586.194000000003
42009,20405.196000000004
42010,20253.195000000003
42011,21046.196000000004
42012,21033.198000000004
42013,21266.197000000004
42014,22616.200000000004
42015,23463.194000000003
42016,22678.198
42017,22658.2
42018,24030.199
42019,23284.198
42020,23076.198
42021,22887.204
42022,23313.203
42023,23511.205
42024,23194.201
42025,23579.203
42026,23423.202
42027,24195.2
42028,23426.203
42029,24206.206000000002
42030,23985.210000000003
42031,24057.204
42032,24066.204
42033,23651.209000000003
42034,23046.213000000003
42035,22885.215000000004
42036,24058.214000000004
42037,23905.212000000003
42038,23338.210000000003
42039,22368.213000000003
42040,22006.210000000003
42041,22429.211000000003
42042,23223.208000000002
42043,23405.208000000002
42044,23789.210000000003
42045,25014.210000000006
42046,24446.209000000006
42047,24509.207000000002
42048,25517.210000000003
42049,24944.211000000003
42050,23779.210000000003
42051,24630.205
42052,25038.208000000002
42053,25480.202
42054,26290.201
42055,26901.200000000004
42056,26304.203000000005
42057,27452.206000000002
42058,26988.203000000005
42059,33031.205
42060,33640.206000000006
42061,34063.205
42062,34321.203
42063,33754.19900000001
42064,32994.2
42065,32587.203
42066,32359.207000000002
42067,31142.212000000003
42068,30544.211000000003
42069,29766.208000000002
42070,29057.202000000005
42071,28846.200000000004
42072,28036.206000000002
42073,28656.205
42074,29648.204
42075,30825.202000000005
42076,30464.206000000002
42077,29485.209000000003
42078,30843.209000000003
42079,30234.214000000004
42080,29250.215000000004
42081,30050.218
42082,31446.214000000004
42083,31912.209000000006
42084,32927.208000000006
42085,33951.204000000005
42086,33771.205
42087,34996.201
42088,34369.20300000001
42089,34290.206999999995
42090,34957.206999999995
42091,34415.208
42092,34429.209
42093,28533.214
42094,28174.215
42095,27429.212000000003
42096,27137.209000000003
42097,25979.212
42098,24741.216
42099,24181.212
42100,23190.210000000003
42101,22646.214000000004
42102,23032.215000000004
42103,24578.208000000002
42104,24750.210000000003
42105,26458.21
42106,25858.21
42107,25876.207
42108,26620.208
42109,26230.213
42110,24836.218
42111,25631.219
42112,26664.219
42113,27046.222
42114,27775.226000000002
42115,28106.223000000005
42116,28139.220000000005
42117,29155.217000000004
42118,28260.222000000005
42119,29484.216000000004
42120,30076.218000000004
42121,30327.217000000004
42122,30420.221000000005
42123,29572.226000000006
42124,29487.219000000005
42125,28777.216000000004
42126,29440.209000000003
42127,27882.210000000006
42128,26956.205000000005
42129,26210.207000000002
42130,26778.211000000003
42131,26384.218000000004
42132,27011.215000000004
42133,27963.222
42134,28005.22
42135,28716.222
42136,27982.222
42137,27480.22
42138,28666.218
42139,28887.223
42140,28317.224000000002
42141,28985.232000000004
42142,29752.232000000004
42143,30232.230000000003
42144,32393.226000000002
42145,31674.226000000002
42146,31291.234000000004
42147,31473.227000000003
42148,30955.228000000003
42149,31679.23
42150,32661.228000000006
42151,33639.227000000006
42152,33299.226
42153,32335.227000000003
42154,31548.223
42155,30618.220000000005
42156,30645.219000000005
42157,29520.218000000004
42158,29237.219
42159,28257.228000000003
42160,28423.234
42161,28154.23
42162,28870.22
42163,28881.225000000002
42164,29040.234000000004
42165,29364.247000000003
42166,27758.254
42167,31056.250000000004
42168,32561.254
42169,32582.261000000002
42170,32100.276
42171,33422.275
42172,33831.277
42173,33253.281
42174,33926.296
42175,33393.299000000006
42176,33170.298
42177,34125.3
42178,33269.287000000004
42179,34043.287000000004
42180,34772.29
42181,35093.28599999999
42182,33753.282
42183,33113.281
42184,32428.266000000003
42185,32451.267000000003
42186,33214.270000000004
42187,32560.277000000002
42188,32895.277
42189,31818.276000000005
42190,31782.268000000004
42191,30374.268000000004
42192,30132.257000000005
42193,31235.257
42194,32198.257000000005
42195,32938.258
42196,32649.256
42197,33755.251000000004
42198,34539.242999999995
42199,33393.234000000004
42200,32384.236000000004
42201,33553.233
42202,33960.228
42203,33589.226
42204,35540.21799999999
42205,34782.210999999996
42206,34367.206
42207,35317.206999999995
42208,34785.204
42209,34893.206999999995
42210,35046.21
42211,35727.204999999994
42212,34378.202000000005
42213,33582.196
42214,32715.203000000005
42215,32762.199000000004
42216,32850.194
42217,31886.187000000005
42218,32047.184000000005
42219,31230.183000000005
42220,32029.183000000005
42221,30865.179000000004
42222,31191.185000000005
42223,32908.181000000004
42224,34074.179000000004
42225,34833.172000000006
42226,34778.17100000001
42227,35328.169
42228,36081.166
42229,35544.16499999999
42230,34431.156
42231,36147.151999999995
42232,37169.147999999994
42233,36659.147
42234,37418.146
42235,36515.140999999996
42236,35902.142
42237,37091.138999999996
42238,36701.142
42239,36917.136999999995
42240,37899.13799999999
42241,38186.13699999999
42242,37770.13799999999
42243,36802.13399999999
42244,35587.134
42245,34745.14
42246,35172.136
42247,33521.138
42248,32984.135
42249,32686.129
42250,32967.134
42251,32043.129000000004
42252,31487.131000000005
42253,32705.132000000005
42254,32562.130000000005
42255,33524.127
42256,33708.121
42257,33461.127
42258,34130.123
42259,34217.119
42260,33219.121
42261,34569.123
42262,36079.117999999995
42263,34889.119
42264,35419.119999999995
42265,35622.117999999995
42266,35013.118
42267,35759.117999999995
42268,36433.11899999999
42269,35757.11299999999
42270,37010.104999999996
42271,36434.10399999999
42272,35986.106
42273,34558.108
42274,34547.105
42275,34017.101
42276,34193.102999999996
42277,38951.098000000005
42278,37932.099
42279,38210.094000000005
42280,38028.094000000005
42281,37153.09300000001
42282,36893.087
42283,38353.083
42284,37793.08200000001
42285,40484.077
42286,40489.07600000001
42287,40914.074
42288,40909.07300000001
42289,40697.074
42290,39692.07300000001
42291,40692.071
42292,42647.06900000001
42293,42117.06800000001
42294,42507.068
42295,41722.06900000001
42296,41568.06800000001
42297,41745.072
42298,42755.068
42299,43005.066000000006
42300,44340.068
42301,45040.064
42302,43865.065
42303,42890.066000000006
42304,42915.066000000006
42305,41560.065
42306,41795.062000000005
42307,40825.061
42308,40480.057
42309,40290.056
42310,39920.057
42311,39135.058000000005
42312,33240.060000000005
42313,34610.059
42314,33655.060000000005
42315,34770.062000000005
42316,35160.062000000005
42317,35715.063
42318,36085.062000000005
42319,35730.06
42320,34330.062000000005
42321,35335.061
42322,36410.066
42323,35910.064
42324,36660.066
42325,35495.064999999995
42326,36090.063
42327,36680.063
42328,37095.064
42329,37875.064999999995
42330,39210.066
42331,39075.064
42332,38260.066000000006
42333,36575.063
42334,36835.06
42335,37205.06
42336,36555.063
42337,35650.059
42338,35575.05500000001
42339,35370.057
42340,35200.058000000005
42341,34195.061
42342,33815.059
42343,34760.061
42344,34035.064000000006
42345,35210.063
42346,35375.065
42347,35985.065
42348,36180.065
42349,35120.072
42350,34545.07000000001
42351,36055.07000000001
42352,37415.071
42353,36610.072
42354,37320.067
42355,35600.066000000006
42356,35730.069
42357,35755.069
42358,35975.069
42359,35635.069
42360,36810.069
42361,36880.066000000006
42362,36855.066000000006
42363,36270.066000000006
42364,36495.065
42365,37310.063
42366,37110.062999999995
42367,35190.062
42368,34635.062000000005
42369,35360.062999999995
42370,35750.062999999995
42371,34665.061
42372,34915.060000000005
42373,35880.062999999995
42374,35715.062
42375,36900.058999999994
42376,36860.062
42377,38055.062
42378,38340.058999999994
42379,38150.05799999999
42380,37740.056999999986
42381,38965.05599999999
42382,40100.05999999999
42383,39100.05999999999
42384,38700.06199999999
42385,37245.056
42386,37485.05699999999
42387,37650.05799999999
42388,37835.06
42389,36825.064
42390,37825.064
42391,37695.062000000005
42392,36260.068
42393,36055.07
42394,35625.073000000004
42395,36415.070999999996
42396,35405.07399999999
42397,34210.07400000001
42398,33425.075000000004
42399,33765.07600000001
42400,33410.075000000004
42401,32480.073000000008
42402,31323.075000000008
42403,32403.069000000007
42404,32883.066000000006
42405,33688.066
42406,34333.065
42407,36393.064999999995
42408,36333.068
42409,36273.070999999996
42410,35948.068
42411,37458.068
42412,36598.062999999995
42413,36248.062
42414,36218.062999999995
42415,34868.063
42416,34600.068
42417,35015.07
42418,35830.068
42419,35795.07
42420,37805.06799999999
42421,37260.064999999995
42422,37235.064
42423,36815.065
42424,36610.066999999995
42425,36630.068
42426,36070.068
42427,37725.07000000001
42428,36755.07100000001
42429,36165.073000000004
42430,35920.072
42431,35365.071
42432,34020.072
42433,34470.07000000001
42434,34070.073000000004
42435,34385.07800000001
42436,35000.07800000001
42437,35005.077000000005
42438,35450.076
42439,33440.073000000004
42440,33385.07400000001
42441,34195.073000000004
42442,35790.07199999999
42443,33880.072
42444,34040.074
42445,32685.07700000001
42446,32370.07700000001
42447,33690.073000000004
42448,33945.071
42449,34160.07200000001
42450,35690.073
42451,35525.072
42452,35190.070999999996
42453,35015.074
42454,34610.077000000005
42455,33640.076
42456,32610.077000000012
42457,33500.07700000001
42458,32700.078000000012
42459,33545.074
42460,33355.07300000001
42461,33025.07100000001
42462,32345.06700000001
42463,32700.07000000001
42464,31935.07300000001
42465,32975.07200000001
42466,34545.07
42467,33755.073000000004
42468,34385.07
42469,34765.074
42470,34165.073000000004
42471,35140.074
42472,36960.072
42473,36190.071
42474,35610.072
42475,36435.072
42476,36300.072
42477,37470.073
42478,38650.070999999996
42479,38235.07199999999
42480,40410.07299999999
42481,40180.070999999996
42482,39810.07199999999
42483,40675.06999999999
42484,40515.068999999996
42485,39350.06799999999
42486,37930.064999999995
42487,37120.066
42488,34715.063
42489,35090.062
42490,33740.063
42491,33705.065
42492,32365.06500000001
42493,32760.06400000001
42494,35010.060999999994
42495,37670.06199999999
42496,38485.06199999999
42497,37515.064999999995
42498,37175.06599999999
42499,37685.067
42500,36655.064
42501,37115.064
42502,38000.072
42503,37230.07000000001
42504,38045.07
42505,38660.07
42506,39535.066
42507,40415.06799999999
42508,41580.068999999996
42509,41815.06699999999
42510,43785.066999999995
42511,42945.064999999995
42512,42735.06799999999
42513,43380.06599999999
42514,43010.06599999999
42515,41830.06799999999
42516,40535.06799999999
42517,46320.062
42518,44855.066999999995
42519,44780.068
42520,43575.07
42521,43800.069
42522,42770.07
42523,43295.072
42524,42790.07
42525,42735.06999999999
42526,42725.072
42527,41695.073
42528,41490.075000000004
42529,41285.077000000005
42530,35455.076
42531,36260.076
42532,38285.070999999996
42533,34585.073000000004
42534,35740.076
42535,36390.073000000004
42536,36805.073000000004
42537,37380.075
42538,38595.070999999996
42539,39035.06499999999
42540,39790.06499999999
42541,39060.06499999999
42542,38930.06699999999
42543,39690.066
42544,38710.06699999999
42545,38295.068
42546,39855.064999999995
42547,40040.066999999995
42548,39455.066999999995
42549,39790.06799999999
42550,39760.068999999996
42551,39365.06999999999
42552,38020.070999999996
42553,38155.07399999999
42554,37480.073
42555,37705.072
42556,38240.073
42557,37490.072
42558,36985.07199999999
42559,36790.073
42560,35760.076
42561,37335.07399999999
42562,38870.07399999999
42563,37155.075999999994
42564,38610.07299999999
42565,38780.074
42566,39800.07
42567,40415.070999999996
42568,41030.06999999999
42569,41235.066999999995
42570,42300.075
42571,41515.075999999994
42572,41292.077999999994
42573,42037.08099999999
42574,40607.083999999995
42575,40972.083999999995
42576,40002.084
42577,39797.088
42578,39887.08500000001
42579,39802.083
42580,39062.089
42581,38319.088
42582,37744.086
42583,38149.083
42584,37766.081999999995
42585,37826.08
42586,38316.08500000001
42587,37466.08900000001
42588,38339.08500000001
42589,37489.081000000006
42590,36650.081000000006
42591,38050.079
42592,38925.075
42593,38340.075
42594,39580.072
42595,39787.070999999996
42596,39782.075
42597,40477.077
42598,39777.082
42599,40633.08
42600,42664.077999999994
42601,42074.079
42602,42034.077
42603,39689.081
42604,38758.083
42605,38753.085
42606,40039.087999999996
42607,39809.08999999999
42608,38509.087
42609,38839.091
42610,37100.09300000001
42611,36496.096000000005
42612,37056.094
42613,36797.097
42614,36212.097
42615,36247.096000000005
42616,37391.096000000005
42617,37646.094
42618,38561.096000000005
42619,37356.098
42620,37026.096
42621,38426.094999999994
42622,38811.096
42623,38526.096
42624,39491.098
42625,39491.098999999995
42626,39902.098999999995
42627,40163.09699999999
42628,40372.096
42629,40727.09699999999
42630,42880.09399999999
42631,42356.08899999999
42632,41936.09
42633,42540.09
42634,41381.091
42635,41753.09199999999
42636,40587.096999999994
42637,40645.098
42638,38780.108
42639,39054.107
42640,37217.116
42641,36878.118
42642,37129.119
42643,37219.118
42644,37144.127
42645,36030.128
42646,36214.132
42647,36609.131
42648,38816.128
42649,38219.130000000005
42650,37179.14
42651,38349.145000000004
42652,39258.145000000004
42653,39513.147
42654,40369.149999999994
42655,40590.149000000005
42656,41002.152
42657,41188.153999999995
42658,42277.152
42659,42490.156
42660,44225.155
42661,43370.156
42662,42145.163
42663,41266.168999999994
42664,40172.173
42665,39952.16999999999
42666,40227.17399999999
42667,39677.17299999999
42668,38780.17299999999
42669,38043.174999999996
42670,38014.172
42671,37632.17399999999
42672,38483.172
42673,39242.17399999999
42674,39666.170999999995
42675,40721.16899999999
42676,40291.17399999999
42677,40539.176
42678,40702.18099999999
42679,40619.183
42680,39894.185999999994
42681,40804.18799999999
42682,41619.18899999999
42683,41584.19199999999
42684,42513.19199999999
42685,42826.19599999999
42686,42897.19
42687,43547.193
42688,44547.191000000006
42689,45265.19
42690,46247.193
42691,44806.197
42692,43199.20599999999
42693,41666.205
42694,40882.209
42695,39928.208
42696,40153.209
42697,37738.212999999996
42698,36750.214
42699,36585.214
42700,34656.215
42701,34486.217000000004
42702,34813.215
42703,35803.215
42704,36326.214
42705,36993.219
42706,37398.213
42707,38093.208999999995
42708,37981.21
42709,37132.214
42710,37169.212
42711,38330.214
42712,39115.21599999999
42713,40125.22099999999
42714,38614.221999999994
42715,38468.221999999994
42716,38836.22499999999
42717,42422.229999999996
42718,43383.235
42719,44149.240000000005
42720,44640.24799999999
42721,43595.25
42722,43437.24899999999
42723,42857.25399999999
42724,43057.25299999998
42725,42827.25999999999
42726,42772.26399999999
42727,41720.261999999995
42728,41099.261999999995
42729,41096.26099999999
42730,38683.27
42731,38084.27099999999
42732,38057.270000000004
42733,38372.274
42734,38717.27399999999
42735,39619.270999999986
42736,39242.274
42737,39179.276999999995
42738,39059.27599999999
42739,37938.276999999995
42740,38892.284999999996
42741,39538.28899999999
42742,40608.28799999999
42743,41452.28599999999
42744,40798.293999999994
42745,40530.289
42746,40025.291
42747,40824.297
42748,41615.304
42749,40079.301999999996
42750,41137.30499999999
42751,40076.31
42752,39562.307
42753,38724.308
42754,39055.304
42755,39026.314000000006
42756,38624.317
42757,38048.313
42758,38277.314000000006
42759,38754.317
42760,36901.324
42761,36874.32400000001
42762,36636.32000000001
42763,36577.32399999999
42764,37589.327
42765,37905.325999999994
42766,38906.322
42767,39085.320999999996
42768,38980.325999999994
42769,37655.333
42770,38707.33099999999
42771,39765.33199999999
42772,40675.34099999999
42773,40997.34299999999
42774,40644.34599999999
42775,39867.350999999995
42776,39908.353
42777,40952.356
42778,40885.359
42779,41166.363
42780,42136.36899999999
42781,40759.373
42782,39333.38
42783,39512.382
42784,39173.388999999996
42785,39508.39499999999
42786,38723.39799999999
42787,37561.40499999999
42788,37624.407
42789,39017.403
42790,37706.409
42791,37585.419
42792,38131.416
42793,38998.413
42794,38906.418
42795,38959.426999999996
42796,39679.432
42797,39370.439
42798,39861.435
42799,39125.43699999999
42800,39432.444
42801,40666.449
42802,41474.444
42803,41400.44500000001
42804,41323.45700000001
42805,41062.464
42806,41239.460000000014
42807,42508.463
42808,43439.463
42809,43645.45300000001
42810,44722.454999999994
42811,43023.455
42812,42462.44899999999
42813,42046.454000000005
42814,42208.45500000001
42815,42741.454000000005
42816,42773.452000000005
42817,41631.45900000001
42818,40916.46200000001
42819,41273.476
42820,38911.483
42821,39623.481
42822,40428.48500000001
42823,41195.491
42824,41127.49800000001
42825,41550.50600000001
42826,41210.51
42827,41437.511
42828,45933.524000000005
42829,44858.525
42830,45964.52300000001
42831,47367.51900000001
42832,42735.528
42833,42176.528
42834,42978.530000000006
42835,43299.527
42836,42653.53600000001
42837,44585.52900000001
42838,46034.531
42839,46914.530000000006
42840,46839.54200000001
42841,45602.548
42842,43915.559
42843,43355.562000000005
42844,43445.564000000006
42845,43149.568
42846,43842.569
42847,43317.57
42848,43086.578
42849,43713.579000000005
42850,42102.576
42851,42647.577999999994
42852,42023.58999999999
42853,42951.597
42854,42795.588
42855,43447.587999999996
42856,43890.588
42857,43048.585
42858,41730.586
42859,41001.585
42860,41843.58600000001
42861,43303.591
42862,44078.598
42863,42958.606999999996
42864,43586.607
42865,43472.615000000005
42866,43269.607
42867,45581.609
42868,46519.609000000004
42869,46885.609
42870,47791.606
42871,46879.602000000006
42872,46459.60200000001
42873,45656.61300000001
42874,45343.62700000001
42875,45488.62700000001
42876,45540.62300000001
42877,44812.62300000001
42878,44678.626000000004
42879,44937.62900000001
42880,43284.624
42881,43000.61900000001
42882,43049.616
42883,43686.61600000001
42884,42323.630000000005
42885,42242.64000000001
42886,42157.633
42887,41575.63000000001
42888,40427.62700000002
42889,39978.62000000002
42890,41349.616000000016
42891,41858.621000000014
42892,42095.619000000006
42893,42418.61400000001
42894,42705.62200000002
42895,42275.631000000016
42896,42030.631000000016
42897,43851.633000000016
42898,44274.634000000005
42899,45321.63200000001
42900,45393.63900000002
42901,44409.63500000002
42902,43234.64300000002
42903,43067.64100000002
42904,43346.64700000001
42905,44326.63600000002
42906,44862.63300000002
42907,44122.64300000002
42908,43738.645000000004
42909,43355.65
42910,42093.643000000004
42911,43154.635
42912,43924.62700000001
42913,43402.64000000001
42914,42986.63500000001
42915,43225.62300000001
42916,42974.624
42917,42219.622
42918,41582.616
42919,40893.615000000005
42920,42795.60200000001
42921,43601.59300000001
42922,43516.60100000001
42923,43444.60000000001
42924,43778.599
42925,43075.60600000001
42926,42968.609000000004
42927,44144.60500000001
42928,44347.60800000001
42929,45158.616
42930,45729.614000000016
42931,43849.61700000002
42932,43458.615000000005
42933,43446.614000000016
42934,43942.608000000015
42935,43782.613000000005
42936,44665.60300000002
42937,43377.610000000015
42938,43241.61200000001
42939,42865.613000000005
42940,40878.62000000001
42941,41676.61200000001
42942,42176.60700000001
42943,42636.60500000001
42944,42444.600000000006
42945,42399.600000000006
42946,42275.600000000006
42947,41331.606
42948,41318.611000000004
42949,40814.612
42950,42176.619000000006
42951,43374.599
42952,43434.615000000005
42953,43878.613
42954,43413.619000000006
42955,44781.613
42956,43843.61299999999
42957,45278.621
42958,45223.61699999999
42959,46203.61899999999
42960,46216.621999999996
42961,44944.625
42962,44183.62300000001
42963,43673.62099999999
42964,43610.621
42965,44185.616
42966,44603.621999999996
42967,43827.630999999994
42968,43855.628999999986
42969,42671.62599999999
42970,40739.626
42971,40915.61800000001
42972,40825.60600000001
42973,40970.611000000004
42974,40036.615000000005
42975,39404.612
42976,39169.59700000001
42977,37548.60700000001
42978,37566.60700000001
42979,35987.617
42980,36923.60700000001
42981,37843.60500000001
42982,38786.60100000001
42983,38521.594000000005
42984,38545.594000000005
42985,37879.60200000001
42986,37744.61000000001
42987,39412.60400000001
42988,38859.596000000005
42989,40407.59700000001
42990,40644.599
42991,39580.602
42992,39631.59199999999
42993,39757.58999999999
42994,40232.591
42995,40335.58800000001
42996,39983.59300000001
42997,39513.58900000001
42998,39077.58200000001
42999,38531.581000000006
43000,36506.57100000001
43001,36853.56300000001
43002,35710.55800000001
43003,35169.55800000001
43004,34510.55200000002
43005,34019.56200000002
43006,33833.55800000002
43007,33570.55600000002
43008,33594.55100000002
43009,31964.54600000002
43010,33381.54800000002
43011,33589.54100000002
43012,34158.53200000002
43013,34509.53000000001
43014,34434.534000000014
43015,35502.531
43016,35284.530000000006
43017,36567.521
43018,35704.520000000004
43019,36553.525
43020,36337.53100000001
43021,35623.52300000001
43022,36581.51000000001
43023,36319.51
43024,36694.511000000006
43025,36892.51000000001
43026,37464.513
43027,36233.505000000005
43028,36016.50199999999
43029,35654.506
43030,33783.49900000002
43031,33677.499000000025
43032,32896.49800000002
43033,32767.492000000024
43034,32286.49500000002
43035,31540.49700000002
43036,30898.501000000026
43037,31346.492000000024
43038,31434.487000000023
43039,30243.494000000024
43040,31857.490000000023
43041,32401.489000000023
43042,33241.476000000024
43043,33796.47700000002
43044,33583.47600000002
43045,33755.49000000002
43046,33639.48700000002
43047,35198.488000000005
43048,34674.48900000001
43049,35939.48100000001
43050,36443.485
43051,35363.485
43052,34668.48600000001
43053,33044.485000000015
43054,33153.48800000001
43055,32446.49200000002
43056,32244.493000000024
43057,32071.48600000002
43058,31916.492000000017
43059,30485.491000000016
43060,28966.499000000014
43061,29079.496000000017
43062,29442.496000000017
43063,29407.497000000018
43064,29424.50400000002
43065,28446.501000000022
43066,28364.49900000002
43067,27559.49100000002
43068,27593.48700000002
43069,27361.49000000002
43070,28365.482000000018
43071,28159.48300000002
43072,28691.476000000017
43073,28916.481000000018
43074,27118.484000000022
43075,27790.477000000017
43076,27646.47500000002
43077,27883.479000000018
43078,27628.473000000016
43079,27955.47200000002
43080,27659.479000000014
43081,27912.470000000012
43082,27768.459000000013
43083,26680.456000000013
43084,27469.448000000015
43085,27103.452000000016
43086,28429.438000000016
43087,27912.449000000015
43088,29064.446000000014
43089,27376.452000000016
43090,25954.448000000015
43091,27207.439000000013
43092,26152.439000000013
43093,26749.437000000013
43094,28051.43700000001
43095,27713.442000000014
43096,26186.445000000014
43097,26065.437000000013
43098,25657.436000000012
43099,26785.431000000015
43100,27322.421000000013
43101,25994.416000000012
43102,27303.41200000001
43103,27980.41400000001
43104,26021.41800000001
43105,25774.41400000001
43106,25760.41000000001
43107,26070.41200000001
43108,25740.409000000014
43109,25733.41500000001
43110,26948.41000000001
43111,26758.415000000008
43112,25728.423000000006
43113,24444.429000000007
43114,24924.43800000001
43115,25276.43500000001
43116,26064.43100000001
43117,24535.42700000001
43118,24591.42900000001
43119,24118.425000000007
43120,22840.42600000001
43121,24138.427000000007
43122,23191.427000000007
43123,23148.426000000007
43124,24070.424000000006
43125,23744.430000000004
43126,22108.436000000005
43127,22073.43400000001
43128,21651.427000000007
43129,21803.429000000007
43130,21757.426000000007
43131,21205.422000000006
43132,21129.421000000006
43133,21846.421000000006
43134,21019.417000000005
43135,21743.417000000005
43136,22193.414000000004
43137,22971.412000000008
43138,23417.403000000006
43139,24238.406000000006
43140,24613.413000000004
43141,23829.412000000004
43142,23494.414000000004
43143,23658.411000000004
43144,23959.412
43145,23600.401
43146,23817.407000000003
43147,22874.4
43148,22535.408
43149,20606.403000000002
43150,19796.4
43151,20203.403000000006
43152,19960.391000000003
43153,19886.387000000002
43154,19757.387000000006
43155,18767.384000000002
43156,18146.385000000002
43157,17777.389000000003
43158,17737.391000000003
43159,19413.391000000003
43160,19638.397000000004
43161,19646.386000000006
43162,20941.377000000004
43163,21380.365
43164,20526.363
43165,21716.364
43166,21376.363000000005
43167,21963.365
43168,21903.36
43169,22417.353000000003
43170,22924.34
43171,20186.352000000003
43172,19335.353000000003
43173,19496.356000000003
43174,18996.361
43175,17093.370000000003
43176,16366.374000000003
43177,15653.380000000005
43178,15920.382000000001
43179,13521.384000000002
43180,12638.372000000007
43181,13770.372000000007
43182,13669.373000000007
43183,13552.380000000008
43184,13372.38600000001
43185,12221.395000000011
43186,12643.401000000013
43187,13270.399000000012
43188,13472.405000000013
43189,14345.416000000016
43190,14714.419000000016
43191,14306.434000000016
43192,13046.450000000019
43193,11260.467000000015
43194,9974.486000000015
43195,8930.493000000013
43196,7950.50900000001
43197,6169.530000000011
43198,4210.554000000009
43199,1590.5979999999986
43200,1275.4489999999978
43201,3155.4350000000045
43202,4248.428000000008
43203,5346.423000000014
43204,6034.416000000015
43205,6774.408000000015
43206,7829.401000000015
43207,9908.38700000002
43208,11167.38500000002
43209,12262.38000000002
43210,14699.37600000002
43211,14029.375000000018
43212,13399.372000000016
43213,12931.369000000013
43214,13187.368000000013
43215,13332.366000000013
43216,13083.368000000013
43217,12625.36400000001
43218,12148.36000000001
43219,12049.356000000007
43220,11389.352000000004
43221,12317.351000000004
43222,13783.348000000004
43223,14313.348000000004
43224,15940.343000000004
43225,17224.334000000003
43226,18069.326
43227,18104.321
43228,19104.318
43229,19776.313
43230,19076.314
43231,18932.313
43232,19672.316
43233,19437.32
43234,18115.323
43235,16812.331000000002
43236,16632.332000000002
43237,18128.338
43238,18166.341
43239,18506.339
43240,19371.328
43241,19371.326
43242,17761.325
43243,18596.319
43244,18001.32
43245,18073.31
43246,18523.313000000002
43247,19586.304
43248,18433.309
43249,17471.303000000004
43250,17051.303000000004
43251,16991.296000000002
43252,16881.295000000002
43253,15901.293000000005
43254,15681.295000000004
43255,15381.299000000003
43256,14556.297000000004
43257,13201.294000000005
43258,13801.289000000004
43259,15213.290000000006
43260,15336.286000000006
43261,15466.280000000004
43262,17001.273000000005
43263,16586.269000000004
43264,16181.262000000006
43265,17096.260000000006
43266,18391.246000000006
43267,18774.244000000006
43268,18614.237000000005
43269,18569.231000000007
43270,19139.225000000006
43271,18824.213000000003
43272,17604.218000000004
43273,17911.217000000004
43274,18286.202000000005
43275,18144.194000000003
43276,18124.190000000006
43277,18129.186000000005
43278,16876.186000000005
43279,16319.180000000004
43280,16832.184000000005
43281,15862.182000000004
43282,15862.181000000004
43283,15662.182000000004
43284,15042.187000000005
43285,14047.192000000005
43286,13862.192000000005
43287,14259.195000000005
43288,15814.193000000005
43289,16589.194000000003
43290,16014.194000000005
43291,17187.193000000007
43292,18582.189000000006
43293,18977.188000000006
43294,18177.192000000006
43295,18937.194000000007
43296,19722.193000000007
43297,20722.190000000006
43298,19927.196000000007
43299,20322.196000000007
43300,20696.203000000005
43301,20311.206000000006
43302,19743.205000000005
43303,19404.202000000005
43304,20194.198000000004
43305,19799.201000000005
43306,19024.201000000005
43307,18444.201000000005
43308,17829.203000000005
43309,16441.206000000002
43310,17616.205000000005
43311,16856.201000000005
43312,16866.199000000004
43313,17053.199000000004
43314,16511.192000000003
43315,16301.196000000002
43316,15906.196000000002
43317,15711.196000000002
43318,16291.198000000002
43319,17056.201000000005
43320,15504.201000000005
43321,16074.203000000003
43322,16269.203000000003
43323,16092.201000000005
43324,16489.199000000004
43325,16677.200000000004
43326,18457.198000000004
43327,19087.196000000007
43328,18697.195000000007
43329,18667.20100000001
43330,19267.198000000008
43331,20064.194000000007
43332,19869.194000000007
43333,20664.193000000007
43334,21802.196000000007
43335,21224.196000000007
43336,20617.201000000005
43337,19834.201000000005
43338,19634.202000000005
43339,18664.199000000004
43340,19229.200000000004
43341,16886.202
43342,16884.203
43343,16119.201000000003
43344,15374.197000000004
43345,15779.196000000002
43346,15761.198000000004
43347,15758.199000000004
43348,16763.196000000004
43349,17559.196000000004
43350,17164.196
43351,18731.194000000003
43352,19126.193000000003
43353,18359.192000000003
43354,17774.191000000003
43355,17764.192000000003
43356,19122.195000000003
43357,19727.193000000003
43358,19142.193000000003
43359,20327.190000000002
43360,20297.194000000003
43361,19727.195000000003
43362,19547.198000000004
43363,20101.201000000005
43364,20881.201000000005
43365,20699.200000000004
43366,20501.197000000004
43367,19706.200000000004
43368,19719.198000000004
43369,18714.205000000005
43370,18509.205000000005
43371,17149.203
43372,17527.206000000002
43373,17124.207000000002
43374,16494.212000000003
43375,17474.212000000003
43376,17671.210000000003
43377,17479.209000000003
43378,18649.209000000006
43379,19647.206000000002
43380,19262.204
43381,20432.205000000005
43382,20434.205000000005
43383,19879.201000000005
43384,19299.202000000005
43385,19119.199000000004
43386,20677.201000000005
43387,20092.202000000005
43388,19129.201000000005
43389,18931.201000000005
43390,19541.198000000004
43391,19346.199000000004
43392,19136.200000000004
43393,18726.204000000005
43394,19509.204000000005
43395,19332.200000000004
43396,19317.199000000004
43397,20674.198000000004
43398,20464.198000000004
43399,20044.201000000005
43400,20609.203000000005
43401,18262.205000000005
43402,18472.201000000005
43403,18707.197000000004
43404,18117.196000000004
43405,18317.196000000004
43406,18089.198000000004
43407,16734.196000000004
43408,18861.198000000008
43409,20059.195000000007
43410,18699.196000000007
43411,19979.200000000008
43412,20774.197000000007
43413,20609.192000000006
43414,19996.195000000007
43415,19821.195000000007
43416,21376.193000000007
43417,21779.190000000006
43418,21574.192000000006
43419,21336.196000000007
43420,21531.194000000007
43421,21136.194000000007
43422,20941.195000000007
43423,20171.193000000007
43424,20966.190000000006
43425,21161.185000000005
43426,20986.181000000004
43427,21969.179000000007
43428,20969.181000000008
43429,21389.177000000007
43430,22379.174000000006
43431,21026.174000000006
43432,20651.174000000006
43433,20848.172000000006
43434,20258.174000000006
43435,19645.175000000007
43436,20020.173000000006
43437,18827.176000000007
43438,19825.174000000006
43439,20000.176000000007
43440,19618.176000000007
43441,20390.175000000007
43442,20925.186000000005
43443,21153.182000000004
43444,20393.18600000001
43445,20583.18700000001
43446,22198.18600000001
43447,22598.18600000001
43448,22585.18800000001
43449,23348.192000000006
43450,22591.192000000006
43451,21844.191000000006
43452,22674.18700000001
43453,21651.19500000001
43454,22476.193000000007
43455,23046.194000000007
43456,23438.199000000008
43457,28720.20300000001
43458,28196.200000000008
43459,27396.20500000001
43460,28381.20300000001
43461,27397.20500000001
43462,26319.197000000007
43463,26510.196000000007
43464,25791.190000000006
43465,26405.191000000006
43466,26193.194000000007
43467,25651.192000000006
43468,26211.197000000004
43469,26808.199000000004
43470,26208.200000000004
43471,26984.205000000005
43472,27423.203000000005
43473,26445.205000000005
43474,25819.208000000006
43475,25220.209000000006
43476,26641.206000000006
43477,27237.206000000006
43478,27437.207000000006
43479,28550.212000000007
43480,29134.210000000006
43481,28159.212000000007
43482,29120.217000000004
43483,29541.215000000004
43484,30162.214000000004
43485,30571.212000000007
43486,30766.214000000004
43487,30963.215000000004
43488,30838.213000000003
43489,31278.211000000003
43490,33471.211
43491,26818.214000000004
43492,25256.211000000003
43493,25536.206000000002
43494,24484.212000000003
43495,24833.217000000004
43496,25450.214000000004
43497,25328.209000000003
43498,25502.212000000003
43499,26118.209000000003
43500,24543.211000000003
43501,25714.213000000003
43502,25755.208000000002
43503,25007.205
43504,23198.212000000003
43505,22822.210000000003
43506,23537.215000000004
43507,25068.218000000004
43508,25630.220000000005
43509,25436.221000000005
43510,24885.220000000005
43511,23756.220000000005
43512,24388.219000000005
43513,25053.214000000007
43514,25819.214000000007
43515,25762.218000000004
43516,25243.212000000007
43517,26586.212000000003
43518,26565.210000000003
43519,26788.209000000003
43520,28798.212000000003
43521,28027.212000000003
43522,26858.211000000003
43523,26676.214000000004
43524,26393.219
43525,27544.22
43526,27985.218
43527,27662.220000000005
43528,28250.216000000008
43529,29283.213000000003
43530,27738.216000000008
43531,29201.211000000007
43532,28470.210000000003
43533,27256.215000000004
43534,26452.221
43535,26288.221
43536,26248.224000000002
43537,26656.227000000003
43538,27494.228000000003
43539,26356.234000000004
43540,25806.234000000004
43541,25440.234
43542,26282.232
43543,26913.232
43544,27536.228000000003
43545,27572.229
43546,27133.229
43547,28367.224000000002
43548,28414.222
43549,28441.223
43550,29230.224000000002
43551,28072.223
43552,27100.222
43553,27574.216
43554,27992.217
43555,29691.214999999997
43556,29559.211
43557,29397.209
43558,28962.211
43559,30048.212
43560,29251.215
43561,30873.213
43562,30049.213999999996
43563,29379.204
43564,28584.204
43565,27839.199
43566,28427.203
43567,29424.196
43568,29614.197
43569,28447.201
43570,27707.205
43571,26968.207000000002
43572,27167.211000000003
43573,28008.211000000003
43574,28271.211
43575,28269.21
43576,28251.211
43577,28999.218
43578,29295.219
43579,29088.224000000002
43580,30566.222
43581,28749.230000000003
43582,27541.236
43583,27164.239
43584,28297.247000000003
43585,29128.250000000004
43586,29215.247000000003
43587,28881.247000000003
43588,28888.243000000002
43589,30807.244000000002
43590,30194.249000000003
43591,31496.257
43592,32120.258
43593,30863.253000000004
43594,30103.255
43595,29306.255
43596,29647.255
43597,30843.258
43598,30226.256
43599,29523.267000000003
43600,29545.266000000003
43601,29330.27
43602,29370.263000000003
43603,30735.259000000002
43604,30386.258
43605,29337.255
43606,29040.263000000003
43607,28812.271000000004
43608,28903.276000000005
43609,28856.282000000003
43610,30514.279000000002
43611,29351.283000000003
43612,28412.281000000003
43613,28821.285000000003
43614,28844.285000000003
43615,29688.284000000003
43616,28314.286000000004
43617,27751.282000000007
43618,27196.280000000006
43619,28547.284000000007
43620,28130.287000000008
43621,30090.281000000006
43622,30927.277000000006
43623,29979.273000000005
43624,29026.276000000005
43625,28063.272000000004
43626,28994.266000000007
43627,30180.266000000003
43628,29745.268000000007
43629,29519.265000000007
43630,29152.260000000006
43631,29019.267000000007
43632,28712.267000000007
43633,30328.260000000006
43634,31265.257000000005
43635,30524.251000000004
43636,30504.239000000005
43637,30833.239000000005
43638,30776.238000000005
43639,29977.241000000005
43640,31514.235000000004
43641,30489.232000000004
43642,30231.235000000004
43643,30318.221000000005
43644,30120.223000000005
43645,31298.224000000006
43646,30427.230000000003
43647,29486.236000000004
43648,29921.230000000007
43649,30507.216000000004
43650,30288.212000000007
43651,32281.209000000006
43652,33063.202000000005
43653,32432.199000000004
43654,31752.198000000004
43655,30435.193000000007
43656,30655.192000000006
43657,30711.184000000005
43658,31145.178000000004
43659,29000.177000000007
43660,28079.173000000006
43661,27677.173000000006
43662,26987.164000000004
43663,28595.155000000006
43664,30073.154000000006
43665,30052.149000000005
43666,29636.149000000005
43667,29757.151000000005
43668,29793.134000000005
43669,29391.133000000005
43670,30940.129000000004
43671,29528.123000000003
43672,29688.121000000003
43673,29256.124000000003
43674,28680.120000000006
43675,29443.122000000003
43676,29900.120000000003
43677,29738.115000000005
43678,30281.114000000005
43679,31386.113000000005
43680,31338.111000000004
43681,33012.115
43682,33176.116
43683,31826.114000000005
43684,31399.116000000005
43685,30194.116000000005
43686,31004.115000000005
43687,30337.113000000005
43688,29366.115000000005
43689,29352.111000000004
43690,29738.109000000004
43691,28867.115000000005
43692,28692.116000000005
43693,30632.117000000006
43694,31152.118000000006
43695,31561.115
43696,31098.115000000005
43697,31806.117000000002
43698,31755.117000000002
43699,31428.110000000004
43700,32183.108000000004
43701,31180.108000000004
43702,31058.108000000007
43703,30096.107000000004
43704,29307.107000000004
43705,30303.106000000007
43706,30752.099000000006
43707,30083.101000000006
43708,30099.099000000006
43709,31090.097000000005
43710,30367.096000000005
43711,31605.095000000005
43712,32057.092000000008
43713,31122.090000000007
43714,31928.089000000007
43715,31340.089000000007
43716,31896.091000000008
43717,31305.088000000007
43718,30865.088000000007
43719,30510.083000000006
43720,30994.08100000001
43721,31355.079000000005
43722,30983.078000000005
43723,32148.078000000005
43724,32130.075000000004
43725,32095.076000000005
43726,31566.071000000004
43727,32380.066000000003
43728,32185.063000000002
43729,32566.061
43730,32326.063000000002
43731,30633.061000000005
43732,31112.063000000002
43733,30497.064000000006
43734,29512.065000000006
43735,30095.065000000006
43736,30464.067000000003
43737,30229.068000000007
43738,30244.06900000001
43739,30213.069000000007
43740,30303.073000000008
43741,31141.072000000007
43742,31281.073000000008
43743,29961.074000000008
43744,30591.071000000007
43745,30801.068000000007
43746,31756.068000000007
43747,31756.068000000007
43748,31796.066000000006
43749,31561.070000000007
43750,32036.068000000007
43751,32861.065
43752,32546.06200000001
43753,33711.063
43754,34326.063
43755,34746.063
43756,34411.064
43757,34161.066000000006
43758,33598.06700000001
43759,32663.06900000001
43760,32923.066000000006
43761,34108.06500000001
43762,34883.066000000006
43763,34718.06500000001
43764,33523.06500000001
43765,33318.062000000005
43766,33090.064000000006
43767,33880.063
43768,34295.065
43769,34745.063
43770,39720.060000000005
43771,40685.06300000001
43772,40720.061
43773,39585.060000000005
43774,40335.061
43775,41160.057
43776,41740.058000000005
43777,41605.057
43778,40815.058999999994
43779,41065.058999999994
43780,41255.06199999999
43781,40275.06300000001
43782,40180.058000000005
43783,41580.057
43784,41930.06
43785,40045.062000000005
43786,40275.061
43787,39505.05900000001
43788,39080.062000000005
43789,38755.06000000001
43790,39565.05900000001
43791,38980.06000000001
43792,39135.06400000001
43793,39555.06400000001
43794,37785.062000000005
43795,36615.062000000005
43796,35650.06500000001
43797,36630.06400000001
43798,36960.06700000001
43799,39485.066000000006
43800,39265.068000000014
43801,40465.06100000001
43802,40575.063
43803,39355.06300000001
43804,40215.063
43805,40830.062000000005
43806,41820.059
43807,42015.059
43808,35755.062000000005
43809,35720.065
43810,35330.065
43811,34810.063
43812,34635.064
43813,35615.062999999995
43814,36165.065
43815,36220.064000000006
43816,36410.065
43817,35695.066999999995
43818,35715.064
43819,35095.066
43820,35340.066
43821,34165.066999999995
43822,33355.06800000001
43823,34165.066
43824,32605.06600000001
43825,32025.06500000001
43826,31400.06800000001
43827,31755.07100000001
43828,33515.07200000001
43829,34935.068
43830,34675.062
43831,35675.062000000005
43832,35645.065
43833,34310.064
43834,35605.062999999995
43835,36080.061
43836,35455.065
43837,35575.070999999996
43838,35215.06999999999
43839,35580.072
43840,35885.07
43841,35720.069
43842,36085.068999999996
43843,37270.066
43844,37660.066999999995
43845,37880.06699999999
43846,38135.064999999995
43847,37115.064000000006
43848,36705.063
43849,36130.061
43850,36260.063
43851,35540.07
43852,35090.072
43853,35235.07199999999
43854,33375.07000000001
43855,32335.074000000008
43856,32595.07200000001
43857,33740.072
43858,33975.077000000005
43859,34615.081000000006
43860,34200.081
43861,35385.083
43862,34980.081
43863,34620.08
43864,35430.079
43865,35745.079
43866,35335.07800000001
43867,36085.079
43868,35310.07800000001
43869,35210.075000000004
43870,35135.071
43871,35720.069
43872,37125.066
43873,37135.06900000001
43874,37335.06900000001
43875,37930.06800000001
43876,38940.067
43877,36580.072
43878,37235.07300000001
43879,36550.06900000001
43880,36700.07400000001
43881,36410.06900000001
43882,36335.066000000006
43883,36075.069
43884,34795.067
43885,34820.069
43886,34395.071
43887,35290.07200000001
43888,35470.07100000001
43889,36835.07100000001
43890,36645.071
43891,37685.06800000001
43892,36915.066
43893,36595.062
43894,36755.064000000006
43895,36020.065
43896,34730.07000000001
43897,35190.066000000006
43898,34830.065
43899,35000.065
43900,35055.064000000006
43901,35120.07000000001
43902,36460.071
43903,37180.074
43904,37605.07200000001
43905,38020.07200000001
43906,38815.07399999999
43907,36095.075
43908,36675.075999999994
43909,35410.076
43910,37150.071999999986
43911,36010.071
43912,35795.07
43913,35050.077000000005
43914,34820.079000000005
43915,34905.07800000001
43916,34095.079000000005
43917,33860.083000000006
43918,33705.081000000006
43919,35455.073000000004
43920,35200.075
43921,35870.073
43922,34185.07600000001
43923,32810.07900000001
43924,32650.078000000012
43925,32630.07800000001
43926,32275.07600000001
43927,32085.07500000001
43928,32385.073000000008
43929,32545.075000000008
43930,31450.07900000001
43931,31240.08200000001
43932,32445.081000000013
43933,33430.07900000001
43934,34305.07800000001
43935,34100.08000000001
43936,34595.08300000001
43937,34270.08900000001
43938,34865.08800000001
43939,34440.08600000001
43940,35805.087
43941,34340.08400000001
43942,33975.08500000001
43943,33580.08600000001
43944,33420.08400000001
43945,33785.08400000001
43946,33755.08500000001
43947,34990.08200000001
43948,34890.07800000001
43949,36360.08199999999
43950,36200.081
43951,37625.079
43952,36655.077999999994
43953,38950.075
43954,38130.077999999994
43955,38060.07299999999
43956,37700.07199999999
43957,37230.06999999999
43958,37590.070999999996
43959,36470.06999999999
43960,35410.068
43961,35605.068
43962,37175.06499999999
43963,37580.066999999995
43964,37570.06899999999
43965,38250.07
43966,37925.068999999996
43967,36760.06800000001
43968,37015.066
43969,36555.07
43970,38190.072
43971,36850.072
43972,36990.073
43973,36800.070999999996
43974,36280.06799999999
43975,36270.068
43976,36755.064
43977,37945.064999999995
43978,37165.064999999995
43979,39075.064
43980,39430.066
43981,40605.064999999995
43982,39460.065
43983,39040.066
43984,38680.065
43985,37770.065
43986,37745.065
43987,38100.066999999995
43988,38460.068
43989,37875.068
43990,36740.066
43991,36875.068
43992,37360.065
43993,37950.063
43994,38965.06
43995,39290.064
43996,39680.064
43997,38275.067
43998,38449.068
43999,37519.064
44000,38859.065
44001,37654.068
44002,38209.07000000001
44003,37759.072
44004,36779.07400000001
44005,36399.072
44006,36679.07000000001
44007,37117.07000000001
44008,36237.07400000001
44009,38097.07800000001
44010,38337.07400000001
44011,39297.077000000005
44012,38362.076
44013,38032.074
44014,37707.072
44015,37632.068
44016,37019.069
44017,37309.065
44018,37834.07
44019,38319.068
44020,38164.066
44021,38069.07
44022,39114.066
44023,39460.069
44024,40560.065
44025,41295.064
44026,41040.066999999995
44027,39900.066
44028,40114.064
44029,44079.063
44030,44964.066
44031,43379.067
44032,40830.07200000001
44033,40970.074
44034,40555.074
44035,40225.07500000001
44036,40555.077000000005
44037,41132.08000000001
44038,41016.077000000005
44039,42425.075
44040,41870.075
44041,43095.074
44042,42144.078
44043,41849.074
44044,40841.07600000001
44045,41466.073000000004
44046,40746.071
44047,40506.07600000001
44048,41486.076
44049,41841.079000000005
44050,41686.077000000005
44051,42276.076
44052,42241.078
44053,42596.081
44054,42241.08299999999
44055,42316.087999999996
44056,42441.09399999999
44057,41471.09299999999
44058,40904.096
44059,39241.094000000005
44060,40396.098
44061,41825.094
44062,37165.095
44063,37360.096
44064,36573.096
44065,35754.097
44066,36158.096
44067,37578.095
44068,36662.096
44069,38012.095
44070,37181.096999999994
44071,37141.101
44072,36301.104
44073,35936.10600000001
44074,36166.10600000001
44075,36582.105
44076,36758.104
44077,35989.109000000004
44078,36849.115000000005
44079,38231.115
44080,37385.12
44081,37598.124
44082,36781.13
44083,37436.129
44084,37727.131
44085,38402.131
44086,39291.13100000001
44087,38244.137
44088,38384.13900000001
44089,36559.145000000004
44090,38134.144
44091,37811.141
44092,38283.143000000004
44093,38673.145
44094,37905.147000000004
44095,37497.149000000005
44096,37143.151000000005
44097,38315.15000000001
44098,37882.152
44099,38144.157000000014
44100,37953.16100000001
44101,38023.16400000001
44102,37725.16300000001
44103,37309.16800000001
44104,37551.17000000001
44105,37355.170000000006
44106,37409.16500000001
44107,37224.167
44108,37634.168000000005
44109,38078.174
44110,36973.171
44111,37712.17
44112,36907.171
44113,37442.174
44114,37277.174999999996
44115,37715.182
44116,38207.184
44117,36837.187000000005
44118,37443.187000000005
44119,36029.19300000001
44120,38480.189999999995
44121,38290.191
44122,39151.191
44123,39147.193
44124,38152.193999999996
44125,38080.198000000004
44126,37908.19900000001
44127,36218.203
44128,34902.204000000005
44129,36267.204
44130,41589.204999999994
44131,41649.205
44132,41638.21
44133,41347.214
44134,41238.215000000004
44135,41208.215
44136,44774.21600000001
44137,38639.224
44138,39489.223000000005
44139,45863.221000000005
44140,44295.224
44141,44660.233
44142,44283.232
44143,45322.226
44144,45454.222
44145,46492.222
44146,46852.22400000001
44147,46918.222
44148,46554.225000000006
44149,45486.228
44150,47108.233
44151,46664.241
44152,47234.242000000006
44153,47070.240000000005
44154,47173.234000000004
44155,46877.234000000004
44156,41151.239
44157,41539.24099999999
44158,40279.240999999995
44159,40694.251
44160,39488.253999999986
44161,38837.259999999995
44162,38665.263999999996
44163,38668.26
44164,38764.272000000004
44165,37959.271
44166,34893.276000000005
44167,34518.279
44168,36093.282
44169,36754.287
44170,35559.29
44171,36177.294
44172,38717.294
44173,39064.296
44174,38960.294
44175,39880.302
44176,39885.308
44177,39849.312
44178,41014.305
44179,40953.304
44180,42300.310999999994
44181,42365.312
44182,42850.30999999999
44183,42659.312999999995
44184,42341.317
44185,41071.320999999996
44186,41802.316999999995
44187,42448.318999999996
44188,41027.320999999996
44189,42157.31399999999
44190,41688.312999999995
44191,40632.316999999995
44192,40972.318999999996
44193,40849.31799999999
44194,41215.32399999999
44195,41314.32299999999
44196,41062.32299999999
44197,42052.321
44198,43044.324
44199,42983.325
44200,41933.33
44201,42498.338
44202,42206.339
44203,43272.33500000001
44204,43188.33600000001
44205,44689.336
44206,43558.340000000004
44207,42490.342000000004
44208,42489.348000000005
44209,41423.359000000004
44210,42986.358
44211,43095.36200000001
44212,43040.36700000001
44213,43928.368
44214,44114.367000000006
44215,42944.36200000001
44216,42526.36600000001
44217,43096.37100000001
44218,41786.373
44219,42677.380000000005
44220,42314.382000000005
44221,41733.387
44222,41775.388000000006
44223,41683.389
44224,41050.39800000001
44225,40967.412000000004
44226,40968.41700000001
44227,41924.42000000001
44228,43581.42100000001
44229,43705.413000000015
44230,41674.41500000001
44231,41813.420000000006
44232,41534.42500000001
44233,42337.42800000001
44234,41447.44000000001
44235,43537.439000000006
44236,43383.44
44237,43042.44600000001
44238,42261.44800000001
44239,41523.453
44240,43091.45300000001
44241,43352.458000000006
44242,43786.46000000001
44243,44365.46400000001
44244,44849.47200000001
44245,43508.469000000005
44246,43394.47200000001
44247,44453.471000000005
44248,42730.462
44249,44951.46
44250,44651.460999999996
44251,44206.465
44252,43777.473
44253,43282.47
44254,43351.466
44255,43490.46400000001
44256,43205.47300000001
44257,43348.47600000001
44258,45980.48300000001
44259,45809.48700000001
44260,45095.478
44261,44883.488000000005
44262,44341.49500000001
44263,44116.491
44264,43524.503
44265,45544.501
44266,44950.507
44267,45039.51099999999
44268,44714.51099999999
44269,43219.52
44270,44847.52099999999
44271,44814.53599999999
44272,45333.544
44273,45482.541
44274,45535.547
44275,43702.549
44276,43689.558999999994
44277,41156.56299999999
44278,38686.558000000005
44279,40131.571
44280,40383.565
44281,39994.562
44282,39761.56800000001
44283,39806.563
44284,39781.561
44285,40105.56300000001
44286,41131.56200000001
44287,41149.572000000015
44288,43994.58300000001
44289,43887.58800000002
44290,42954.590000000004
44291,43196.598000000005
44292,42688.59500000001
44293,43408.59900000001
44294,44351.601
44295,45478.59900000001
44296,45320.597
44297,45247.601
44298,45145.600000000006
44299,44254.60000000001
44300,46351.59800000001
44301,46068.60100000002
44302,47040.60000000001
44303,49676.60100000002
44304,49669.60700000001
44305,48091.604000000014
44306,48017.602000000006
44307,47908.601
44308,44738.599
44309,51362.606999999996
44310,51227.60500000001
44311,50997.60100000001
44312,50888.609000000004
44313,50693.61300000002
44314,49830.61200000001
44315,50103.61600000001
44316,50327.61900000001
44317,50358.61500000002
44318,52557.60600000002
44319,52252.616000000016
44320,51851.61700000001
44321,52586.60800000002
44322,51973.60800000002
44323,52030.616000000016
44324,52643.61400000001
44325,53197.61700000001
44326,52888.62000000001
44327,52286.62600000001
44328,52589.62700000001
44329,52153.62400000001
44330,53352.621000000014
44331,47417.62000000001
44332,47974.61800000001
44333,48228.612000000016
44334,48946.62
44335,49206.617000000006
44336,48793.623000000014
44337,48912.63300000001
44338,47041.62600000002
44339,47198.631000000016
44340,45599.634000000005
44341,45707.636000000006
44342,45539.63600000001
44343,45549.65100000001
44344,44420.64000000001
44345,44441.636000000006
44346,45294.634000000005
44347,45720.627
44348,46576.615000000005
44349,46675.62400000001
44350,46432.617
44351,46847.61000000001
44352,45325.61200000001
44353,45358.616
44354,45537.61800000001
44355,45794.62100000001
44356,45205.61800000001
44357,44642.61600000001
44358,44809.63400000002
44359,44585.62800000002
44360,46598.63000000002
44361,46215.62400000002
44362,47234.63800000001
44363,47075.63600000001
44364,47887.636000000006
44365,47838.63400000001
44366,47431.62700000001
44367,47387.62600000001
44368,44940.62800000002
44369,45411.631000000016
44370,44876.63000000001
44371,44581.61800000001
44372,43450.60500000001
44373,44763.60100000002
44374,41143.611000000004
44375,40308.615000000005
44376,41324.61400000001
44377,40950.622000000025
44378,42403.61400000002
44379,42859.616000000016
44380,41499.60900000001
44381,42064.60700000002
44382,40726.622000000025
44383,39567.62400000001
44384,39932.61700000001
44385,40149.623
44386,40507.629000000015
44387,40457.63500000001
44388,40618.629000000015
44389,39931.62800000002
44390,41329.63700000002
44391,41435.633000000016
44392,43396.62600000002
44393,42776.629000000015
44394,49532.63100000002
44395,50048.61200000002
44396,49212.609000000026
44397,49327.61800000003
44398,47849.61900000002
44399,48876.61800000002
44400,48941.60800000002
44401,48856.60500000001
44402,48402.60000000002
44403,48503.59600000002
44404,47662.59800000001
44405,48404.59300000002
44406,48925.60400000002
44407,48086.60700000002
44408,48975.60000000002
44409,49050.59200000002
44410,47835.58300000001
44411,47207.58200000001
44412,45063.591000000015
44413,44576.59700000001
44414,43552.59400000001
44415,43429.588
44416,42587.598
44417,42785.59400000001
44418,42525.60800000001
44419,41367.606000000014
44420,42819.59600000002
44421,42810.595000000016
44422,44601.58800000002
44423,43976.590000000026
44424,45091.58500000002
44425,44976.58700000003
44426,44073.58400000002
44427,44376.582000000024
44428,43264.58600000001
44429,44958.58300000001
44430,44129.58600000001
44431,42334.60000000002
44432,41620.605000000025
44433,42138.59900000002
44434,42003.59400000001
44435,42297.58800000002
44436,42871.591000000015
44437,43079.58500000002
44438,37958.58800000001
44439,37057.58600000002
44440,36120.587000000014
44441,36269.58100000001
44442,35464.57100000001
44443,35522.570000000014
44444,34963.554000000026
44445,34584.55200000002
44446,34349.54800000002
44447,33604.553000000014
44448,33878.551000000014
44449,33168.542000000016
44450,34537.54100000001
44451,35111.547000000006
44452,36061.539000000004
44453,35129.545000000006
44454,34741.55000000001
44455,33961.55600000001
44456,33073.56200000001
44457,33720.554000000004
44458,32162.560000000016
44459,33280.553
44460,32237.55800000001
44461,30768.561000000016
44462,31295.556000000015
44463,31696.548000000013
44464,31715.551000000018
44465,32178.546000000013
44466,32789.552
44467,32844.54600000001
44468,32925.55100000001
44469,32299.561000000012
44470,31793.553000000014
44471,31227.549000000014
44472,30293.543000000016
44473,30219.543000000016
44474,30118.539000000015
44475,29748.53700000002
44476,29635.534000000018
44477,29805.529000000017
44478,30607.527000000016
44479,29232.538000000022
44480,30732.52500000002
44481,30594.53200000002
44482,31236.53900000002
44483,31052.53700000002
44484,30410.53600000002
44485,29919.530000000013
44486,29415.536000000015
44487,28781.54700000001
44488,29024.53600000001
44489,30705.528000000017
44490,30809.527000000013
44491,30580.523000000016
44492,30276.523000000016
44493,30716.526000000013
44494,30837.528000000017
44495,31008.522000000015
44496,30859.51900000002
44497,30048.52000000002
44498,29345.515000000018
44499,29236.51800000002
44500,28088.512000000013
44501,27429.515000000018
44502,26430.514000000017
44503,26306.517000000018
44504,27046.51400000002
44505,27606.520000000015
44506,27866.517000000018
44507,27669.51800000002
44508,28545.52000000002
44509,28014.528000000017
44510,27700.531000000017
44511,28492.524000000016
44512,29582.517000000018
44513,29147.513000000017
44514,28292.50800000002
44515,27643.50200000002
44516,27496.503000000022
44517,27558.500000000022
44518,26914.49400000002
44519,27722.49300000002
44520,28112.486000000015
44521,27610.49500000001
44522,27933.48500000001
44523,27903.48400000001
44524,27936.47700000001
44525,27918.472000000012
44526,27935.477000000014
44527,27650.46400000001
44528,27309.471000000012
44529,26870.464000000014
44530,27075.454000000012
44531,25716.46300000001
44532,24433.47100000001
44533,24532.469000000012
44534,25306.46400000001
44535,25590.46800000001
44536,24721.469000000012
44537,24484.46300000001
44538,25492.46000000001
44539,25007.45800000001
44540,24813.45700000001
44541,25691.45700000001
44542,26771.45400000001
44543,26347.45100000001
44544,25600.44400000001
44545,25691.42700000001
44546,25892.42300000001
44547,25861.42500000001
44548,24923.42500000001
44549,24816.424000000014
44550,24451.432000000008
44551,23672.43300000001
44552,22919.42600000001
44553,23134.43900000001
44554,23520.43600000001
44555,22923.44200000001
44556,23172.43900000001
44557,24081.441000000006
44558,24188.44300000001
44559,24374.442000000006
44560,24198.43500000001
44561,24776.426000000007
44562,23375.42400000001
44563,21977.425000000007
44564,23043.428000000007
44565,24111.425000000007
44566,23157.421000000006
44567,22420.422000000006
44568,23529.420000000006
44569,23491.419000000005
44570,22840.422000000002
44571,23133.422000000006
44572,24526.428000000004
44573,24027.43
44574,21812.433
44575,20730.431
44576,21043.435
44577,21235.431000000004
44578,21045.426
44579,21219.418
44580,21311.416
44581,20101.412
44582,19156.418
44583,18837.411
44584,19172.415
44585,19077.414
44586,19878.409000000003
44587,19408.404000000006
44588,18345.407000000003
44589,17799.408000000003
44590,18517.412000000004
44591,18752.414
44592,17714.412000000004
44593,17766.400000000005
44594,18926.394
44595,20201.396
44596,18554.4
44597,19800.388
44598,20668.388
44599,20340.392000000003
44600,18815.396000000004
44601,20469.396000000004
44602,21126.394000000004
44603,22128.389000000003
44604,21401.39
44605,21520.385
44606,22458.375
44607,21352.373999999996
44608,20622.367000000002
44609,20800.353999999996
44610,20774.354999999996
44611,18871.352999999996
44612,17934.355999999996
44613,17257.352999999996
44614,17813.361999999997
44615,17042.365
44616,17135.368000000002
44617,16340.380000000005
44618,14887.380000000005
44619,13222.386000000006
44620,12413.399000000007
44621,12464.410000000007
44622,12387.41500000001
44623,12164.419000000007
44624,11699.409000000009
44625,13005.41000000001
44626,12092.421000000011
44627,12753.42500000001
44628,13164.426000000012
44629,13576.437000000014
44630,13214.433000000014
44631,12585.445000000012
44632,10533.464000000016
44633,10575.475000000017
44634,10286.479000000018
44635,7918.5000000000155
44636,6775.523000000018
44637,5163.539000000019
44638,3673.5620000000117
44639,564.604
44640,2250.4409999999966
44641,3593.4320000000116
44642,5088.425000000014
44643,6508.425000000019
44644,7343.420000000019
44645,8466.41900000002
44646,10315.412000000022
44647,11465.404000000022
44648,12037.40100000002
44649,13117.398000000016
44650,16255.393000000015
44651,15605.389000000016
44652,15108.378000000013
44653,14073.381000000012
44654,14143.377000000011
44655,14153.375000000011
44656,12878.372000000008
44657,12614.36900000001
44658,13935.364000000007
44659,13490.357000000005
44660,11014.355000000005
44661,12948.348000000004
44662,13766.340000000004
44663,14701.336000000003
44664,15541.331000000002
44665,15816.331000000002
44666,16427.327
44667,17785.317
44668,17404.313
44669,18329.308999999997
44670,18084.314
44671,17192.315
44672,17552.317
44673,17562.324
44674,17665.328
44675,17780.331000000002
44676,18522.338
44677,18527.337
44678,24509.337
44679,24909.335
44680,25879.329
44681,25099.323
44682,23824.328
44683,22669.32
44684,23097.314000000002
44685,22752.307000000004
44686,22724.299000000003
44687,21697.299000000003
44688,22480.294
44689,22528.284
44690,22488.281
44691,22783.272999999997
44692,21958.271
44693,22618.272000000004
44694,21588.276000000005
44695,21398.275
44696,20943.270000000004
44697,21893.264000000003
44698,21335.256
44699,20313.254000000004
44700,19573.245000000003
44701,19748.237
44702,19613.236000000004
44703,19638.235000000004
44704,19750.237000000005
44705,19900.237000000005
44706,21925.224000000002
44707,21460.225000000006
44708,22063.220000000005
44709,22610.219000000005
44710,23233.217000000004
44711,23213.220000000005
44712,22728.221000000005
44713,22343.219000000005
44714,22308.219000000005
44715,22443.219000000005
44716,22023.217000000008
44717,20830.217000000004
44718,14720.216000000008
44719,15150.211000000007
44720,16315.201000000006
44721,16300.202000000008
44722,16895.201000000005
44723,16900.200000000008
44724,17502.195000000003
44725,17702.197000000004
44726,17332.199000000004
44727,17280.201000000005
44728,17860.201000000005
44729,17500.198000000004
44730,16135.203000000005
44731,15173.204000000005
44732,15178.203000000005
44733,15776.202000000005
44734,15981.200000000004
44735,15411.198000000004
44736,16563.203000000005
44737,16918.209000000006
44738,17338.205000000005
44739,17156.207000000006
44740,17526.209000000006
44741,17526.211000000003
44742,17321.213000000003
44743,17938.209000000003
44744,18363.206000000002
44745,18578.207000000002
44746,18578.207000000002
44747,17983.211000000003
44748,17001.214000000007
44749,17786.214000000007
44750,16609.218000000008
44751,16812.218000000008
44752,16812.217000000008
44753,16032.217000000008
44754,16457.213000000007
44755,17072.208000000006
44756,17847.207000000006
44757,17637.209000000006
44758,18402.209000000003
44759,17827.210000000003
44760,17594.214000000007
44761,16989.217000000008
44762,17799.212000000003
44763,17589.214000000007
44764,17207.215000000007
44765,16027.217000000008
44766,16407.218000000004
44767,17182.216000000004
44768,17392.213000000007
44769,17392.211000000007
44770,17792.209000000003
44771,17612.209000000006
44772,23112.208000000006
44773,24469.208000000002
44774,25069.207000000002
44775,26026.209000000003
44776,25451.207000000002
44777,24251.213000000003
44778,22884.213000000007
44779,23272.215000000004
44780,24272.213000000003
44781,23882.216000000004
44782,22917.215000000004
44783,22109.216000000004
44784,21354.211000000003
44785,21944.210000000003
44786,23119.209000000003
44787,23099.211000000003
44788,24074.211000000003
44789,24236.214000000004
44790,18346.216000000004
44791,17954.216000000004
44792,19352.213000000003
44793,18547.213000000003
44794,18547.213000000003
44795,17577.212000000003
44796,17947.216000000004
44797,19122.216000000004
44798,19092.219000000005
44799,18512.218000000004
44800,18302.220000000005
44801,18117.218000000004
44802,17712.218000000004
44803,19732.210000000003
44804,20527.210000000003
44805,21107.211000000003
44806,20337.209000000003
44807,19169.210000000003
44808,17994.211000000007
44809,18389.208000000002
44810,18169.211000000003
44811,17581.210000000003
44812,16639.208000000006
44813,16039.209000000006
44814,15239.209000000004
44815,16814.205
44816,18324.208000000002
44817,17577.205000000005
44818,18942.205
44819,19894.208000000002
44820,19737.203
44821,19327.204
44822,20874.204
44823,19699.205
44824,19104.205
44825,17934.206000000002
44826,18904.207000000002
44827,21449.207000000002
44828,21249.208000000002
44829,20644.209000000003
44830,20244.209000000003
44831,21014.210000000003
44832,20621.210000000003
44833,22586.207000000002
44834,23926.210000000003
44835,24349.206000000002
44836,22979.208000000002
44837,21594.214000000004
44838,21199.214000000004
44839,21204.212000000003
44840,22014.206000000002
44841,20864.204000000005
44842,19884.202000000005
44843,18501.203000000005
44844,17731.20200000001
44845,19299.202000000005
44846,20664.200000000004
44847,19284.203000000005
44848,20249.203000000005
44849,20469.201000000005
44850,21234.203000000005
44851,21214.200000000004
44852,22131.203000000005
44853,21336.205000000005
44854,20956.202000000005
44855,19376.204000000005
44856,19391.202000000005
44857,21364.198000000004
44858,21376.195000000003
44859,21371.196000000007
44860,20956.197000000004
44861,21718.197000000004
44862,21533.193000000003
44863,22148.190000000002
44864,22738.190000000002
44865,22943.188000000002
44866,23198.183
44867,23016.183
44868,23211.183
44869,23801.183
44870,23606.181
44871,22646.18
44872,22274.177
44873,21701.181
44874,21551.177
44875,22706.179000000004
44876,23886.176000000003
44877,22364.171000000002
44878,23309.176000000003
44879,22759.177000000003
44880,23309.182000000004
44881,22344.180000000004
44882,23549.181
44883,22546.184
44884,22031.178000000004
44885,20664.181000000004
44886,20685.180000000004
44887,22468.178
44888,21686.182
44889,21291.183
44890,21294.184
44891,22836.186
44892,22041.189000000002
44893,22414.189000000002
44894,22839.188000000002
44895,23439.186
44896,23424.191000000003
44897,23039.195000000003
44898,23039.196000000004
44899,23579.205000000005
44900,23979.204000000005
44901,23026.206000000006
44902,23419.204000000005
44903,23416.206000000006
44904,23406.205000000005
44905,23616.203000000005
44906,25376.196000000004
44907,24376.198000000004
44908,25906.201000000005
44909,25543.200000000004
44910,25179.200000000004
44911,23601.204000000005
44912,23831.202000000005
44913,23668.200000000004
44914,23468.204000000005
44915,23677.205000000005
44916,23670.211000000003
44917,25431.212000000003
44918,24631.215000000004
44919,24506.209000000006
44920,25072.215000000004
44921,25658.217000000008
44922,24939.218000000004
44923,24363.219000000005
44924,25153.217000000004
44925,24775.213000000003
44926,24179.216000000004
44927,24425.215000000004
44928,24830.214000000004
44929,25577.217000000004
44930,25233.211000000003
44931,25037.213000000003
44932,24839.215000000004
44933,25457.217
44934,25311.216000000004
44935,26326.215000000004
44936,27914.211000000003
44937,26785.213000000003
44938,28452.208000000002
44939,27977.210000000003
44940,27597.211000000003
44941,26650.211000000003
44942,26279.211000000003
44943,26297.207000000002
44944,26109.208000000002
44945,25341.207000000002
44946,25363.208000000002
44947,26978.209000000003
44948,26402.212
44949,25715.204
44950,25719.210000000003
44951,26712.211000000003
44952,26494.219
44953,25909.219
44954,25763.215000000004
44955,25516.217000000004
44956,25100.222
44957,26495.221
44958,25550.222
44959,26311.224000000002
44960,26719.222
44961,25535.223
44962,24978.221
44963,25566.227000000003
44964,25555.230000000003
44965,26786.227000000003
44966,27146.229000000003
44967,25861.229000000003
44968,27683.222000000005
44969,27519.226000000002
44970,27233.221000000005
44971,26311.214000000004
44972,25325.218000000004
44973,24107.224000000006
44974,25078.221000000005
44975,24312.220000000005
44976,25871.219000000005
44977,27456.221
44978,27115.22
44979,25388.217000000004
44980,25831.22
44981,27450.218000000004
44982,27341.216000000004
44983,26965.217000000004
44984,26770.221
44985,26616.222
44986,26423.222
44987,26448.22
44988,25861.219
44989,26397.222
44990,26235.221
44991,24916.222
44992,25193.216
44993,25896.219
44994,26699.219
44995,27132.216
44996,27712.218
44997,26797.215
44998,28364.216
44999,28676.210000000003
45000,28281.210000000006
45001,27175.206000000006
45002,27486.214000000004
45003,26764.210000000006
45004,26810.212000000003
45005,27428.209000000006
45006,28681.201000000005
45007,30179.201000000005
45008,29209.204000000005
45009,27703.211000000007
45010,27917.211000000007
45011,28456.215000000004
45012,28850.219000000005
45013,28890.219000000005
45014,28202.216000000004
45015,27802.222000000005
45016,28164.231000000007
45017,28384.227000000006
45018,27276.229000000007
45019,28043.227000000006
45020,27643.232000000004
45021,25678.237000000005
45022,25335.237000000005
45023,25708.241000000005
45024,25531.243000000006
45025,26111.243000000006
45026,27910.244000000006
45027,26388.241000000005
45028,28886.241000000005
45029,29344.239000000005
45030,28944.245000000006
45031,27778.251000000004
45032,28360.249000000003
45033,26820.252000000004
45034,26614.254000000004
45035,27103.263000000006
45036,28073.259000000005
45037,29434.258
45038,29298.254000000004
45039,28819.260000000002
45040,28203.258000000005
45041,29049.259000000005
45042,29504.257000000005
45043,29727.261000000002
45044,29488.263000000003
45045,29266.266
45046,29152.268
45047,28278.265000000003
45048,27172.263000000003
45049,28267.260000000006
45050,27757.266000000003
45051,27037.266000000003
45052,26834.265000000003
45053,27168.264000000003
45054,26731.272000000004
45055,27518.271000000004
45056,27333.268000000004
45057,26314.268000000004
45058,28489.261000000006
45059,28455.266000000007
45060,28810.264000000006
45061,28550.264000000003
45062,29507.262000000002
45063,28739.255
45064,28826.25
45065,29185.258
45066,29167.264000000003
45067,29925.266000000003
45068,29634.263000000003
45069,28950.262000000002
45070,28329.265000000003
45071,29663.262000000002
45072,29694.261000000002
45073,30723.254
45074,29748.263000000003
45075,29015.263000000003
45076,29640.255000000005
45077,29567.246000000003
45078,27988.246000000003
45079,27592.248000000003
45080,27940.250000000007
45081,27202.236000000004
45082,27404.240000000005
45083,27907.239
45084,27676.243000000006
45085,28254.238
45086,28126.246000000003
45087,27651.231000000003
45088,28587.240000000005
45089,29220.241
45090,29436.232000000004
45091,28927.224000000002
45092,30180.228000000003
45093,29572.217000000004
45094,30191.215000000004
45095,30417.209000000003
45096,29644.202
45097,30730.196000000007
45098,30374.187000000005
45099,30061.186000000005
45100,29582.186000000005
45101,29931.190000000006
45102,29474.190000000002
45103,30496.187
45104,30104.179000000004
45105,29417.172000000002
45106,30067.169000000005
45107,34740.163
45108,34192.16
45109,34553.157
45110,34017.15
45111,33467.14
45112,34086.131
45113,34226.132000000005
45114,33444.132000000005
45115,34258.13
45116,35180.133
45117,34903.130000000005
45118,36621.129
45119,36347.131
45120,36124.131
45121,36335.128000000004
45122,37148.130000000005
45123,36119.132000000005
45124,36130.132000000005
45125,36885.131
45126,36105.130000000005
45127,37124.130000000005
45128,36668.126000000004
45129,36029.130000000005
45130,35288.127
45131,36478.124
45132,34799.128000000004
45133,35786.126000000004
45134,35592.129
45135,34503.123
45136,34190.118
45137,34359.12
45138,33555.12
45139,34193.118
45140,35241.119
45141,35194.122
45142,35569.123
45143,35949.124
45144,35389.125
45145,34565.123
45146,35830.119
45147,35020.118
45148,36591.116
45149,37150.118
45150,37628.121
45151,36994.124
45152,37622.124
45153,36836.12
45154,36913.114
45155,38021.113000000005
45156,37413.109000000004
45157,37612.109000000004
45158,37091.108
45159,31048.102000000003
45160,29678.103000000003
45161,30428.102000000006
45162,28882.097000000005
45163,29682.094000000005
45164,30355.090000000007
45165,30160.090000000007
45166,30137.087000000007
45167,29739.090000000007
45168,28938.088000000007
45169,29312.087000000007
45170,29945.084000000006
45171,29560.082000000006
45172,30335.081000000006
45173,30335.07900000001
45174,29915.07900000001
45175,29290.07600000001
45176,29825.074000000008
45177,28245.07800000001
45178,29605.07800000001
45179,29995.077000000005
45180,30375.07800000001
45181,30075.076000000005
45182,31425.074000000004
45183,30315.073000000008
45184,30420.072000000007
45185,31580.069000000007
45186,31575.070000000007
45187,32660.063000000006
45188,32635.063000000006
45189,32245.063000000006
45190,30900.065000000006
45191,31110.071000000007
45192,30038.067000000006
45193,31168.066000000006
45194,31763.064000000006
45195,31588.066000000006
45196,31578.068000000007
45197,31773.068000000007
45198,30733.071000000007
45199,30768.069000000007
45200,31183.069000000007
45201,30553.064000000006
45202,30918.065000000006
45203,31878.063000000006
45204,31088.065000000006
45205,30333.065000000006
45206,30478.066000000006
45207,30108.067000000006
45208,31778.061000000005
45209,32528.062000000005
45210,32523.063000000006
45211,32618.05900000001
45212,33613.060000000005
45213,32243.062000000005
45214,31853.062000000005
45215,32328.06000000001
45216,31573.06000000001
45217,31418.057000000008
45218,32003.057000000008
45219,31803.05900000001
45220,31518.06200000001
45221,32063.06500000001
45222,30498.06700000001
45223,30403.07200000001
45224,31218.07000000001
45225,30668.06800000001
45226,31198.07000000001
45227,31563.07000000001
45228,30388.071000000007
45229,30043.07300000001
45230,30638.07100000001
45231,29463.07300000001
45232,30498.07200000001
45233,31058.07200000001
45234,30103.07400000001
45235,30863.07400000001
45236,31128.07000000001
45237,31128.07000000001
45238,32590.06600000001
45239,33205.06500000001
45240,33470.062000000005
45241,33885.062
45242,33545.062
45243,31975.064000000006
45244,31165.06500000001
45245,31760.06300000001
45246,32255.065000000006
45247,32355.069000000007
45248,32805.067
45249,32930.062000000005
45250,32825.059
45251,33085.05700000001
45252,32520.05900000001
45253,32545.05900000001
45254,33685.060000000005
45255,32700.06300000001
45256,32900.06300000001
45257,31910.06600000001
45258,30910.06600000001
45259,30885.06600000001
45260,30985.070000000007
45261,30175.071000000007
45262,30445.07100000001
45263,31065.06900000001
45264,30285.074000000008
45265,30515.073000000008
45266,31190.07000000001
45267,31195.069000000007
45268,32010.06800000001
45269,32415.065000000006
45270,32410.06600000001
45271,33395.064000000006
45272,32810.064000000006
45273,31980.06000000001
45274,31425.05900000001
45275,32920.062000000005
45276,32585.06100000001
45277,33045.05700000001
45278,33660.056000000004
45279,33285.058000000005
45280,32695.05900000001
45281,33060.060000000005
45282,33005.061
45283,32770.064000000006
45284,33350.06500000001
45285,32155.06300000001
45286,32220.06000000001
45287,32360.06100000001
45288,31190.06100000001
45289,31585.06000000001
45290,31620.058000000008
45291,30835.05900000001
45292,31815.058000000008
45293,31150.06400000001
45294,30735.06500000001
45295,31080.06900000001
45296,32145.06600000001
45297,31760.06600000001
45298,32795.064000000006
45299,32370.06600000001
45300,32895.06900000001
45301,33290.07100000001
45302,33045.06700000001
45303,33350.062000000005
45304,33355.062000000005
45305,34400.058000000005
45306,33535.060000000005
45307,33135.062000000005
45308,33110.062000000005
45309,32930.064000000006
45310,32370.06500000001
45311,32590.06500000001
45312,32365.067000000006
45313,33775.06300000001
45314,33995.064000000006
45315,33250.062000000005
45316,33068.060000000005
45317,33243.05900000001
45318,32893.057
45319,32673.058000000005
45320,32248.06100000001
45321,32253.060000000005
45322,33223.060000000005
45323,33263.057
45324,32703.057000000008
45325,32863.059
45326,33818.064000000006
45327,33633.058000000005
45328,35868.05700000001
45329,35653.056000000004
45330,36183.05700000001
45331,35753.060000000005
45332,36068.056000000004
45333,34948.05900000001
45334,34778.060000000005
45335,35373.058000000005
45336,34783.060000000005
45337,34753.062000000005
45338,34338.062000000005
45339,34698.063
45340,40403.060000000005
45341,40918.056000000004
45342,40388.056000000004
45343,35498.058000000005
45344,36023.061
45345,35503.058000000005
45346,34383.05900000001
45347,33783.06300000001
45348,33620.062000000005
45349,34565.064000000006
45350,34740.06300000001
45351,34145.06500000001
45352,34685.060000000005
45353,34315.05700000001
45354,33525.05900000001
45355,34110.05900000001
45356,35135.059
45357,35255.06
45358,35615.061
45359,35040.059
45360,34980.06100000001
45361,34640.06100000001
45362,34840.06100000001
45363,34460.060000000005
45364,34260.062000000005
45365,34560.06500000001
45366,34170.06700000001
45367,34170.06800000001
45368,34070.07300000001
45369,34690.077000000005
45370,35085.076
45371,36080.073000000004
45372,35915.072
45373,37960.068
45374,38710.064999999995
45375,37290.066999999995
45376,36150.066
45377,36005.067
45378,35375.070999999996
45379,35745.07
45380,35470.067
45381,35110.066
45382,35300.067
45383,34895.06500000001
45384,33965.066000000006
45385,35060.063
45386,36620.059
45387,36400.061
45388,36170.064000000006
45389,35770.066
45390,36660.066
45391,36020.068
45392,36365.062999999995
45393,40270.06400000001
45394,40270.06300000001
45395,40670.066000000006
45396,40465.068000000014
45397,39905.068000000014
45398,41050.067
45399,41280.065
45400,41850.063
45401,42230.065
45402,41865.065
45403,43460.063
45404,43690.061
45405,41345.06300000001
45406,40010.06700000001
45407,40030.06700000001
45408,39365.07300000001
45409,39695.07500000001
45410,39165.07400000001
45411,38810.072000000015
45412,39570.07000000001
45413,39535.07200000001
45414,33445.07400000001
45415,33970.07600000001
45416,34350.07800000001
45417,34150.079000000005
45418,33390.08000000001
45419,33280.07800000001
45420,33600.08200000001
45421,33200.08400000001
45422,33905.081000000006
45423,33105.08000000001
45424,32455.08300000001
45425,33140.07800000001
45426,33120.077000000005
45427,32720.07900000001
45428,33900.07600000001
45429,32835.083000000006
45430,33050.07800000001
45431,33040.075000000004
45432,32855.073000000004
45433,33635.073000000004
45434,34585.07600000001
45435,33570.08000000001
45436,32040.08100000001
45437,31690.08200000001
45438,32600.08000000001
45439,33175.07800000001
45440,34130.07800000001
45441,33795.077000000005
45442,34215.077000000005
45443,33790.07800000001
45444,33375.079000000005
45445,33705.081000000006
45446,34555.079000000005
45447,34885.081000000006
45448,33585.083
45449,34225.083000000006
45450,33535.079
45451,32870.07600000001
45452,32830.08000000001
45453,32410.08200000001
45454,31930.08600000001
45455,32750.083000000006
45456,32990.08400000001
45457,32375.08600000001
45458,32210.08600000001
45459,31885.08300000001
45460,32912.07800000001
45461,33506.079000000005
45462,32886.081000000006
45463,33496.081000000006
45464,34721.081000000006
45465,33536.084
45466,32651.08600000001
45467,33021.08500000001
45468,33996.086
45469,34161.08700000001
45470,34741.088
45471,34676.09100000001
45472,34926.092000000004
45473,34318.092000000004
45474,33568.09100000001
45475,33208.09300000001
45476,33404.09900000001
45477,34211.094000000005
45478,33092.09100000001
45479,33082.09300000001
45480,32087.09200000001
45481,31312.09100000001
45482,31912.089000000007
45483,31317.093000000008
45484,31155.09200000001
45485,31885.093000000008
45486,32115.091000000008
45487,31095.09500000001
45488,32041.09400000001
45489,31106.091000000008
45490,32156.08600000001
45491,34387.079000000005
45492,34789.07800000001
45493,35534.08
45494,36493.081
45495,36123.08200000001
45496,34887.08800000001
45497,34732.08500000001
45498,35630.08200000001
45499,36930.086
45500,37470.086
45501,37130.086
45502,36740.086
45503,35940.086
45504,34747.086
45505,34940.086
45506,35590.083000000006
45507,36365.084
45508,35360.085000000014
45509,35135.087
45510,34352.09000000001
45511,32552.09400000001
45512,32568.095000000012
45513,32068.095000000012
45514,32692.097000000005
45515,33057.099
45516,33104.100000000006
45517,32514.10400000001
45518,32644.111000000008
45519,31669.112000000012
45520,32178.115000000013
45521,33083.11500000001
45522,32985.119000000006
45523,34473.117000000006
45524,35639.11800000001
45525,35714.11800000001
45526,36581.114
45527,35398.12
45528,35968.127000000015
45529,36866.12500000001
45530,36096.12500000001
45531,36452.128000000004
45532,36250.12700000001
45533,34864.12900000001
45534,33914.12900000001
45535,33949.12700000001
45536,34086.132000000005
45537,35301.134000000005
45538,34162.13900000001
45539,34353.14400000001
45540,35019.143000000004
45541,33381.14800000001
45542,33608.14800000001
45543,33303.14600000001
45544,33291.14800000001
45545,33862.147000000004
45546,32972.14400000001
45547,32884.147000000004
45548,33310.149000000005
45549,32261.15200000001
45550,32702.159000000007
45551,34199.15900000001
45552,33860.16
45553,35525.159
45554,35537.16499999999
45555,34892.17
45556,35943.17399999999
45557,35544.176
45558,36734.17499999999
45559,37968.172999999995
45560,36531.174999999996
45561,36116.179999999986
45562,35362.18699999999
45563,35043.187999999995
45564,34923.184
45565,34646.191
45566,35267.191
45567,35398.195
45568,34393.197
45569,35010.198000000004
45570,35014.2
45571,33298.20100000001
45572,34390.203
45573,34099.206
45574,34404.212999999996
45575,35389.22
45576,34046.22
45577,33800.22
45578,34576.214
45579,33345.219000000005
45580,33765.221000000005
45581,35743.225
45582,35580.22699999999
45583,35625.231999999996
45584,35898.235
45585,35380.235
45586,36738.23
45587,36975.234000000004
45588,38058.232
45589,38237.236
45590,37337.24
45591,37394.238999999994
45592,36951.246999999996
45593,36595.242999999995
45594,36061.238
45595,36482.24
45596,37000.247
45597,37562.248999999996
45598,35823.255999999994
45599,36416.25899999999
45600,36937.259999999995
45601,35797.261
45602,35921.264
45603,35942.261999999995
45604,36451.265
45605,37307.275
45606,35807.276
45607,35106.278
45608,36430.274999999994
45609,35800.274999999994
45610,36080.27599999999
45611,36952.282999999996
45612,37059.282
45613,38232.282
45614,38573.28399999999
45615,36602.29
45616,38326.291
45617,38479.29899999999
45618,37687.301999999996
45619,37903.29999999999
45620,37236.30799999999
45621,36825.31
45622,37340.30699999999
45623,37135.31
45624,36619.316
45625,36966.31799999999
45626,38058.31399999999
45627,39431.309
45628,38626.317
45629,38727.32000000001
45630,39072.315
45631,38146.316000000006
45632,37938.324
45633,36919.323000000004
45634,37849.325
45635,39144.329000000005
45636,38021.33500000001
45637,37188.331
45638,37696.33800000001
45639,37495.34200000001
45640,37083.35300000001
45641,38235.350000000006
45642,38852.344000000005
45643,39475.344000000005
45644,40365.348000000005
45645,39667.34700000001
45646,40598.344000000005
45647,40784.352
45648,39783.35600000001
45649,39937.355
45650,39664.35800000001
45651,39526.36000000001
45652,40264.36000000001
45653,40133.36200000001
45654,38959.36
45655,39366.354
45656,40313.358
45657,41011.36400000001
45658,40686.37300000001
45659,41223.38400000001
45660,40944.38800000001
45661,40581.390000000014
45662,40555.39800000001
45663,39824.40600000001
45664,40794.405000000006
45665,42639.40100000002
45666,41325.40800000001
45667,40289.40800000001
45668,40819.41500000001
45669,40658.420000000006
45670,40758.41900000001
45671,41588.42700000001
45672,40965.43500000001
45673,42590.43300000001
45674,42738.43600000001
45675,41910.441000000006
45676,41953.44600000002
45677,42642.44400000001
45678,41917.45200000001
45679,42375.443000000014
45680,41631.447000000015
45681,41485.44600000001
45682,41670.44400000001
45683,41737.44200000001
45684,41017.44500000001
45685,40098.443
45686,40782.443
45687,41687.44000000001
45688,41325.441000000006
45689,41232.454
45690,41448.459
45691,41434.456
45692,40837.459
45693,40127.47000000001
45694,40815.46700000001
45695,42267.471000000005
45696,40850.475000000006
45697,40261.47900000001
45698,40699.49300000001
45699,40559.49500000001
45700,41278.49900000001
45701,42362.49600000001
45702,41368.49600000001
45703,42299.507000000005
45704,42769.502
45705,42311.50800000001
45706,42796.511000000006
45707,43381.516
45708,43112.513000000006
45709,43324.51900000001
45710,41219.53200000001
45711,40781.531
45712,41231.538000000015
45713,40589.542000000016
45714,40584.53800000001
45715,39498.54600000001
45716,40873.55200000001
45717,41108.55000000001
45718,40548.55200000001
45719,40741.55400000001
45720,41502.549000000006
45721,42224.552
45722,42641.55400000002
45723,41689.555000000015
45724,42116.561000000016
45725,44071.56000000001
45726,44052.55600000001
45727,42824.56100000001
45728,43951.55900000001
45729,44336.564000000006
45730,44952.570000000014
45731,45023.57200000001
45732,44538.577
45733,46373.583000000006
45734,45697.586
45735,44752.58600000001
45736,44454.594000000005
45737,44628.596000000005
45738,44687.59200000001
45739,44423.6
45740,43495.598
45741,42935.594
45742,43264.58999999999
45743,42743.59099999999
45744,42215.58899999999
45745,40677.589
45746,41711.586
45747,42367.589
45748,41779.596000000005
45749,41162.60900000001
45750,41864.60800000001
45751,42142.60900000001
45752,42456.60300000001
45753,43387.59500000001
45754,44233.59800000002
45755,45469.59900000002
45756,45674.599
45757,44174.60100000001
45758,44951.612
45759,44422.61700000001
45760,45137.61800000001
45761,45243.61700000001
45762,44242.60900000001
45763,44972.604000000014
45764,44480.61800000001
45765,43908.616000000016
45766,44216.60400000002
45767,44498.60500000002
45768,44252.60200000002
45769,44190.60500000002
45770,43338.60100000002
45771,43927.60100000002
45772,44348.60000000001
45773,42763.58800000002
45774,42169.59000000002
45775,40795.602000000006
45776,41079.604
45777,41808.60800000001
45778,40512.61900000001
45779,40990.62800000001
45780,40777.634000000005
45781,40546.625
45782,41061.626000000004
45783,42243.623
45784,42797.62100000001
45785,43373.613999999994
45786,44283.604
45787,43807.60999999999
45788,44662.606999999996
45789,44483.60599999999
45790,45051.623
45791,45870.61499999999
45792,44677.619999999995
45793,45340.617999999995
45794,45203.623
45795,44932.627
45796,44609.627
45797,44558.622
45798,44722.615000000005
45799,44359.61300000001
45800,43471.612000000016
45801,43565.60700000001
45802,44266.61100000002
45803,42618.62000000002
45804,41150.617000000006
45805,39849.616000000016
45806,39765.62400000001
45807,40931.61700000002
45808,40841.61900000001
45809,41016.61900000001
45810,40833.62100000001
45811,40197.61900000001
45812,40194.612000000016
45813,40417.60900000002
45814,40856.60200000001
45815,41477.61500000002
45816,43260.61000000002
45817,42709.60800000001
45818,43980.60700000001
45819,43320.61700000001
45820,44182.613000000005
45821,45364.62000000001
45822,44525.631
45823,44462.63900000001
45824,45732.63500000002
45825,45956.62200000001
45826,44876.61800000001
45827,44093.62
45828,42723.62899999999
45829,42556.635
45830,42947.632999999994
45831,42037.625
45832,43127.60800000001
45833,42632.616
45834,42450.60600000001
45835,41660.61000000001
45836,41300.60999999999
45837,42407.60399999999
45838,41800.596
45839,42638.58900000001
45840,42523.59500000001
45841,40831.60000000001
45842,40805.606000000014
45843,41094.60500000001
45844,41121.60300000002
45845,41679.606000000014
45846,42324.59800000002
45847,41267.60100000002
45848,42259.60000000001
45849,41402.60500000002
45850,42276.597000000016
45851,43262.59800000001
45852,42420.595000000016
45853,42512.59600000001
45854,42606.606000000014
45855,42148.60700000001
45856,41763.607
45857,41185.59900000001
45858,40826.602000000006
45859,40372.602000000006
45860,40208.59700000001
45861,40291.591
45862,40044.59700000001
45863,39733.59200000001
45864,39019.58800000001
45865,38258.596000000005
45866,37690.59300000001
45867,37871.589
45868,36779.589
45869,37465.590000000004
45870,38215.59100000001
45871,36511.59700000001
45872,36421.58900000001
45873,36001.57800000001
45874,35085.58100000002
45875,35782.58400000001
45876,36561.579
45877,35966.574
45878,37058.576
45879,36261.568
45880,36386.578
45881,37308.581
45882,37147.574
45883,37154.575000000004
45884,38099.575000000004
45885,37950.564000000006
45886,37468.55700000001
45887,37772.558000000005
45888,38062.55300000001
45889,37948.555
45890,36802.55700000001
45891,36308.557
45892,36184.557
45893,35655.562
45894,34965.56200000001
45895,35292.551000000014
45896,35201.54500000001
45897,40965.551000000014
45898,40182.53900000002
45899,40410.54300000001
45900,41364.531
45901,40106.52900000002
45902,39850.52800000002
45903,39302.529000000024
45904,39172.518000000025
45905,38999.51500000002
45906,39384.51300000002
45907,37890.50800000002
45908,38190.50800000002
45909,37208.516000000025
45910,36732.516000000025
45911,38493.51500000003
45912,38610.51300000002
45913,39688.503000000026
45914,41373.501000000004
45915,40911.50300000001
45916,40899.496000000014
45917,40934.499
45918,40347.49900000001
45919,40633.488000000005
45920,40701.48200000001
45921,39945.47200000001
45922,39450.466000000015
45923,38927.46700000002
45924,37292.47100000002
45925,37404.476000000024
45926,37423.48700000002
45927,38189.48400000002
45928,37785.48200000002
45929,38234.491000000016
45930,38234.49300000002
45931,36659.49300000002
45932,37054.48600000002
45933,36993.47900000002
45934,30972.47800000002
45935,31483.46700000002
45936,31809.47500000002
45937,30574.47400000002
45938,31459.47800000002
45939,30947.48000000002
45940,30856.47700000002
45941,32434.47500000002
45942,32516.47300000002
45943,33116.47100000001
45944,33934.47500000001
45945,33288.47300000002
45946,32055.47300000002
45947,31783.47700000002
45948,31467.467000000022
45949,31136.47000000002
45950,30924.479000000018
45951,31063.48300000002
45952,30574.482000000018
45953,30118.482000000018
45954,29260.46500000002
45955,28987.474000000017
45956,29025.476000000017
45957,29878.471000000016
45958,29168.471000000016
45959,29533.470000000016
45960,30275.463000000014
45961,29069.460000000017
45962,28846.45900000002
45963,28456.45700000002
45964,29250.45000000002
45965,29386.43800000002
45966,29555.44000000002
45967,27856.44900000002
45968,28755.44900000002
45969,28551.460000000017
45970,27652.461000000018
45971,28983.457000000013
45972,28353.459000000017
45973,28305.457000000017
45974,28922.456000000017
45975,28931.453000000016
45976,28246.453000000016
45977,28556.447000000015
45978,27776.444000000014
45979,26474.442000000014
45980,26854.440000000013
45981,27229.435000000012
45982,27081.43800000001
45983,27167.44000000001
45984,25446.445000000007
45985,25758.43500000001
45986,26232.43500000001
45987,26240.43600000001
45988,26741.43600000001
45989,26912.433000000005
45990,26415.43400000001
45991,25758.43400000001
45992,25921.43000000001
45993,25368.43100000001
45994,25712.43000000001
45995,24581.425000000007
45996,23764.42200000001
45997,23132.410000000007
45998,23298.412000000008
45999,24328.414000000008
46000,23771.417000000005
46001,23880.418000000005
46002,23630.418000000005
46003,24509.41800000001
46004,24622.419
46005,24606.420000000002
46006,24510.407
46007,24328.414
46008,23537.411
46009,22187.416
46010,22603.415
46011,22579.411
46012,22453.412
46013,21599.408000000003
46014,20862.407000000003
46015,22143.41
46016,22902.397
46017,22985.401
46018,23090.4
46019,22967.399
46020,24446.391000000003
46021,23289.392000000003
46022,23170.399
46023,21864.407000000003
46024,22208.406000000003
46025,20944.409000000003
46026,20088.411000000004
46027,18920.412
46028,19068.406000000003
46029,20433.403000000002
46030,19653.397
46031,19589.397000000004
46032,20138.390000000003
46033,19690.392000000003
46034,20325.398
46035,19698.399000000005
46036,19519.393000000004
46037,19839.395000000004
46038,19066.395000000004
46039,17415.398000000005
46040,17131.399000000005
46041,17193.394000000004
46042,16773.399
46043,16698.399000000005
46044,15761.401000000002
46045,16814.392000000003
46046,17560.385000000002
46047,18829.385
46048,20161.378000000004
46049,20643.372
46050,22627.352999999996
46051,22126.352
46052,21712.358
46053,22101.355
46054,21230.358
46055,19687.357999999997
46056,18754.361
46057,16332.37
46058,15628.375
46059,15447.378000000002
46060,13008.381000000003
46061,13301.383000000003
46062,12263.389000000005
46063,11333.393000000005
46064,11707.391000000009
46065,11883.39300000001
46066,11801.39500000001
46067,12223.406000000012
46068,11931.411000000013
46069,11380.420000000015
46070,12198.427000000014
46071,11023.438000000016
46072,11229.449000000017
46073,10166.46400000002
46074,10262.470000000021
46075,8699.488000000021
46076,6706.5030000000215
46077,6520.523000000022
46078,3858.5520000000192
46079,1903.5889999999968
46080,1558.4499999999957
46081,3091.4400000000173
46082,4891.434000000026
46083,5129.435000000025
46084,6599.430000000024
46085,7854.422000000021
46086,9109.414000000026
46087,9846.408000000023
46088,10873.395000000024
46089,11921.389000000023
46090,14363.387000000019
46091,13456.389000000017
46092,11931.388000000017
46093,13226.380000000014
46094,12293.377000000013
46095,11556.380000000012
46096,11008.386000000011
46097,11336.380000000008
46098,11506.375000000007
46099,11426.373000000005
46100,9499.380000000003
46101,11083.380000000005
46102,12606.365000000005
46103,13066.361000000003
46104,13914.355000000001
46105,15889.345000000001
46106,16884.342
46107,17209.336
46108,18104.331
46109,18599.325999999997
46110,18409.328999999998
46111,18107.329999999998
46112,18352.338
46113,17804.338
46114,19654.339
46115,19919.337
46116,20564.336
46117,20279.335
46118,19094.344
46119,19477.332
46120,20197.331
46121,19634.326
46122,18532.325
46123,18082.321
46124,16427.321000000004
46125,15562.320000000003
46126,14662.322000000002
46127,14932.315000000002
46128,14862.320000000003
46129,15275.315000000002
46130,15798.319000000003
46131,15986.311000000002
46132,16346.306000000002
46133,16486.303000000004
46134,17041.295000000002
46135,17461.286
46136,17726.284
46137,16928.284000000003
46138,16106.287000000002
46139,16264.283000000003
46140,15629.284000000003
46141,14841.279000000004
46142,14504.280000000004
46143,14594.282000000005
46144,14779.275000000005
46145,15134.268000000005
46146,15529.259000000005
46147,16119.256000000003
46148,16064.252000000004
46149,16629.243000000002
46150,16289.235000000002
46151,16434.232000000004
46152,16929.226000000002
46153,17046.223000000005
46154,17028.219000000005
46155,17413.212000000003
46156,17613.210000000003
46157,17776.205000000005
46158,18391.199000000004
46159,18797.195000000003
46160,18787.190000000002
46161,18572.189000000002
46162,18592.185
46163,18817.183
46164,19772.189000000002
46165,18797.189000000002
46166,19787.188000000002
46167,19012.188000000002
46168,18247.187
46169,17641.191000000003
46170,17228.193000000003
46171,16502.188000000002
46172,16477.191000000006
46173,15887.192000000005
46174,15107.191000000004
46175,15674.193000000005
46176,15692.192000000005
46177,16477.192000000003
46178,17497.188000000002
46179,17702.188000000002
46180,17677.192000000003
46181,17847.194
46182,17824.198
46183,18814.197
46184,17614.203
46185,17469.203
46186,17269.205
46187,17856.203
46188,18861.2
46189,19611.202
46190,19214.206000000002
46191,18611.207000000002
46192,17793.210000000003
46193,17641.207000000006
46194,18634.205
46195,18239.205
46196,18859.202
46197,19046.202
46198,17886.200000000004
46199,17611.210000000003
46200,17821.208000000002
46201,17639.207000000002
46202,17419.209000000003
46203,16234.213000000003
46204,16259.208000000002
46205,17254.207000000006
46206,17652.204
46207,18237.204
46208,18692.2
46209,19087.198
46210,19256.2
46211,19661.199
46212,19028.205
46213,19221.207000000002
46214,19822.204
46215,20002.205
46216,20812.203
46217,20777.206000000002
46218,20977.205
46219,21182.202
46220,21187.202
46221,19827.202
46222,20432.2
46223,20465.196
46224,19694.192999999996
46225,18322.195
46226,18112.195
46227,18284.197
46228,18310.195
46229,18280.198
46230,17875.199000000004
46231,17480.199000000004
46232,15912.201000000001
46233,15504.206000000002
46234,15929.202000000003
46235,17456.206000000006
46236,18248.206000000006
46237,19213.205
46238,19616.204
46239,19599.207000000002
46240,19599.207000000002
46241,20202.207000000002
46242,19617.207000000002
46243,20612.207000000002
46244,22172.208000000002
46245,21387.208000000002
46246,21567.206000000002
46247,21172.207000000002
46248,21177.203
46249,21569.201
46250,22144.201
46251,20584.201
46252,21769.199
46253,21779.197
46254,20797.195
46255,19452.192
46256,19432.194
46257,19447.192
46258,18247.196
46259,18257.196
46260,18452.195
46261,17662.197000000004
46262,16092.197000000002
46263,15687.200000000003
46264,15299.199000000002
46265,17834.199000000004
46266,19582.199
46267,21137.199
46268,22282.201
46269,22072.202
46270,21452.207000000002
46271,22612.207000000002
46272,22617.206000000002
46273,23402.206000000002
46274,24754.205
46275,23224.203
46276,23039.202
46277,22069.202000000005
46278,21829.204
46279,22409.206000000006
46280,22371.212000000003
46281,26349.208000000006
46282,27124.207000000006
46283,27341.203000000005
46284,26599.198000000004
46285,24634.199000000004
46286,24432.197000000004
46287,24257.195000000003
46288,23522.188000000002
46289,24317.185
46290,24902.185
46291,24682.189000000002
46292,24097.188000000002
46293,24077.194000000003
46294,23467.197000000004
46295,25432.194000000003
46296,26609.192000000003
46297,27391.194000000003
46298,27756.198000000004
46299,25611.200000000004
46300,26206.199000000008
46301,27191.195000000007
46302,27414.196000000007
46303,28399.194000000007
46304,29379.193000000007
46305,29179.192000000006
46306,28612.191000000006
46307,28407.191000000003
46308,28577.194000000003
46309,23487.191000000003
46310,23277.189000000002
46311,22132.188000000002
46312,22092.188000000002
46313,21497.189000000002
46314,20512.19
46315,18947.189000000002
46316,18944.186
46317,18134.188000000002
46318,17587.187
46319,17949.192000000003
46320,18339.195000000003
46321,18378.192000000003
46322,18773.191000000003
46323,18953.193000000003
46324,18798.195000000003
46325,20110.200000000004
46326,21465.202000000005
46327,22057.204000000005
46328,22473.207000000006
46329,21925.207000000002
46330,22384.206000000002
46331,23012.202000000005
46332,22607.208000000002
46333,23375.212000000003
46334,23752.215000000004
46335,23515.223000000005
46336,24109.224000000006
46337,24182.222000000005
46338,24766.221000000005
46339,25308.222000000005
46340,24698.224000000006
46341,23733.223000000005
46342,23788.224000000006
46343,23835.220000000005
46344,24030.221000000005
46345,22110.221000000005
46346,21165.222000000005
46347,20140.225000000006
46348,19432.222
46349,19260.220000000005
46350,20679.217000000004
46351,19936.213000000003
46352,20551.213000000003
46353,21561.216000000004
46354,21215.214000000004
46355,22558.220000000005
46356,24558.217000000004
46357,25283.222000000005
46358,24904.227000000003
46359,24590.220000000005
46360,24832.216000000004
46361,26138.217000000004
46362,25963.218000000004
46363,26550.223000000005
46364,26768.222000000005
46365,26448.220000000005
46366,26833.224000000002
46367,27107.216000000004
46368,26490.218000000004
46369,27727.213000000003
46370,27977.210000000003
46371,26842.210000000003
46372,27250.214
46373,26874.217
46374,26659.221
46375,25263.225000000002
46376,24484.227000000003
46377,23097.224000000002
46378,22299.231000000003
46379,22345.229000000003
46380,22748.225000000002
46381,22334.231000000003
46382,22925.229000000003
46383,23677.234000000004
46384,23504.230000000003
46385,24869.228000000003
46386,26239.230000000003
46387,26830.234000000004
46388,26604.235000000004
46389,26262.232000000004
46390,26500.228000000003
46391,27678.229000000003
46392,28079.232000000004
46393,28580.229000000003
46394,28571.231000000003
46395,27584.234000000004
46396,27123.24
46397,26756.24
46398,26194.24
46399,27256.236
46400,27740.232000000004
46401,26365.235000000004
46402,27132.233000000004
46403,26767.232000000004
46404,26088.228000000003
46405,25935.225000000002
46406,25755.222
46407,24850.218
46408,24659.219
46409,24863.219
46410,25901.216
46411,25121.219
46412,25742.219
46413,26533.221
46414,27532.215
46415,28201.215
46416,29237.210000000003
46417,30209.212
46418,30015.216
46419,30194.216
46420,29419.218
46421,30161.22
46422,29719.219
46423,30143.22
46424,30989.217
46425,29784.215
46426,29412.218
46427,28678.218
46428,28081.219
46429,28274.217
46430,29797.215
46431,29384.216
46432,29458.213000000003
46433,29622.213000000003
46434,28468.212000000003
46435,28286.216
46436,27700.214
46437,26516.213000000003
46438,26739.215
46439,26209.210000000003
46440,27830.209
46441,26882.203999999998
46442,27095.2
46443,27724.197000000004
46444,28439.202
46445,29053.202000000005
46446,30091.198000000004
46447,31506.194000000007
46448,30913.194000000007
46449,31369.196000000007
46450,30380.204000000005
46451,31601.201000000005
46452,30631.206000000006
46453,30830.212000000007
46454,31461.210000000006
46455,30342.208000000006
46456,30615.204000000005
46457,30441.208000000002
46458,29669.209000000003
46459,30078.216000000004
46460,30257.220000000005
46461,29731.222000000005
46462,29767.228000000006
46463,29762.222000000005
46464,28782.218000000004
46465,28786.220000000005
46466,27995.226000000002
46467,27236.222000000005
46468,27341.226000000006
46469,26560.226000000006
46470,27737.229000000003
46471,26635.234000000004
46472,27793.237000000005
46473,28724.241000000005
46474,28368.241000000005
46475,29117.239000000005
46476,30547.234000000004
46477,32340.230000000003
46478,32560.231000000003
46479,32249.227000000003
46480,32092.231000000003
46481,32915.238000000005
46482,32769.238000000005
46483,33334.238000000005
46484,33769.244000000006
46485,32610.241000000005
46486,32586.252000000008
46487,31053.252000000004
46488,30426.261000000006
46489,31407.268000000007
46490,32271.25600000001
46491,31516.257000000005
46492,31721.259000000005
46493,30889.251000000007
46494,30198.252000000004
46495,28658.247000000003
46496,27885.246000000006
46497,26894.245000000006
46498,26947.248000000007
46499,26289.245000000006
46500,27711.244000000006
46501,27470.251000000004
46502,28015.252000000004
46503,29109.247000000007
46504,29244.252000000008
46505,35505.247
46506,36841.240000000005
46507,37846.254
46508,38885.25200000001
46509,38239.255000000005
46510,37812.25600000001
46511,39248.261000000006
46512,39070.254
46513,39207.25
46514,40333.25
46515,39894.254
46516,40689.241
46517,39793.244000000006
46518,38528.238000000005
46519,39114.239
46520,39206.240000000005
46521,38932.232
46522,40500.228
46523,38835.224
46524,38617.222
46525,38034.217000000004
46526,36384.219000000005
46527,35983.217000000004
46528,35771.22
46529,36103.215000000004
46530,36297.208
46531,36132.206000000006
46532,36302.212
46533,36786.215
46534,35996.212
46535,37216.215
46536,38686.213
46537,40007.216
46538,42845.200999999994
46539,41798.200999999994
46540,40518.195
46541,41794.179
46542,40400.177
46543,41150.170999999995
46544,41913.170999999995
46545,40498.17600000001
46546,40417.178
46547,40215.171
46548,40038.172000000006
46549,34397.165
46550,34200.159
46551,34705.154
46552,35399.151999999995
46553,35038.14599999999
46554,34972.15
46555,34166.152
46556,32822.151000000005
46557,31936.145000000004
46558,30523.150000000005
46559,32219.153000000006
46560,32962.151000000005
46561,32863.142
46562,33003.14
46563,32735.143000000004
46564,32424.137000000002
46565,33336.141
46566,34329.141
46567,35771.13999999999
46568,36904.14099999999
46569,36743.13499999999
46570,38461.134999999995
46571,38905.130999999994
46572,37882.130999999994
46573,37884.12899999999
46574,37509.12899999999
46575,36343.12899999999
46576,36149.132999999994
46577,38588.12799999999
46578,38822.123999999996
46579,39035.123
46580,39035.12099999999
46581,39584.11699999999
46582,40296.119999999995
46583,40489.11899999999
46584,39940.12099999999
46585,40363.11699999999
46586,38802.11899999999
46587,37456.11499999999
46588,36837.113999999994
46589,37128.11599999999
46590,36918.11699999999
46591,37495.115999999995
46592,37365.111
46593,37957.107999999986
46594,37398.10899999999
46595,38751.10999999999
46596,40088.111
46597,41369.113999999994
46598,41937.113999999994
46599,41152.11299999999
46600,40747.10999999999
46601,41002.10599999999
46602,40770.10599999999
46603,40805.104999999996
46604,40747.104999999996
46605,40152.104999999996
46606,39263.106999999996
46607,36853.10199999999
46608,36309.1
46609,39415.096
46610,39582.09399999999
46611,38827.092
46612,38842.09299999999
46613,37067.09099999999
46614,36942.093
46615,36120.092000000004
46616,35330.091
46617,34575.08500000001
46618,34025.081000000006
46619,34440.078
46620,34405.077000000005
46621,35625.069
46622,34605.071
46623,35190.073
46624,34765.075000000004
46625,36370.070999999996
46626,37610.066999999995
46627,39165.06799999999
46628,40135.068999999996
46629,39360.06799999999
46630,38965.068999999996
46631,39130.07
46632,38975.066999999995
46633,38515.07199999999
46634,38300.070999999996
46635,38440.072
46636,37845.075
46637,37255.076
46638,36670.076
46639,35180.075
46640,38305.070999999996
46641,37550.072
46642,38450.072
46643,38085.072
46644,38900.07
46645,38255.072
46646,39315.069
46647,38145.068
46648,36810.066999999995
46649,36780.06799999999
46650,36160.070999999996
46651,36660.068999999996
46652,36100.068999999996
46653,36270.071
46654,35910.07
46655,36065.073
46656,37465.071
46657,39215.07200000001
46658,40845.068
46659,40260.068999999996
46660,39675.068999999996
46661,40140.066
46662,39970.066
46663,39240.072
46664,39400.075000000004
46665,39235.074
46666,38710.076
46667,38515.076
46668,38145.077
46669,39005.077
46670,39823.07400000001
46671,39853.073000000004
46672,40638.073000000004
46673,40043.076
46674,39563.08
46675,39238.08200000001
46676,38038.083000000006
46677,36363.08200000001
46678,35288.07900000001
46679,35593.07600000001
46680,35208.07600000001
46681,35988.077000000005
46682,35018.07600000001
46683,35963.077000000005
46684,35793.077000000005
46685,37013.07200000001
46686,36048.07100000001
46687,37278.069
46688,38398.069
46689,37783.07100000001
46690,37028.07100000001
46691,36448.07000000001
46692,36903.068
46693,38423.071
46694,38388.07400000001
46695,38833.07400000001
46696,38613.075000000004
46697,43468.077000000005
46698,42043.07500000001
46699,43063.070999999996
46700,43608.064
46701,43278.062000000005
46702,44428.061
46703,44348.058000000005
46704,43533.06000000001
46705,42418.06500000002
46706,41873.06400000001
46707,41093.06400000001
46708,40108.06300000001
46709,40605.066000000006
46710,40980.070999999996
46711,42125.070999999996
46712,40590.07100000001
46713,41265.069
46714,41865.06700000001
46715,42150.065
46716,42565.06700000001
46717,38650.06800000001
46718,39265.066999999995
46719,39070.067
46720,38710.067
46721,38215.065
46722,38570.067
46723,38235.06700000001
46724,38630.066000000006
46725,39105.065
46726,38385.064000000006
46727,34865.069
46728,35060.069
46729,35075.066000000006
46730,34710.06700000001
46731,33705.06800000001
46732,34110.07000000001
46733,34250.07100000001
46734,33605.06800000001
46735,33190.06900000001
46736,32995.06900000001
46737,31855.06800000001
46738,30910.06800000001
46739,31430.07100000001
46740,32590.06800000001
46741,33825.06500000001
46742,35580.062000000005
46743,36390.061
46744,36375.064000000006
46745,36800.06300000001
46746,37995.06300000001
46747,38970.06300000001
46748,39315.062
46749,39115.063
46750,39000.066000000006
46751,39260.063
46752,39680.062000000005
46753,39075.06100000001
46754,39460.063
46755,41800.062
46756,40850.06200000001
46757,40660.06200000001
46758,41605.063
46759,40435.06700000001
46760,39590.07000000001
46761,37860.07000000001
46762,39180.065
46763,39150.06700000001
46764,38760.06800000001
46765,38880.064000000006
46766,38520.064000000006
46767,37565.065
46768,36370.066
46769,36370.066
46770,37300.066
46771,38095.069
46772,36920.07
46773,38155.06800000001
46774,37790.069
46775,37785.071
46776,38720.074
46777,36975.07600000001
46778,37140.078
46779,36865.08000000001
46780,36975.084
46781,37350.087
46782,36600.086
46783,39105.084
46784,39165.081999999995
46785,38915.083
46786,38220.082
46787,38090.079
46788,39090.079
46789,39940.075
46790,39720.075
46791,38400.072
46792,39820.070999999996
46793,39525.067
46794,39755.064000000006
46795,39655.069
46796,38860.07200000001
46797,38125.073000000004
46798,37420.06900000001
46799,38160.068
46800,38445.075000000004
46801,39985.075000000004
46802,39770.07400000001
46803,39730.078
46804,40305.075000000004
46805,40075.073000000004
46806,40855.07300000001
46807,41450.07200000001
46808,41800.071
46809,41040.07200000001
46810,40595.07300000001
46811,40850.07200000001
46812,40495.07
46813,37810.07000000001
46814,39420.073000000004
46815,38510.074
46816,37780.07600000001
46817,37920.077000000005
46818,38175.07600000001
46819,37880.08100000001
46820,36645.08500000001
46821,34095.08800000001
46822,35665.08600000001
46823,36250.082
46824,36625.08
46825,36915.076
46826,37635.073
46827,37670.071
46828,37905.06800000001
46829,38065.07
46830,38205.066000000006
46831,39635.06800000001
46832,39610.067
46833,40140.068
46834,40295.071
46835,40525.069
46836,41400.064000000006
46837,41905.065
46838,41280.06800000001
46839,40535.066
46840,40765.064000000006
46841,40155.069
46842,38785.07000000001
46843,39345.07000000001
46844,36625.071
46845,36345.078
46846,37655.076
46847,36870.07200000001
46848,36680.071
46849,37005.07
46850,37625.06800000001
46851,36360.068
46852,37880.067
46853,36380.07400000001
46854,36010.079000000005
46855,36100.076
46856,36990.078
46857,36830.078
46858,37475.075000000004
46859,37475.075000000004
46860,37325.07600000001
46861,38325.076
46862,38010.07600000001
46863,37885.07600000001
46864,38290.07300000001
46865,38160.07000000001
46866,39085.070000000014
46867,39705.06800000001
46868,39350.067
46869,38375.067
46870,38375.067
46871,38115.06800000001
46872,37925.06800000001
46873,36865.073000000004
46874,36835.07400000001
46875,37025.075000000004
46876,35960.079000000005
46877,35800.077000000005
46878,35080.07500000001
46879,35500.07500000001
46880,35780.07300000001
46881,35260.069
46882,35725.06900000001
46883,34720.070000000014
46884,34760.07800000001
46885,34735.078
46886,34148.078
46887,33978.078
46888,35243.081000000006
46889,36023.081000000006
46890,35828.081000000006
46891,36668.079000000005
46892,35758.076
46893,35133.079000000005
46894,34743.08
46895,34313.083000000006
46896,35023.083000000006
46897,35188.084
46898,34893.08
46899,33913.081000000006
46900,34298.083000000006
46901,34553.081000000006
46902,35498.077000000005
46903,35883.079000000005
46904,35663.08
46905,36083.081
46906,36303.082
46907,36828.085
46908,36063.088
46909,35928.088
46910,35768.08600000001
46911,35397.084
46912,36782.08500000001
46913,36757.08500000001
46914,37627.08600000001
46915,37287.08700000001
46916,36062.094000000005
46917,35644.09500000001
46918,36097.09700000001
46919,36117.098000000005
46920,35502.100000000006
46921,36680.09900000001
46922,35135.096000000005
46923,35387.102000000006
46924,35428.097
46925,34758.09900000001
46926,34269.09700000001
46927,32639.09700000001
46928,32024.09800000001
46929,31918.09300000001
46930,32315.09200000001
46931,32600.090000000007
46932,32690.087000000007
46933,33305.08600000001
46934,33974.084
46935,35114.08600000001
46936,35609.088
46937,35274.087
46938,35656.085
46939,35656.08500000001
46940,36441.084
46941,35211.088
46942,35952.08900000001
46943,35274.095
46944,35655.095
46945,34610.099
46946,33984.107
46947,33309.10600000001
46948,34106.103
46949,34589.099
46950,34029.099
46951,35649.09700000001
46952,34024.100000000006
46953,33688.10600000001
46954,33063.11100000001
46955,32184.11000000001
46956,31559.115000000013
46957,32485.121000000014
46958,32211.117000000013
46959,34157.11600000001
46960,34043.114
46961,34452.114
46962,35650.115000000005
46963,36000.12000000001
46964,35572.11600000001
46965,37292.12000000001
46966,37347.125
46967,37153.126000000004
46968,37155.122
46969,37200.12300000001
46970,38059.121999999996
46971,37509.124
46972,38089.12499999999
46973,37790.124
46974,39041.12199999999
46975,38769.133
46976,38295.14199999999
46977,38510.138999999996
46978,38942.143
46979,39939.144
46980,39529.149
46981,40484.151999999995
46982,38805.153
46983,38404.158
46984,37322.162000000004
46985,35684.162000000004
46986,35662.163
46987,36468.164
46988,36013.169
46989,35452.168
46990,35912.170000000006
46991,35983.169
46992,37011.171
46993,37377.170999999995
46994,37270.174999999996
46995,38565.175999999985
46996,38996.17699999999
46997,38964.18199999999
46998,35259.188
46999,35768.187
47000,35341.194
47001,35172.192
47002,37627.19299999999
47003,37041.198
47004,38246.198
47005,38029.204
47006,38077.202
47007,37279.203
47008,37691.204
47009,37654.202999999994
47010,37127.206999999995
47011,38358.205
47012,36143.212
47013,36336.217000000004
47014,35202.222
47015,32841.228
47016,32895.226
47017,34107.225
47018,33873.221000000005
47019,33495.221000000005
47020,34059.219999999994
47021,33454.219000000005
47022,34296.219000000005
47023,37285.216
47024,36926.219000000005
47025,38488.219000000005
47026,38900.217
47027,43882.223000000005
47028,45097.227000000006
47029,45840.232
47030,46892.23500000001
47031,46871.236000000004
47032,48124.237
47033,47950.239
47034,48760.238
47035,48930.233
47036,49112.234000000004
47037,47731.240000000005
47038,47917.237
47039,47192.239
47040,46354.247
47041,47545.25
47042,45780.255000000005
47043,45558.259000000005
47044,45235.264
47045,44416.26200000001
47046,44047.26500000001
47047,44600.270000000004
47048,45684.27
47049,45324.268000000004
47050,44704.272
47051,44854.268000000004
47052,46282.265999999996
47053,46271.267
47054,46555.26900000001
47055,47860.272000000004
47056,47811.279
47057,42424.281
47058,43256.285
47059,43351.284
47060,43766.288
47061,43229.293999999994
47062,42857.299
47063,43039.293
47064,43142.295000000006
47065,42787.302
47066,42789.305
47067,42145.306000000004
47068,42414.306000000004
47069,41850.310999999994
47070,41578.313
47071,42992.316000000006
47072,42162.32000000001
47073,42877.327
47074,42742.327
47075,42188.32399999999
47076,42013.334
47077,39848.333999999995
47078,39593.333
47079,40442.331
47080,43572.33099999999
47081,42780.33499999999
47082,43810.34299999999
47083,43284.348
47084,42719.359
47085,43923.363
47086,43282.369999999995
47087,44292.373999999996
47088,45881.371
47089,45309.37700000001
47090,44606.378000000004
47091,44004.38300000001
47092,43865.38300000001
47093,41544.38600000001
47094,42327.39200000001
47095,42620.39100000001
47096,42154.39500000002
47097,41269.39600000001
47098,40950.39600000001
47099,41267.392000000014
47100,40749.398000000016
47101,41553.40300000001
47102,40506.41400000001
47103,41106.41900000001
47104,42057.41500000001
47105,40935.42500000001
47106,41909.42900000001
47107,44434.43100000002
47108,43631.42600000002
47109,44416.428000000014
47110,45805.42500000002
47111,45898.43100000002
47112,46838.43200000001
47113,46094.438
47114,46036.44200000001
47115,47562.44600000001
47116,46697.45000000001
47117,46629.44900000001
47118,48630.448000000004
47119,48194.455000000016
47120,47876.45100000002
47121,47408.453000000016
47122,47657.460000000014
47123,48478.45400000002
47124,48714.44100000001
47125,48201.44200000003
47126,48273.44100000003
47127,47271.45000000002
47128,46764.45400000002
47129,46327.46600000001
47130,46211.47200000002
47131,46795.47300000001
47132,46124.474
47133,46919.48000000001
47134,48094.474
47135,47861.47000000001
47136,48542.47700000001
47137,49086.479000000014
47138,47492.47400000001
47139,47190.479000000014
47140,48191.485000000015
47141,45981.479000000014
47142,46458.48800000002
47143,45807.49400000002
47144,44244.489000000016
47145,46307.48800000001
47146,45858.49200000002
47147,46002.49600000003
47148,47377.504000000015
47149,47075.50500000001
47150,46375.510000000024
47151,45147.51600000002
47152,45757.51200000002
47153,45428.51600000001
47154,45620.52200000002
47155,45726.522000000004
47156,45803.51800000002
47157,44612.521000000015
47158,44200.52700000001
47159,43075.535
47160,43815.537
47161,44093.541000000005
47162,43382.54700000001
47163,43707.55500000001
47164,44309.558000000005
47165,43112.573000000004
47166,43339.58
47167,43620.581
47168,43740.58900000001
47169,43958.591
47170,44295.590000000004
47171,44827.58800000001
47172,44595.59200000001
47173,45417.58900000001
47174,45472.58800000002
47175,46619.593000000015
47176,45786.597000000016
47177,46925.59900000002
47178,47385.595000000016
47179,46320.60000000002
47180,46378.59400000002
47181,46262.59100000003
47182,46758.59300000002
47183,46737.58900000002
47184,46978.58800000002
47185,45811.591000000015
47186,46467.59300000001
47187,45772.59300000001
47188,45051.596000000005
47189,45352.598000000005
47190,45731.61000000001
47191,45442.612000000016
47192,44945.60800000001
47193,44009.613
47194,44011.613000000005
47195,44386.60900000001
47196,44554.61500000001
47197,44304.606000000014
47198,44721.61200000001
47199,44056.616
47200,43366.62200000001
47201,43474.63100000001
47202,43792.625
47203,44269.62700000001
47204,44157.63000000001
47205,44908.63400000001
47206,43653.640000000014
47207,44195.642000000014
47208,44314.63800000002
47209,43310.63700000001
47210,43216.62600000001
47211,43720.62300000001
47212,43844.64400000001
47213,43751.648000000016
47214,44764.642000000014
47215,43280.64900000001
47216,43637.65200000002
47217,43610.64800000001
47218,42629.65500000001
47219,48638.65700000001
47220,48702.65800000001
47221,48173.65600000001
47222,47264.65800000001
47223,47786.647000000004
47224,48550.64400000001
47225,48673.65800000001
47226,49697.642000000014
47227,49686.64000000002
47228,50495.64400000002
47229,50703.64400000002
47230,51946.64200000002
47231,46754.64500000002
47232,46091.642000000014
47233,45517.644000000015
47234,44178.64900000001
47235,44761.636000000006
47236,44598.641
47237,44721.65000000001
47238,45033.647000000004
47239,44154.653000000006
47240,43164.65800000001
47241,43933.65699999999
47242,44965.65799999999
47243,44949.646
47244,45032.64200000001
47245,44089.65400000001
47246,43426.65800000001
47247,42295.665000000015
47248,40425.66800000001
47249,41313.66800000001
47250,41245.67700000001
47251,40653.67900000002
47252,40229.682000000015
47253,40615.68500000002
47254,41022.67700000002
47255,40668.67900000002
47256,41612.68400000002
47257,41526.68000000002
47258,41641.67500000002
47259,41449.676000000014
47260,42354.67000000001
47261,42307.67400000001
47262,42333.66800000001
47263,41906.665000000015
47264,42258.67300000002
47265,43372.680000000015
47266,42392.67500000002
47267,43167.673000000024
47268,43948.67200000002
47269,43097.66600000003
47270,41808.66700000002
47271,42532.66700000002
47272,42504.665000000015
47273,42882.663000000015
47274,43272.67200000001
47275,43072.67300000001
47276,42875.67100000002
47277,42190.66200000002
47278,40936.65800000001
47279,41339.65900000002
47280,41080.66600000003
47281,40742.67100000002
47282,40620.67900000002
47283,40580.67200000002
47284,40402.66200000002
47285,39776.66500000003
47286,41365.654000000024
47287,41590.654000000024
47288,41571.66800000002
47289,41412.67300000002
47290,41699.675000000025
47291,41048.66800000002
47292,40683.661000000015
47293,39984.65700000002
47294,39866.649000000005
47295,38927.643000000004
47296,37196.64500000002
47297,36828.65000000002
47298,37206.64900000003
47299,35678.64300000003
47300,34762.64000000003
47301,35015.62600000003
47302,35269.633000000016
47303,35674.63500000002
47304,35888.62200000001
47305,36448.62000000002
47306,35746.62000000001
47307,36325.61500000001
47308,35959.612
47309,36276.605
47310,36172.61400000001
47311,36900.605
47312,37068.594000000005
47313,36419.601
47314,37116.60200000001
47315,36740.60900000001
47316,38219.607
47317,38156.609
47318,37559.600999999995
47319,37486.601
47320,37331.601
47321,36156.61300000001
47322,36007.61300000001
47323,36452.609000000004
47324,35342.609000000004
47325,35229.603
47326,33690.59400000001
47327,32628.605000000018
47328,33244.59800000001
47329,33196.58200000002
47330,32338.59000000002
47331,31945.59600000002
47332,32718.589000000018
47333,32376.59600000002
47334,32932.59600000001
47335,33383.594000000005
47336,33713.590000000004
47337,33069.59500000001
47338,33102.589000000014
47339,33186.58000000001
47340,32750.57300000002
47341,33158.571
47342,32430.569000000018
47343,37496.55600000002
47344,38584.55400000001
47345,38142.557000000015
47346,38641.56300000001
47347,38713.56000000001
47348,37408.56700000002
47349,37517.56400000001
47350,37157.557000000015
47351,37320.56000000001
47352,36925.555000000015
47353,37187.551000000014
47354,34818.55400000002
47355,34362.55600000001
47356,33754.55400000002
47357,34329.55800000001
47358,34888.555000000015
47359,34717.54700000001
47360,35170.54500000001
47361,35327.542000000016
47362,36172.53700000001
47363,36543.53200000001
47364,36901.534000000014
47365,37035.53000000001
47366,36210.52800000002
47367,35507.523000000016
47368,35998.53000000001
47369,36216.52700000002
47370,35584.53600000002
47371,34862.53500000002
47372,33696.546000000024
47373,33150.54200000002
47374,33814.550000000025
47375,34357.54700000002
47376,34873.548000000024
47377,36317.54600000002
47378,35309.538000000015
47379,28960.52300000002
47380,28920.521000000022
47381,28734.52700000002
47382,28691.532000000017
47383,28729.52300000002
47384,28532.509000000016
47385,27560.502000000015
47386,28058.514000000017
47387,27676.505000000016
47388,28375.49400000002
47389,28596.496000000017
47390,27931.491000000013
47391,28863.49400000001
47392,29345.49100000001
47393,28943.49600000001
47394,28229.49500000001
47395,28796.49100000001
47396,27744.48300000001
47397,26954.477000000014
47398,26888.47200000001
47399,26987.47000000001
47400,26897.468000000008
47401,27178.468000000004
47402,26462.46300000001
47403,27156.45800000001
47404,27736.451000000012
47405,28014.451000000012
47406,28325.45100000001
47407,29347.44500000001
47408,29147.44400000001
47409,28123.44500000001
47410,29649.44600000001
47411,28613.44500000001
47412,28249.44900000001
47413,27726.44500000001
47414,27870.44300000001
47415,26061.44100000001
47416,26092.43900000001
47417,25671.44200000001
47418,25225.44300000001
47419,25307.445000000014
47420,23782.442000000014
47421,23613.44600000001
47422,24060.44600000001
47423,24296.44200000001
47424,23776.44200000001
47425,24300.43800000001
47426,24028.44700000001
47427,23461.44300000001
47428,24443.43400000001
47429,25510.435000000012
47430,24845.439000000013
47431,25272.436000000012
47432,24647.43300000001
47433,24337.436000000012
47434,24503.43300000001
47435,24962.437000000013
47436,24327.442000000014
47437,24424.43700000001
47438,23926.44300000001
47439,23087.445000000007
47440,24036.443000000007
47441,23100.42800000001
47442,23099.433000000005
47443,23269.436000000005
47444,23713.439000000006
47445,22889.43500000001
47446,23539.435000000005
47447,24215.434000000005
47448,23444.443000000003
47449,23874.434000000005
47450,22852.429000000004
47451,21314.436000000005
47452,22020.422000000002
47453,21797.417000000005
47454,20636.424000000006
47455,20679.416000000005
47456,19939.409000000003
47457,20137.408000000003
47458,20012.414000000004
47459,19811.413000000004
47460,19573.421000000002
47461,19997.416000000005
47462,20192.408000000003
47463,19694.41
47464,19803.411
47465,20459.413
47466,20322.406
47467,19645.407
47468,19741.403000000002
47469,19325.402000000002
47470,20392.393
47471,21180.391
47472,20615.385
47473,19734.385
47474,20845.391
47475,19987.391
47476,21096.394
47477,20633.393
47478,20264.391000000003
47479,20727.386000000002
47480,19926.388
47481,18492.384000000002
47482,18849.381
47483,19226.385000000002
47484,17291.382
47485,18401.377
47486,17458.377
47487,17967.375
47488,18208.36
47489,18013.351999999995
47490,19637.336
47491,19739.341999999997
47492,19749.344000000005
47493,19078.348000000005
47494,18217.350000000006
47495,15890.353000000003
47496,15165.358000000002
47497,14494.358000000004
47498,13702.369000000006
47499,13505.378000000002
47500,11676.381000000005
47501,12389.388000000006
47502,11674.398000000007
47503,11749.390000000007
47504,13110.401000000009
47505,13942.400000000007
47506,15349.404000000008
47507,15509.409000000012
47508,16420.416000000012
47509,17177.416000000012
47510,18347.426000000014
47511,15619.438000000015
47512,15096.447000000015
47513,14442.466000000019
47514,12205.48100000002
47515,10168.503000000017
47516,8046.52100000002
47517,6539.54400000002
47518,3865.5700000000156
47519,1497.6089999999965
47520,1964.424999999996
47521,3259.4160000000184
47522,3807.4120000000225
47523,4877.4050000000225
47524,6067.393000000023
47525,7572.3820000000205
47526,8364.371000000021
47527,8826.370000000019
47528,9346.373000000018
47529,10192.365000000016
47530,13237.361000000014
47531,12997.352000000012
47532,13227.35400000001
47533,13855.34900000001
47534,13685.355000000007
47535,12838.356000000009
47536,13184.347000000009
47537,13277.348000000007
47538,13312.352000000008
47539,12995.350000000008
47540,11695.348000000005
47541,12537.347000000003
47542,13537.340000000004
47543,13792.332000000004
47544,15579.326000000003
47545,17582.319000000003
47546,18518.307
47547,19438.297
47548,20233.290999999997
47549,20638.293999999994
47550,21148.298999999995
47551,21528.293999999998
47552,20578.295999999995
47553,21093.292999999998
47554,20008.299
47555,20003.296999999995
47556,20220.295999999995
47557,19975.298999999995
47558,19380.301999999996
47559,19215.302
47560,18508.293999999998
47561,17313.294
47562,17283.291
47563,16523.288999999997
47564,16713.287
47565,15698.281000000003
47566,14995.283000000001
47567,16015.290000000003
47568,16250.287000000004
47569,16472.288000000004
47570,17584.288000000004
47571,17797.282000000003
47572,17962.276
47573,17515.271
47574,16933.275
47575,17778.268000000004
47576,17618.272000000004
47577,16263.269000000006
47578,16703.259000000002
47579,15758.258000000005
47580,15333.258000000005
47581,16058.255000000006
47582,15373.254000000004
47583,15753.243000000004
47584,15963.235000000002
47585,17408.235000000004
47586,17933.226000000002
47587,18253.223
47588,18488.215
47589,18823.216
47590,18048.212000000003
47591,17833.210000000003
47592,17838.198
47593,18378.194
47594,18733.195
47595,17363.195000000003
47596,16353.193000000003
47597,16583.189000000002
47598,15223.186000000005
47599,15620.185000000005
47600,16005.183000000006
47601,15592.177000000005
47602,16590.176000000007
47603,16223.173000000004
47604,16010.175000000005
47605,15630.174000000005
47606,15830.176000000005
47607,15418.178000000005
47608,16579.182000000004
47609,15637.178000000005
47610,16232.177000000005
47611,16612.180000000004
47612,15622.185000000005
47613,17002.184
47614,17179.187
47615,18559.187
47616,18136.193000000003
47617,19121.192000000003
47618,19349.191000000003
47619,19356.190000000002
47620,18994.186
47621,18986.189000000002
47622,17431.191000000003
47623,17294.187000000005
47624,17319.190000000002
47625,16354.190000000002
47626,16939.191000000003
47627,17367.188000000002
47628,16599.185
47629,16809.185000000005
47630,17794.184
47631,17804.184000000005
47632,19767.182
47633,19172.181
47634,19177.18
47635,18967.182
47636,17947.184
47637,16584.182
47638,17162.182
47639,16192.181000000002
47640,16382.185
47641,16532.189000000002
47642,15932.192000000003
47643,16517.192000000003
47644,16702.193000000003
47645,17282.194000000003
47646,17467.194000000003
47647,17667.193
47648,17252.198000000004
47649,17867.193000000003
47650,17667.194000000003
47651,18472.190000000002
47652,17687.189000000002
47653,18662.188
47654,18859.186
47655,17684.186
47656,19044.187
47657,20604.186
47658,20209.186
47659,20386.187
47660,20384.189000000002
47661,19209.190000000002
47662,20569.191
47663,20009.188000000002
47664,19812.188
47665,20197.189
47666,19032.188
47667,17654.189000000002
47668,17644.190000000002
47669,17474.188000000002
47670,17259.192000000003
47671,18391.195
47672,17236.191000000003
47673,17234.191
47674,18037.188
47675,18597.191
47676,18222.189
47677,18379.191
47678,17782.192
47679,18372.192
47680,18907.198
47681,19102.198
47682,19097.199
47683,19836.203
47684,19629.206000000002
47685,18487.203
47686,19072.203
47687,19637.206000000002
47688,19622.207000000002
47689,19854.204
47690,20209.208000000002
47691,19854.201
47692,21989.201
47693,21602.201
47694,21402.203
47695,21587.202
47696,21592.201
47697,20854.199
47698,20479.198
47699,19347.195
47700,18959.195
47701,19742.193
47702,18172.194
47703,18367.193
47704,18192.192
47705,18782.192
47706,18792.192
47707,18977.193
47708,19192.191
47709,18992.193
47710,18757.197
47711,19352.195
47712,19157.196
47713,19534.197
47714,20534.193
47715,19544.194
47716,19724.194
47717,20317.191
47718,19757.186999999998
47719,19949.186999999998
47720,21309.186
47721,20494.188000000002
47722,21442.192000000003
47723,22012.190000000002
47724,21607.193000000003
47725,21602.193000000003
47726,21002.195000000003
47727,20397.197000000004
47728,20037.194000000003
47729,19097.193000000003
47730,18322.192000000003
47731,18932.189000000002
47732,18732.188000000002
47733,18517.191000000003
47734,18737.187
47735,19109.185
47736,19469.187
47737,19279.188000000002
47738,20034.186
47739,20239.184
47740,19841.184
47741,19851.182
47742,19246.187
47743,20826.184
47744,21636.185
47745,21011.190000000002
47746,20803.189000000002
47747,20203.189000000002
47748,19243.188000000002
47749,19453.184000000005
47750,21401.183000000005
47751,21211.182000000004
47752,22196.182000000004
47753,22001.181000000004
47754,21436.181
47755,22046.177
47756,21271.176
47757,21051.181
47758,20658.185
47759,19708.181
47760,19353.177
47761,20133.179000000004
47762,21105.176000000003
47763,20340.177000000003
47764,20920.181000000004
47765,20925.18
47766,20713.182
47767,20673.185
47768,20052.191000000003
47769,20452.187
47770,20069.184
47771,19686.184
47772,18921.186
47773,19915.188000000002
47774,20103.195000000003
47775,19325.191000000003
47776,20315.193000000003
47777,20339.193000000003
47778,19404.192000000003
47779,20594.191000000003
47780,22723.192000000003
47781,22529.193000000003
47782,22776.191000000003
47783,23773.196000000004
47784,23615.192000000003
47785,24403.189000000002
47786,23995.191000000003
47787,23577.194000000003
47788,23584.196
47789,22049.190000000002
47790,22109.190000000002
47791,22304.193000000003
47792,23084.193000000003
47793,22515.194000000003
47794,22914.197000000004
47795,22586.194000000003
47796,22255.187
47797,22442.192000000003
47798,22232.190000000002
47799,22253.189000000002
47800,22243.190000000002
47801,21733.188000000002
47802,21746.189000000002
47803,22336.190000000002
47804,23095.191000000003
47805,22316.196000000004
47806,23066.197
47807,23678.197000000004
47808,23147.196000000004
47809,23511.202
47810,25527.197000000004
47811,25538.201
47812,25987.198
47813,27172.197
47814,27609.194
47815,28199.196000000004
47816,27655.192000000003
47817,26718.191000000003
47818,26377.191000000003
47819,25237.189000000002
47820,25052.189000000002
47821,25886.182
47822,25901.18
47823,25705.181
47824,26471.188000000002
47825,25302.191000000003
47826,25135.191
47827,25130.192000000003
47828,24690.196
47829,25349.196
47830,24550.2
47831,24401.2
47832,24614.196
47833,24886.192000000003
47834,25267.196
47835,24475.198000000004
47836,24117.196000000004
47837,24461.203
47838,24350.199000000004
47839,24267.196000000004
47840,25964.198
47841,27023.195000000003
47842,27012.197000000004
47843,28146.198000000004
47844,27953.199000000004
47845,27682.209000000003
47846,26733.209000000003
47847,25966.207
47848,25817.205
47849,24659.206
47850,24144.202000000005
47851,24299.209000000003
47852,24971.202
47853,24989.199000000004
47854,26177.199000000004
47855,25588.196000000004
47856,25239.189000000002
47857,25392.190000000002
47858,24667.189
47859,25338.182999999997
47860,25351.183
47861,24955.181
47862,24502.188
47863,24879.192
47864,25302.188
47865,25316.189000000002
47866,26148.185
47867,26150.183999999997
47868,25424.193
47869,25511.186999999998
47870,27308.186999999998
47871,28275.186999999998
47872,28920.185999999998
47873,29749.183
47874,29517.179999999997
47875,28560.183
47876,28365.188000000002
47877,27991.190000000002
47878,27191.194
47879,25550.191000000003
47880,25485.191
47881,26051.194
47882,26275.19
47883,25512.193
47884,27316.186999999998
47885,26874.190000000002
47886,26485.188000000002
47887,26897.185000000005
47888,26253.190000000002
47889,27390.192
47890,27598.189000000002
47891,27039.193000000003
47892,26425.199000000004
47893,27105.194000000003
47894,27742.196
47895,27453.206000000002
47896,27846.215000000004
47897,27837.218
47898,28085.216
47899,27299.217
47900,28622.228000000003
47901,29195.232000000004
47902,29815.227000000003
47903,30758.230000000003
47904,29410.231000000003
47905,28443.232000000004
47906,27697.233000000004
47907,27177.239000000005
47908,26952.245000000003
47909,25223.247000000003
47910,25655.246000000003
47911,26125.250000000004
47912,26978.249000000003
47913,26433.245000000003
47914,27912.238000000005
47915,27348.240000000005
47916,28357.242000000006
47917,28697.244000000002
47918,28175.241
47919,29987.239000000005
47920,30416.234000000004
47921,29852.232000000004
47922,29180.238
47923,29958.241
47924,30960.247000000003
47925,30896.25
47926,30679.252
47927,30470.249
47928,30366.248
47929,29839.247
47930,31287.246
47931,30768.247
47932,31202.244
47933,32197.238
47934,31659.233
47935,31197.238999999998
47936,30613.238999999998
47937,30433.235999999997
47938,29348.231
47939,27534.238
47940,27659.234
47941,29279.231
47942,29916.230000000003
47943,29217.222
47944,30049.228000000003
47945,29274.237
47946,29132.24
47947,29867.238
47948,29673.236
47949,31429.237000000005
47950,31445.242000000002
47951,30772.247
47952,30386.240999999998
47953,31944.237
47954,32343.233000000004
47955,31937.224000000002
47956,31721.226000000002
47957,31553.219
47958,30965.217000000004
47959,30203.212000000003
47960,32104.212000000003
47961,31253.213
47962,30823.211000000003
47963,31938.209000000003
47964,30924.209000000003
47965,30802.204000000005
47966,30644.205
47967,30457.206000000002
47968,29451.205
47969,27204.212000000003
47970,27504.211000000003
47971,28749.202000000005
47972,29303.196000000004
47973,28756.188000000002
47974,29635.193000000003
47975,28395.191000000003
47976,29316.188000000002
47977,28959.182
47978,29571.168
47979,30645.164
47980,31577.16
47981,30385.159000000003
47982,29465.149
47983,30333.147
47984,29919.148
47985,29719.145
47986,29555.143000000004
47987,30533.138000000003
47988,31367.133
47989,31197.124
47990,32366.119000000002
47991,31797.117000000002
47992,31601.119000000002
47993,32665.116
47994,32136.111
47995,31966.112
47996,31199.112
47997,31233.114
47998,30640.117000000002
47999,28654.121000000003
48000,28329.115
48001,29873.113
48002,30492.107
48003,30112.101000000002
48004,31259.1
48005,30969.104
48006,30992.104000000003
48007,30913.109
48008,30349.106000000003
48009,32313.105000000003
48010,32261.109000000004
48011,31832.110000000004
48012,31769.108000000004
48013,32263.109
48014,31250.118000000002
48015,31689.116000000005
48016,31836.113000000005
48017,31377.115000000005
48018,31867.106000000003
48019,31793.099000000002
48020,31549.102000000003
48021,30683.097
48022,31652.094
48023,31317.094000000005
48024,30557.094000000005
48025,29797.092000000004
48026,28792.091000000004
48027,28451.086000000003
48028,29374.083000000002
48029,27810.081000000002
48030,27411.078
48031,28720.08
48032,29094.079
48033,28626.085000000003
48034,29243.085000000003
48035,29443.081000000002
48036,29652.079
48037,30013.083000000002
48038,29247.08
48039,31816.081000000002
48040,32490.084000000003
48041,31961.080000000005
48042,30368.082000000006
48043,31149.072000000004
48044,31002.073000000004
48045,31006.073000000004
48046,31979.069000000003
48047,32766.068000000003
48048,32759.066000000003
48049,31530.068000000003
48050,32320.064000000002
48051,31514.061
48052,31918.059
48053,33337.05500000001
48054,33177.05
48055,32587.051000000003
48056,31672.047000000006
48057,30122.049000000006
48058,30477.052000000007
48059,29320.053000000007
48060,29135.051000000003
48061,30200.046000000006
48062,30790.046000000006
48063,30295.043
48064,31055.042000000005
48065,31245.043
48066,31080.042000000005
48067,32280.041000000005
48068,31300.042
48069,32830.043000000005
48070,32695.042000000005
48071,32535.040000000005
48072,31560.042000000005
48073,31110.044
48074,30570.045000000006
48075,30540.046000000002
48076,31370.046000000006
48077,31790.045000000006
48078,31850.043000000005
48079,31640.041000000005
48080,31935.046000000006
48081,30960.046000000006
48082,30900.048000000006
48083,31670.050000000007
48084,31375.046000000006
48085,31005.047000000006
48086,29840.046000000006
48087,29455.047000000006
48088,30215.046000000006
48089,29600.047000000006
48090,29260.048000000006
48091,31255.044000000005
48092,31255.044000000005
48093,30665.045000000006
48094,31445.045000000006
48095,32200.047000000006
48096,32320.052000000007
48097,33085.05100000001
48098,32720.051000000007
48099,32805.049000000006
48100,32280.047000000006
48101,32085.048000000006
48102,31305.048000000006
48103,30885.049000000006
48104,30915.050000000007
48105,30720.050000000007
48106,30350.051000000007
48107,31165.049000000006
48108,31015.046000000006
48109,31005.048000000006
48110,32195.040000000005
48111,31215.041000000005
48112,31740.043000000005
48113,32450.047000000006
48114,31325.048000000006
48115,30735.050000000007
48116,29960.049000000006
48117,28710.055000000008
48118,29270.055000000008
48119,29050.055000000008
48120,28865.053000000007
48121,30065.053000000007
48122,29865.055000000008
48123,29570.06000000001
48124,30345.06100000001
48125,31385.05900000001
48126,32500.06000000001
48127,32535.05900000001
48128,32550.056000000008
48129,33345.05300000001
48130,32900.054000000004
48131,32895.05600000001
48132,32115.056000000008
48133,31790.053000000007
48134,31430.052000000007
48135,31445.049000000006
48136,30830.053000000007
48137,31405.056000000008
48138,31500.052000000007
48139,31275.053000000007
48140,32310.051000000007
48141,30490.054000000007
48142,31255.058000000008
48143,32830.05500000001
48144,32215.057000000008
48145,31775.058000000005
48146,30630.058000000005
48147,30210.059000000005
48148,29890.057000000004
48149,28715.058000000005
48150,28775.056000000004
48151,30940.052000000003
48152,30775.052000000003
48153,31180.054000000007
48154,31965.054000000007
48155,32375.055000000008
48156,33105.06100000001
48157,32745.06100000001
48158,32210.06300000001
48159,33410.063
48160,32655.063000000006
48161,33220.062000000005
48162,32890.060000000005
48163,32120.058000000008
48164,32415.053000000007
48165,32435.054000000007
48166,31860.052000000007
48167,32845.05
48168,32620.051000000007
48169,32645.051000000007
48170,33095.05
48171,31490.049000000003
48172,31680.050000000007
48173,33565.053
48174,33215.05
48175,32650.051000000007
48176,32265.050000000007
48177,32035.052000000007
48178,31475.052000000007
48179,30270.054000000007
48180,30225.053000000004
48181,31620.052000000003
48182,31025.055000000008
48183,30430.057000000008
48184,30905.055000000008
48185,31355.053000000007
48186,32775.05300000001
48187,32360.053000000007
48188,32030.052000000007
48189,32735.057000000008
48190,33185.05500000001
48191,33215.05600000001
48192,32630.058000000008
48193,31940.056000000008
48194,32285.055000000008
48195,32030.057000000008
48196,31115.056000000008
48197,31505.057000000008
48198,31110.059000000005
48199,31190.058000000008
48200,31420.058000000008
48201,30085.06000000001
48202,30675.059000000005
48203,32435.059000000005
48204,31900.05900000001
48205,31680.059000000005
48206,31130.057000000008
48207,31190.056000000004
48208,31580.056000000004
48209,31195.055000000008
48210,30830.055000000008
48211,31995.056000000004
48212,31985.06000000001
48213,31565.063000000006
48214,31915.06600000001
48215,32285.065000000006
48216,33445.06800000001
48217,33190.07000000001
48218,33290.067
48219,33770.065
48220,33950.06900000001
48221,33810.06900000001
48222,33000.07100000001
48223,32280.069000000007
48224,31860.070000000007
48225,32460.067000000006
48226,31740.065000000006
48227,32620.06200000001
48228,31705.060000000005
48229,32085.057000000008
48230,32125.054000000007
48231,31180.055000000008
48232,31665.051000000007
48233,33245.05200000001
48234,33085.05100000001
48235,33435.045000000006
48236,32235.047000000006
48237,32085.048000000006
48238,32190.051000000007
48239,32395.049000000006
48240,32370.050000000007
48241,33205.04900000001
48242,33265.047000000006
48243,33035.05
48244,34215.048
48245,34020.049000000006
48246,35790.05100000001
48247,35010.05100000001
48248,35205.05100000001
48249,35460.049
48250,35480.046
48251,35515.045000000006
48252,34340.046
48253,33475.045000000006
48254,33480.045000000006
48255,33850.045000000006
48256,33275.04400000001
48257,34835.04400000001
48258,34075.045000000006
48259,34045.047000000006
48260,33700.047000000006
48261,31955.050000000007
48262,32090.054000000007
48263,33650.05500000001
48264,32635.058000000008
48265,32800.05900000001
48266,32105.057000000008
48267,31490.058000000008
48268,31290.05900000001
48269,31460.05900000001
48270,33125.058000000005
48271,33415.06400000001
48272,34195.064000000006
48273,33840.062000000005
48274,35130.063
48275,34885.058
48276,36740.062
48277,35895.060000000005
48278,35980.062000000005
48279,36275.057
48280,35655.059
48281,35290.059
48282,34915.056
48283,34555.055
48284,33285.06000000001
48285,32725.06000000001
48286,31930.058000000008
48287,32945.05500000001
48288,32975.054000000004
48289,32980.05300000001
48290,32695.056000000004
48291,31970.055000000008
48292,31945.055000000008
48293,33790.052
48294,33005.05300000001
48295,33035.052
48296,32640.053000000004
48297,32900.05500000001
48298,33250.054000000004
48299,33280.05300000001
48300,34030.054000000004
48301,34415.05500000001
48302,34805.05500000001
48303,33995.05500000001
48304,34875.054000000004
48305,35120.054000000004
48306,36690.05200000001
48307,35545.05200000001
48308,34905.049000000006
48309,35130.04800000001
48310,35295.049000000006
48311,35210.049000000006
48312,34325.049000000006
48313,33710.05300000001
48314,33565.05300000001
48315,32550.056000000008
48316,31630.055000000008
48317,32155.058000000008
48318,31970.056000000008
48319,31745.056000000008
48320,31355.056000000008
48321,30740.057000000008
48322,30380.056000000008
48323,32110.057000000008
48324,31370.06400000001
48325,31795.06300000001
48326,31795.06300000001
48327,32440.062000000005
48328,32985.065
48329,33355.065
48330,33950.06300000001
48331,34565.06300000001
48332,34975.064000000006
48333,34780.065
48334,35165.066000000006
48335,35172.06700000001
48336,36252.064000000006
48337,35107.066
48338,34662.06700000001
48339,35092.065
48340,35287.065
48341,34862.06800000001
48342,34102.069
48343,33655.071
48344,33430.07200000001
48345,32430.072000000007
48346,31700.072000000004
48347,32320.071000000007
48348,31729.070000000003
48349,32019.067000000006
48350,31657.067000000006
48351,30962.066000000006
48352,30960.066000000006
48353,32525.065000000006
48354,32149.065000000006
48355,32968.064000000006
48356,32733.067000000006
48357,33729.066
48358,34429.06800000001
48359,34039.07000000001
48360,33934.06800000001
48361,34514.069
48362,35084.072
48363,34494.073000000004
48364,35524.07399999999
48365,35699.073
48366,36124.072
48367,35044.068999999996
48368,34364.075000000004
48369,34589.075000000004
48370,34170.079000000005
48371,34570.077000000005
48372,33950.081000000006
48373,33565.081000000006
48374,33605.078
48375,32980.081000000006
48376,33355.082
48377,33509.082
48378,32952.081000000006
48379,33177.08000000001
48380,33830.077000000005
48381,33222.077000000005
48382,32728.080000000005
48383,34402.075000000004
48384,33921.072
48385,33931.07
48386,33896.073
48387,34906.070999999996
48388,34924.074
48389,34327.076
48390,33457.079000000005
48391,33847.079000000005
48392,34427.08
48393,34443.081000000006
48394,35404.082
48395,36191.082
48396,35357.087
48397,34607.091
48398,34617.094000000005
48399,34647.096
48400,34752.099
48401,34687.102999999996
48402,33912.104
48403,32587.106000000007
48404,32782.109000000004
48405,31865.110000000008
48406,32285.111000000008
48407,32302.11200000001
48408,31857.109000000008
48409,31502.109000000008
48410,32376.111000000008
48411,31508.119000000002
48412,31683.124000000007
48413,33016.12700000001
48414,32238.131000000005
48415,31973.13700000001
48416,32523.144000000004
48417,33875.146
48418,34298.145
48419,34733.143
48420,33925.147000000004
48421,35051.149
48422,36152.15
48423,36787.15
48424,37332.149999999994
48425,37657.153999999995
48426,36845.159999999996
48427,36402.164
48428,36337.16299999999
48429,36957.16099999999
48430,35942.164
48431,35804.16299999999
48432,35289.164
48433,34168.163
48434,34744.16499999999
48435,33679.165
48436,33499.173
48437,32984.175
48438,32137.178000000007
48439,31672.181000000004
48440,31880.184
48441,31609.182
48442,31817.181000000004
48443,33277.18200000001
48444,32683.180000000004
48445,33161.181000000004
48446,34371.181
48447,34941.188
48448,35121.192
48449,35102.195
48450,35172.195
48451,36147.198000000004
48452,36297.194
48453,36689.198000000004
48454,37423.201
48455,38127.195
48456,38371.194
48457,37192.199
48458,37391.207
48459,36724.211
48460,36419.214
48461,36152.21000000001
48462,35620.21600000001
48463,35270.217000000004
48464,35103.226
48465,34136.225000000006
48466,33586.224
48467,33586.225000000006
48468,33052.224
48469,32851.225000000006
48470,32929.23000000001
48471,31853.235000000008
48472,32495.235000000008
48473,32988.23300000001
48474,31580.244000000006
48475,32775.24300000001
48476,34291.240999999995
48477,34584.239
48478,35704.234000000004
48479,35748.234000000004
48480,36038.234
48481,37227.237
48482,37511.24
48483,37723.248
48484,38413.244
48485,38757.247
48486,39119.252
48487,38626.252
48488,38767.257999999994
48489,39226.259999999995
48490,39455.259
48491,39041.263
48492,37923.26499999999
48493,37060.261
48494,36943.267
48495,36182.27000000001
48496,35542.272000000004
48497,35712.27600000001
48498,34758.28200000001
48499,34515.28600000001
48500,34630.29100000001
48501,34684.28900000001
48502,34825.29200000001
48503,36431.28100000001
48504,35854.28200000001
48505,37465.280000000006
48506,37571.28400000001
48507,38207.28400000001
48508,38235.28700000001
48509,38678.28700000001
48510,38712.29000000001
48511,40152.29300000001
48512,40365.29600000002
48513,40943.29900000002
48514,41220.303000000014
48515,40860.30900000001
48516,40727.30800000001
48517,39183.315
48518,39104.324
48519,39835.323000000004
48520,39556.32000000001
48521,38808.321
48522,38181.323000000004
48523,37842.32200000001
48524,38520.323000000004
48525,36624.324
48526,36351.331000000006
48527,36820.331
48528,36415.334
48529,35660.33500000001
48530,36220.34200000001
48531,35706.34100000001
48532,36849.34200000002
48533,37865.341000000015
48534,37156.34600000001
48535,37713.35100000001
48536,38002.35700000001
48537,38436.35500000001
48538,38509.35600000001
48539,38568.36500000001
48540,38281.37700000001
48541,40502.37400000001
48542,41195.37900000002
48543,41084.381000000016
48544,40825.39300000001
48545,41765.39100000001
48546,41187.39700000001
48547,40115.40500000001
48548,40327.40300000001
48549,41627.40800000002
48550,41901.407000000014
48551,41353.40900000002
48552,39644.411000000015
48553,38333.42400000001
48554,38779.430000000015
48555,37724.43100000001
48556,36969.42900000001
48557,38483.43700000001
48558,38622.436000000016
48559,38010.43300000002
48560,38096.43400000002
48561,36109.44700000002
48562,37376.455000000016
48563,38696.45600000002
48564,37602.46800000002
48565,37963.47000000002
48566,39119.47300000003
48567,38808.47500000002
48568,38661.474000000024
48569,39256.47000000002
48570,38991.46800000002
48571,41078.47600000002
48572,41495.47100000003
48573,41046.46900000003
48574,42248.46000000003
48575,43438.45400000003
48576,43202.46600000002
48577,42416.47900000003
48578,42239.484000000026
48579,43104.489000000016
48580,44112.495000000024
48581,43500.49700000002
48582,42173.50100000001
48583,41397.502000000015
48584,41544.49600000001
48585,40550.50300000001
48586,40216.50400000001
48587,41280.50600000001
48588,41593.50800000001
48589,40810.50600000001
48590,41353.50300000001
48591,41220.49400000001
48592,41023.49900000001
48593,42504.49500000001
48594,41557.49500000002
48595,41326.502000000015
48596,42601.49700000002
48597,43268.49500000002
48598,43224.506000000016
48599,44231.504000000015
48600,44160.498000000014
48601,45709.496000000014
48602,45576.508000000016
48603,44594.51100000003
48604,46027.51700000003
48605,46407.51300000003
48606,45928.51100000001
48607,45238.517000000014
48608,44396.52400000002
48609,45189.52400000002
48610,45154.527000000024
48611,43973.53100000003
48612,44131.52600000003
48613,43453.53400000003
48614,42749.53600000003
48615,41530.545000000035
48616,40569.54700000003
48617,40786.55000000003
48618,40448.556000000026
48619,39828.55600000002
48620,39279.567000000025
48621,38336.57600000001
48622,38216.57900000001
48623,39553.58000000001
48624,38936.58300000002
48625,39972.585000000014
48626,41237.58400000002
48627,41215.57900000001
48628,40608.59200000002
48629,41211.593000000015
48630,41791.589000000014
48631,42497.597000000016
48632,42102.59800000002
48633,41945.60400000002
48634,43075.60900000002
48635,43646.62200000002
48636,44020.63100000002
48637,43986.62500000001
48638,43937.62600000001
48639,44669.61800000001
48640,45051.614000000016
48641,44479.61500000001
48642,45218.608000000015
48643,44512.61300000002
48644,44926.60200000001
48645,42993.60900000001
48646,41393.612000000016
48647,41381.621000000014
48648,41057.617000000006
48649,39809.62500000001
48650,39881.61700000001
48651,38779.621
48652,39079.625
48653,39294.625
48654,38888.623
48655,39842.617
48656,41180.61000000001
48657,41029.614
48658,41138.617000000006
48659,41586.611000000004
48660,41017.61900000001
48661,41641.62300000001
48662,41313.621
48663,41098.615999999995
48664,41703.62
48665,42818.611
48666,43188.617000000006
48667,42647.621999999996
48668,43131.619
48669,43316.618
48670,42777.619
48671,42634.61000000001
48672,41711.617000000006
48673,41142.606
48674,39867.613
48675,38628.625
48676,37658.626000000004
48677,38268.638
48678,38301.632000000005
48679,37728.625
48680,37606.630000000005
48681,36378.62700000001
48682,37305.632000000005
48683,37706.63000000001
48684,37714.63200000001
48685,38344.62500000001
48686,40081.62700000001
48687,40769.631000000016
48688,41041.623000000014
48689,41634.623000000014
48690,41465.628000000004
48691,42964.62400000001
48692,43045.62800000001
48693,42545.63500000002
48694,43841.63500000002
48695,44206.62800000001
48696,43741.62600000001
48697,42571.624000000025
48698,41517.63400000001
48699,42232.627000000015
48700,42833.62300000001
48701,43122.614000000016
48702,42489.61100000001
48703,42103.60700000002
48704,42057.60600000001
48705,40988.60300000001
48706,39692.616
48707,39965.62500000001
48708,40670.618
48709,39455.628000000004
48710,39157.62900000001
48711,38418.62800000001
48712,39314.627
48713,40185.623
48714,39330.61700000002
48715,40937.61400000002
48716,41529.60900000001
48717,42447.60200000001
48718,43198.597000000016
48719,43547.59500000001
48720,43210.60100000001
48721,43214.60500000001
48722,43140.59900000001
48723,42492.608000000015
48724,43054.61300000001
48725,42783.619000000006
48726,42240.62
48727,40985.626000000004
48728,40219.62200000001
48729,40890.61900000001
48730,41202.614000000016
48731,40639.61500000001
48732,40390.60200000001
48733,40037.59400000001
48734,39458.58400000002
48735,38204.578000000016
48736,37314.589000000014
48737,37186.59400000001
48738,37112.58600000001
48739,36764.57900000001
48740,36981.576000000015
48741,36736.572000000015
48742,36959.570000000014
48743,37180.58200000001
48744,36235.58100000001
48745,37360.581000000006
48746,38540.579000000005
48747,38427.571
48748,38483.56900000001
48749,37954.566000000006
48750,37628.57100000001
48751,37962.57200000001
48752,38113.57000000001
48753,37387.56900000002
48754,38658.568000000014
48755,38514.56200000002
48756,38645.56100000001
48757,38335.55800000001
48758,37572.54900000001
48759,38276.557000000015
48760,38252.553000000014
48761,37321.559000000016
48762,36717.55700000001
48763,37118.552
48764,35947.551000000014
48765,34562.55700000001
48766,32368.559000000023
48767,32917.559000000016
48768,33102.561000000016
48769,32786.56000000002
48770,32882.55400000002
48771,33729.54900000002
48772,34232.55600000002
48773,34165.55300000001
48774,33742.54700000002
48775,34388.55300000001
48776,36604.547000000006
48777,36576.53400000001
48778,36455.529
48779,35855.529
48780,35555.53600000001
48781,35520.531
48782,34876.536
48783,34655.54100000001
48784,35800.53300000001
48785,35097.53300000001
48786,33706.53800000001
48787,33657.53600000001
48788,32440.529000000017
48789,33525.51600000002
48790,33452.51700000001
48791,32130.526000000016
48792,31161.527000000013
48793,31226.53100000001
48794,30621.527000000013
48795,29537.53100000001
48796,28215.537000000015
48797,28339.526000000013
48798,28649.529000000013
48799,28581.523000000012
48800,28696.52200000001
48801,28889.518000000015
48802,29921.513000000014
48803,30075.509000000013
48804,30029.505000000016
48805,30176.510000000013
48806,31399.512000000013
48807,30947.515000000014
48808,30892.517000000014
48809,31127.51200000001
48810,32129.511000000013
48811,32121.517000000014
48812,31535.514000000014
48813,31386.50800000001
48814,31998.506000000016
48815,31778.506000000016
48816,31970.50400000002
48817,33243.491000000016
48818,32491.490000000016
48819,33094.48800000001
48820,32079.486000000015
48821,31318.478000000017
48822,30144.483000000015
48823,30162.495000000017
48824,29391.50200000001
48825,29231.505000000016
48826,28216.506000000012
48827,27312.504000000008
48828,26550.51400000001
48829,26561.50200000001
48830,26278.505000000012
48831,25845.51800000001
48832,26731.514000000014
48833,26061.521000000015
48834,26951.516000000014
48835,26815.511000000017
48836,27719.505000000016
48837,27338.493000000013
48838,27738.488000000012
48839,27724.491000000013
48840,28032.488000000012
48841,28996.488000000012
48842,28567.48600000001
48843,28702.470000000012
48844,28374.47100000001
48845,28523.468000000008
48846,28145.464000000007
48847,29121.465000000007
48848,28836.467000000008
48849,28992.47200000001
48850,28996.466000000008
48851,28240.461000000007
48852,27862.45200000001
48853,27627.455000000013
48854,26949.46200000001
48855,26170.45600000001
48856,25855.44700000001
48857,25441.45700000001
48858,25031.454000000012
48859,24556.44900000001
48860,23512.44200000001
48861,22767.44600000001
48862,22972.44400000001
48863,23137.451000000012
48864,23664.45300000001
48865,24193.45300000001
48866,24978.453000000012
48867,23792.448000000008
48868,24823.436000000005
48869,23726.44200000001
48870,24559.44500000001
48871,24961.45300000001
48872,24624.45200000001
48873,24562.443000000007
48874,24682.446000000007
48875,24567.450000000008
48876,24164.451000000005
48877,24743.443000000003
48878,24921.431000000004
48879,25481.428
48880,26321.423000000003
48881,26294.418000000005
48882,25827.418000000005
48883,26164.412000000004
48884,25043.416000000005
48885,24798.410000000003
48886,23709.416
48887,23575.417
48888,22747.417
48889,22186.410000000003
48890,20946.413
48891,20705.407
48892,21183.409
48893,21059.413
48894,20693.413
48895,21079.409
48896,21733.406
48897,20812.406
48898,21990.41
48899,21356.418
48900,21124.408
48901,21368.406
48902,21383.408
48903,20378.403
48904,20908.404000000002
48905,21408.405
48906,20982.404000000002
48907,21184.406
48908,20037.402
48909,20369.403000000002
48910,20881.411
48911,19437.412
48912,18818.409000000003
48913,19135.408000000003
48914,18227.409000000003
48915,17598.409000000003
48916,17767.407000000003
48917,17701.403000000002
48918,18138.398000000005
48919,18293.393000000004
48920,18049.390000000003
48921,17564.390000000003
48922,17901.390000000003
48923,19140.38
48924,18572.373
48925,19913.365999999998
48926,20434.357
48927,19955.356
48928,20897.353
48929,20910.345999999994
48930,21724.342999999997
48931,22488.343999999994
48932,20814.342999999997
48933,19592.340999999997
48934,18989.342999999997
48935,18121.343999999997
48936,17300.34
48937,17416.343000000004
48938,16792.344
48939,15514.349999999999
48940,14937.35
48941,14416.356
48942,14488.363000000001
48943,13625.373000000003
48944,14516.382000000005
48945,12891.389000000006
48946,14887.380000000008
48947,14402.38800000001
48948,14563.387000000012
48949,15783.392000000013
48950,15530.406000000014
48951,13623.42200000001
48952,13022.431000000013
48953,13815.440000000015
48954,10920.466000000015
48955,10760.474000000018
48956,7297.504000000016
48957,5041.5320000000165
48958,2266.5639999999976
48959,334.60900000000044
48960,2673.4329999999964
48961,4453.415000000015
48962,5818.404000000017
48963,6558.393000000017
48964,7803.3880000000145
48965,9327.373000000021
48966,10842.367000000018
48967,11434.359000000019
48968,12549.355000000016
48969,13659.347000000014
48970,15905.348000000015
48971,15365.347000000012
48972,14517.344000000012
48973,14292.341000000011
48974,13992.33600000001
48975,13877.330000000009
48976,12975.325000000006
48977,13653.324000000006
48978,13308.325000000004
48979,12789.322000000006
48980,10052.325000000003
48981,11578.322000000004
48982,12726.323
48983,13951.315000000002
48984,15141.312000000004
48985,15946.301000000001
48986,16263.295000000002
48987,16888.291
48988,17898.286999999997
48989,18999.279
48990,19944.282999999996
48991,20104.285999999996
48992,20234.289999999997
48993,19437.297
48994,19267.3
48995,19613.305
48996,20383.306
48997,20033.308
48998,20430.306
48999,20565.303
49000,20970.301
49001,20775.303
49002,19083.306
49003,19191.306
49004,18806.304
49005,18741.299
49006,18234.287
49007,18104.296000000002
49008,17696.293000000005
49009,17016.285
49010,16721.276
49011,15766.272
49012,16199.264000000001
49013,14488.268000000004
49014,14291.265000000003
49015,13929.262000000004
49016,13799.251000000002
49017,13047.244
49018,13542.245000000003
49019,14162.247000000003
49020,13927.247000000003
49021,15047.244000000004
49022,16097.242000000004
49023,16467.235000000004
49024,15617.240000000005
49025,17047.239000000005
49026,17662.233000000004
49027,16617.238000000005
49028,17052.232000000007
49029,17662.230000000007
49030,17652.227000000006
49031,18022.222000000005
49032,16672.217000000008
49033,17247.213000000007
49034,18037.209000000003
49035,16087.208000000004
49036,16702.206000000002
49037,17839.204000000005
49038,18829.196000000007
49039,18694.193000000007
49040,18871.189000000006
49041,18691.183000000005
49042,18896.182000000004
49043,17351.182
49044,16183.189000000002
49045,16391.188000000002
49046,15211.188000000002
49047,14456.184000000003
49048,14646.186000000003
49049,13846.191000000004
49050,14251.189000000004
49051,14451.189000000004
49052,15426.188000000004
49053,17204.187
49054,17214.184
49055,18589.185000000005
49056,18394.186000000005
49057,18336.189000000002
49058,17756.188000000002
49059,18721.194000000003
49060,17731.196000000004
49061,18311.197000000004
49062,17569.194000000003
49063,17571.193000000003
49064,17404.194000000003
49065,16427.198000000004
49066,17179.199000000004
49067,17969.197000000004
49068,17154.202000000005
49069,18084.205000000005
49070,18617.207000000006
49071,18217.209000000006
49072,17992.212000000007
49073,16837.209000000003
49074,16027.212000000003
49075,15852.210000000003
49076,15672.208000000002
49077,15877.206000000002
49078,16024.212000000003
49079,15087.206000000002
49080,15514.201000000005
49081,15924.198000000004
49082,16884.2
49083,17867.200000000004
49084,17877.197000000004
49085,18252.200000000004
49086,17837.203000000005
49087,17627.203000000005
49088,17452.204
49089,17857.204000000005
49090,17527.198000000004
49091,18107.199000000004
49092,18142.195000000003
49093,18732.196000000004
49094,18699.199000000004
49095,19099.197000000004
49096,19683.196000000004
49097,18934.194000000003
49098,18939.191000000003
49099,19889.193000000003
49100,20122.187
49101,20087.192000000003
49102,19697.191000000003
49103,17749.191000000003
49104,18306.194000000003
49105,17121.197000000004
49106,17516.196000000004
49107,17508.196000000004
49108,17721.194000000003
49109,16941.194000000003
49110,17691.196000000004
49111,17532.193000000003
49112,17677.2
49113,18667.197000000004
49114,17302.197
49115,18467.198000000004
49116,17464.201
49117,17082.2
49118,17082.201000000005
49119,18447.199000000004
49120,18437.199000000004
49121,18837.197000000004
49122,19274.194000000003
49123,19684.194000000003
49124,19882.195000000003
49125,19492.197000000004
49126,20482.193000000003
49127,19679.196000000004
49128,20461.194000000003
49129,21241.194000000003
49130,20726.187
49131,20534.186
49132,20567.184
49133,19394.184
49134,19969.185
49135,19757.187
49136,19757.187
49137,20142.187
49138,20162.185
49139,19357.186
49140,19149.185
49141,19734.186
49142,20937.184
49143,21317.188000000002
49144,20147.190000000002
49145,20737.189000000002
49146,20169.189000000002
49147,19171.192000000003
49148,18973.195000000003
49149,19559.197000000004
49150,19741.198000000004
49151,20546.195000000003
49152,20356.193000000003
49153,20191.188000000002
49154,20376.188000000002
49155,20019.184
49156,20022.185
49157,19632.185
49158,19847.183
49159,21217.182
49160,21017.183
49161,20554.188000000002
49162,20944.184
49163,19954.184000000005
49164,19739.183000000005
49165,19899.184
49166,19924.181000000004
49167,19364.177000000003
49168,19787.175000000003
49169,18607.169
49170,18407.171000000002
49171,18982.173000000003
49172,19942.175000000003
49173,21512.174000000003
49174,20737.172000000002
49175,22302.171000000002
49176,21919.169
49177,21374.167
49178,20979.167
49179,21141.171000000002
49180,21739.168000000005
49181,22124.168000000005
49182,22332.170000000006
49183,21724.174000000006
49184,22124.174000000006
49185,21552.170000000006
49186,21489.173000000003
49187,21294.176000000003
49188,21699.173000000003
49189,23122.165
49190,21737.166
49191,21712.165
49192,21537.169
49193,20582.166000000005
49194,20412.161000000004
49195,19797.163000000004
49196,19557.167000000005
49197,19314.172000000006
49198,19344.172000000002
49199,18812.169
49200,18799.173000000003
49201,19511.179000000004
49202,20676.178000000004
49203,21051.183000000005
49204,21596.187000000005
49205,22603.183000000005
49206,23413.182000000004
49207,22852.181000000004
49208,23021.183000000005
49209,23224.184000000005
49210,23814.181000000004
49211,23647.179000000004
49212,23667.181000000004
49213,23061.181000000004
49214,22904.183000000005
49215,23299.185000000005
49216,22715.185
49217,22897.187
49218,23277.190000000002
49219,24657.187000000005
49220,24269.191000000003
49221,23734.191000000003
49222,23959.187000000005
49223,22852.188000000006
49224,22848.187000000005
49225,23337.178000000004
49226,22941.182000000004
49227,23336.184000000005
49228,23549.184000000005
49229,22203.187000000005
49230,21423.185000000005
49231,22501.180000000004
49232,23521.176000000003
49233,23896.182000000004
49234,24107.183000000005
49235,24471.189000000006
49236,24856.187000000005
49237,23732.187000000005
49238,23546.194000000007
49239,24157.191000000006
49240,24501.196000000007
49241,24727.191000000006
49242,24937.192000000006
49243,24557.196000000007
49244,24203.192000000006
49245,25032.189000000006
49246,25164.196000000007
49247,25796.194000000007
49248,26415.191000000006
49249,26837.192000000006
49250,26683.193000000007
49251,26497.191000000006
49252,26693.192000000006
49253,25881.189000000006
49254,26067.189000000006
49255,26091.187000000005
49256,25366.183000000005
49257,25185.185000000005
49258,25555.187000000005
49259,25205.183000000005
49260,24225.186000000005
49261,25030.185000000005
49262,25031.190000000002
49263,24885.189000000002
49264,24900.185
49265,25238.193000000003
49266,25233.193
49267,24840.193
49268,25275.192000000003
49269,25913.188000000002
49270,25847.191000000003
49271,25806.195000000003
49272,26803.193000000003
49273,26582.193000000003
49274,26968.182
49275,27991.178999999996
49276,28223.178
49277,28947.177999999996
49278,29484.184999999998
49279,29730.184999999998
49280,28965.182
49281,28630.192
49282,29114.186
49283,28322.185
49284,27916.185999999998
49285,27726.186999999998
49286,27482.188000000002
49287,27648.188
49288,27856.185999999998
49289,27465.191
49290,26099.195
49291,26120.195
49292,25764.192
49293,25378.194
49294,24820.195
49295,25236.191
49296,24618.197
49297,24535.192
49298,24344.194
49299,25275.198
49300,25692.201
49301,24387.203
49302,24371.205000000005
49303,24987.201000000005
49304,25104.206000000006
49305,26681.204000000005
49306,27571.202000000005
49307,27825.201
49308,28429.197
49309,28659.195000000003
49310,28480.194000000003
49311,28910.191000000003
49312,29280.190000000002
49313,29298.188000000002
49314,28209.199
49315,28644.194
49316,28440.197
49317,28685.195
49318,29218.198000000004
49319,29214.199
49320,27944.198
49321,27716.204
49322,27767.201
49323,27614.198
49324,26819.198
49325,26896.193
49326,26515.194
49327,26775.189000000002
49328,25452.187
49329,26929.18
49330,27067.190000000002
49331,27194.184
49332,27057.189000000002
49333,27292.190000000002
49334,27113.194
49335,27998.194
49336,28497.204
49337,27877.211
49338,28249.214
49339,29106.219
49340,29077.222
49341,29507.223
49342,29937.22
49343,29947.218
49344,29797.216
49345,29832.22
49346,29047.218
49347,28695.225000000002
49348,29734.22
49349,29528.223
49350,28755.227000000003
49351,28551.232000000004
49352,28750.235000000004
49353,28742.241
49354,28080.246000000003
49355,28079.253000000004
49356,27912.253000000004
49357,28830.261000000002
49358,27693.260000000002
49359,28322.258
49360,28390.264000000003
49361,28412.264000000003
49362,28277.254000000004
49363,28687.255000000005
49364,29081.266000000003
49365,29683.268000000004
49366,30038.269000000004
49367,30103.262000000002
49368,30225.260000000002
49369,30271.269000000004
49370,29460.279000000006
49371,29206.282000000003
49372,29873.277000000006
49373,29834.277
49374,29183.279
49375,29582.277000000002
49376,29120.273000000005
49377,28700.271
49378,29176.268
49379,29150.264
49380,28491.269
49381,29168.272
49382,29079.278000000002
49383,29752.271
49384,29181.266
49385,29184.27
49386,29290.274
49387,30084.272
49388,29275.272
49389,29459.276
49390,29598.276
49391,29234.269000000004
49392,29016.261000000002
49393,28869.266000000003
49394,28596.260000000002
49395,29699.250000000004
49396,29937.244000000002
49397,30112.243000000002
49398,30287.242000000002
49399,30082.243000000002
49400,29897.241
49401,29915.232000000004
49402,30461.227000000003
49403,29648.225000000002
49404,29361.221
49405,29101.228000000003
49406,28898.221
49407,28142.213
49408,28680.204
49409,28580.203
49410,28451.194
49411,29226.191000000003
49412,29133.192000000003
49413,29932.185
49414,30134.185
49415,29307.189000000002
49416,29499.185
49417,31282.183
49418,30241.185
49419,30554.183
49420,30884.178000000004
49421,30880.173000000003
49422,30313.168
49423,32008.166
49424,31364.164
49425,31506.166
49426,32023.155000000002
49427,31022.158000000003
49428,30162.15
49429,29774.140000000003
49430,29833.134000000002
49431,29017.129
49432,29263.126000000004
49433,28678.125000000004
49434,29200.122000000003
49435,29639.119000000002
49436,30410.119000000002
49437,29024.122000000003
49438,29519.121000000003
49439,29910.121000000003
49440,30084.122000000003
49441,31310.115
49442,30808.116
49443,31182.114
49444,31543.116
49445,30936.117000000002
49446,31085.118000000002
49447,32944.113
49448,31890.110000000004
49449,32768.10400000001
49450,32157.104000000003
49451,31990.100000000002
49452,31786.099
49453,31606.100000000002
49454,30919.095000000005
49455,31465.095000000005
49456,30878.096
49457,30770.087000000003
49458,30955.088000000003
49459,30219.081000000002
49460,30378.086000000003
49461,30048.085000000003
49462,30458.085000000003
49463,29812.079
49464,29763.077000000005
49465,29978.078000000005
49466,30810.075000000004
49467,30055.075000000004
49468,31030.075000000004
49469,31877.069000000007
49470,31456.070000000007
49471,32469.066000000006
49472,32062.069000000007
49473,31859.072000000007
49474,32381.074000000004
49475,31771.073000000008
49476,31560.072000000007
49477,33149.065
49478,31983.068000000003
49479,31734.071000000007
49480,31294.068000000003
49481,31682.068000000003
49482,30302.071000000004
49483,30720.069000000003
49484,29909.072000000004
49485,30663.072000000004
49486,29285.071000000007
49487,28920.070000000003
49488,29095.069000000003
49489,28633.072000000004
49490,29160.072000000004
49491,28188.071000000004
49492,28695.069000000003
49493,28805.067000000003
49494,28190.068000000007
49495,29035.063000000006
49496,29870.05900000001
49497,28895.06000000001
49498,30230.061000000005
49499,30600.05900000001
49500,30035.05900000001
49501,30225.060000000005
49502,30190.062000000005
49503,30030.060000000005
49504,30610.062000000005
49505,30595.060000000005
49506,31375.061000000005
49507,33140.05900000001
49508,31355.060000000005
49509,32185.056000000004
49510,31345.058000000005
49511,31330.062000000005
49512,30770.062000000005
49513,30825.061000000005
49514,30635.060000000005
49515,30435.061000000005
49516,29455.062000000005
49517,29475.058000000005
49518,29895.060000000005
49519,29745.061000000005
49520,29315.064000000006
49521,28465.069000000007
49522,29855.064000000006
49523,29710.064000000006
49524,29825.065000000006
49525,29845.066000000006
49526,30530.061000000005
49527,30115.061000000005
49528,30925.060000000005
49529,31380.058000000005
49530,31125.060000000005
49531,31715.059000000005
49532,32565.055000000004
49533,31815.054000000004
49534,31835.055000000004
49535,32310.057000000004
49536,32755.056000000004
49537,34150.05500000001
49538,32815.054000000004
49539,32410.058000000005
49540,32410.058000000005
49541,32700.054000000004
49542,31715.057000000004
49543,32185.057000000004
49544,31635.055000000004
49545,31080.054000000004
49546,30500.053000000004
49547,29450.060000000005
49548,29840.060000000005
49549,29450.061000000005
49550,29540.064000000006
49551,28945.066000000006
49552,29140.067000000006
49553,29795.063000000006
49554,30605.063000000006
49555,30175.067000000006
49556,30630.064000000006
49557,30055.062000000005
49558,30950.060000000005
49559,31420.059000000005
49560,30910.054000000004
49561,31500.053000000004
49562,31295.055000000004
49563,30450.058000000005
49564,30270.061000000005
49565,31610.061000000005
49566,31690.062000000005
49567,33640.063
49568,32895.061
49569,32480.062000000005
49570,33095.061
49571,32875.061
49572,32880.061
49573,33140.058000000005
49574,32555.058000000005
49575,31375.060000000005
49576,31215.058000000005
49577,30155.061
49578,29990.060000000005
49579,30165.060000000005
49580,29775.061000000005
49581,29265.061000000005
49582,29845.064000000002
49583,30820.064000000002
49584,31450.061000000005
49585,31080.062000000005
49586,30855.063000000006
49587,30040.065000000006
49588,30635.063000000006
49589,31645.061000000005
49590,30950.059000000005
49591,31295.060000000005
49592,30705.061000000005
49593,30580.057000000004
49594,31330.058000000005
49595,32730.056000000004
49596,33845.057
49597,35205.059
49598,35460.058
49599,35070.05900000001
49600,35960.066
49601,35955.068
49602,35365.068999999996
49603,34615.06800000001
49604,33800.071
49605,33315.067
49606,33135.065
49607,32180.066000000006
49608,32420.062000000005
49609,31580.064000000006
49610,30640.062000000005
49611,29665.062000000005
49612,30115.060000000005
49613,31310.056000000004
49614,31300.059000000005
49615,31685.060000000005
49616,31285.062000000005
49617,30860.065000000006
49618,31075.061000000005
49619,31755.057000000004
49620,30810.056000000004
49621,31030.056000000004
49622,31200.056000000004
49623,31325.053000000007
49624,31515.055000000008
49625,31740.054000000004
49626,31950.056000000008
49627,33060.059
49628,33115.058000000005
49629,33700.058000000005
49630,35255.060000000005
49631,36065.059
49632,36075.057
49633,34575.064000000006
49634,34185.064000000006
49635,33090.064000000006
49636,32100.067000000006
49637,31290.068000000007
49638,31580.065000000006
49639,30775.066000000006
49640,29615.069000000007
49641,28905.066000000006
49642,29920.063000000006
49643,30985.06000000001
49644,31525.060000000005
49645,32795.05500000001
49646,32625.055000000008
49647,31470.057000000008
49648,31405.060000000005
49649,31430.06100000001
49650,30365.065000000006
49651,30795.062000000005
49652,30365.066000000006
49653,30990.064000000006
49654,31665.061000000005
49655,31460.06300000001
49656,31600.069000000007
49657,33225.066000000006
49658,32075.068000000007
49659,33685.06300000001
49660,34830.062
49661,36010.06
49662,34915.064
49663,34130.064999999995
49664,33550.064
49665,32715.06000000001
49666,32125.06100000001
49667,31915.05900000001
49668,32135.05900000001
49669,30980.057000000008
49670,30580.06000000001
49671,29630.06000000001
49672,30575.06300000001
49673,30170.06100000001
49674,30985.06000000001
49675,32675.063000000006
49676,32380.068000000007
49677,31410.069000000007
49678,32355.066000000006
49679,31925.070000000007
49680,32480.067000000006
49681,32650.067000000006
49682,32810.06900000001
49683,33170.07000000001
49684,33260.06800000001
49685,32955.066000000006
49686,33415.062000000005
49687,33980.06800000001
49688,33840.06700000001
49689,34875.065
49690,35640.063
49691,36155.062000000005
49692,35225.063
49693,35245.061
49694,34465.061
49695,32970.062000000005
49696,32945.062000000005
49697,32440.06200000001
49698,32675.06100000001
49699,32255.06300000001
49700,31505.06200000001
49701,30730.06100000001
49702,31115.06300000001
49703,31160.06000000001
49704,31380.06000000001
49705,32715.06100000001
49706,33100.058000000005
49707,31605.055000000008
49708,32235.057000000008
49709,32040.057000000008
49710,31440.06000000001
49711,30985.06300000001
49712,31995.057000000008
49713,31905.056000000008
49714,32680.057000000008
49715,32490.055000000008
49716,33045.05600000001
49717,34160.05700000001
49718,34160.05700000001
49719,34290.060000000005
49720,35040.061
49721,35705.06
49722,35200.058
49723,35165.06
49724,35190.06
49725,34405.060999999994
49726,33645.062000000005
49727,34335.056
49728,34465.059
49729,34085.057
49730,33190.055
49731,31590.058000000008
49732,32735.058000000008
49733,32140.06000000001
49734,30940.06100000001
49735,32230.05700000001
49736,32635.05400000001
49737,31650.056000000008
49738,31475.057000000008
49739,30820.061000000005
49740,29835.063000000013
49741,29840.06200000001
49742,29505.06100000001
49743,29860.06300000001
49744,30790.06200000001
49745,30165.065000000006
49746,31305.066000000006
49747,31920.06500000001
49748,31725.06500000001
49749,32570.06200000001
49750,33770.061
49751,35100.058
49752,34670.058000000005
49753,34220.06100000001
49754,34800.06300000001
49755,34040.064000000006
49756,33015.06500000001
49757,32791.06500000001
49758,32541.06900000001
49759,32376.06900000001
49760,32215.068000000007
49761,31565.070000000007
49762,32565.070000000007
49763,32570.069000000007
49764,31340.072000000007
49765,31950.072000000007
49766,32350.070000000007
49767,31440.067000000006
49768,31585.072000000007
49769,32035.071000000007
49770,31501.069000000007
49771,31086.071000000007
49772,31891.071000000007
49773,31916.072000000007
49774,32691.073000000008
49775,32372.073000000008
49776,33322.07400000001
49777,34497.073000000004
49778,34232.07400000001
49779,34017.07800000001
49780,34987.081000000006
49781,36188.07800000001
49782,35388.07700000001
49783,34923.07800000001
49784,35313.079000000005
49785,35173.079000000005
49786,34008.08000000001
49787,33523.08500000001
49788,33193.08300000001
49789,31808.08800000001
49790,31028.08800000001
49791,30843.087000000007
49792,31848.087000000007
49793,32628.087000000007
49794,31283.088000000007
49795,32252.086000000007
49796,32212.089000000007
49797,31640.088000000007
49798,32025.090000000007
49799,32000.090000000007
49800,31906.085000000006
49801,30851.086000000007
49802,31104.083000000006
49803,31134.083000000006
49804,31949.081000000006
49805,31724.082000000006
49806,32745.082000000006
49807,33741.083000000006
49808,33806.084
49809,34379.08700000001
49810,36167.087
49811,37902.088
49812,37758.086
49813,37160.090000000004
49814,37155.091
49815,36580.089
49816,35610.088
49817,35292.084
49818,34163.084
49819,33548.08500000001
49820,33073.08700000001
49821,32234.092000000008
49822,32959.09300000001
49823,32658.09700000001
49824,32013.10000000001
49825,33074.09700000001
49826,32927.09900000001
49827,32632.09600000001
49828,33293.09500000001
49829,33488.09500000001
49830,31726.09700000001
49831,30531.09700000001
49832,30586.09600000001
49833,30585.10100000001
49834,32025.09700000001
49835,31909.107000000007
49836,32255.11200000001
49837,32829.11200000001
49838,32964.118
49839,32759.120000000006
49840,35332.118
49841,37139.117000000006
49842,36196.119000000006
49843,35840.12100000001
49844,36630.12100000001
49845,35590.126000000004
49846,34946.12800000001
49847,34277.126000000004
49848,33346.126000000004
49849,32071.13600000001
49850,31726.135000000006
49851,31591.137000000006
49852,32164.14000000001
49853,31779.141000000007
49854,30538.13800000001
49855,30981.139000000006
49856,32240.13700000001
49857,32170.145000000008
49858,33122.149000000005
49859,33562.15
49860,32787.15000000001
49861,31617.15000000001
49862,31929.14800000001
49863,32582.147000000008
49864,33063.151000000005
49865,32950.153000000006
49866,33165.153000000006
49867,33600.15200000001
49868,34410.151000000005
49869,34961.154
49870,35957.158
49871,36756.161
49872,36566.161
49873,36647.164000000004
49874,37425.168
49875,36826.174
49876,36294.181
49877,35640.186
49878,34723.18500000001
49879,34606.18500000001
49880,34419.18600000001
49881,34253.19000000001
49882,34486.19
49883,34206.19700000001
49884,32621.198000000004
49885,33561.200000000004
49886,33179.20000000001
49887,33520.20100000001
49888,33992.203
49889,33477.205
49890,32422.211000000007
49891,31008.215000000007
49892,32418.217000000008
49893,32968.223000000005
49894,34081.223
49895,34034.224
49896,33827.224
49897,33953.224
49898,35546.221
49899,35948.223000000005
49900,37146.225
49901,38393.226
49902,38123.238000000005
49903,37709.235
49904,37888.231
49905,37612.23
49906,38130.23
49907,37158.231
49908,35672.231
49909,36092.232
49910,35932.237
49911,36433.235
49912,35441.242000000006
49913,35680.242000000006
49914,35504.242000000006
49915,36563.244000000006
49916,35920.248
49917,35348.256
49918,35511.256
49919,35591.25200000001
49920,34416.256
49921,33292.259000000005
49922,34913.262
49923,35945.261000000006
49924,37195.264
49925,37755.267
49926,37866.266
49927,38753.264
49928,39297.26800000001
49929,38881.266
49930,38998.272000000004
49931,39389.28500000001
49932,39545.29200000001
49933,37896.298
49934,36702.30100000001
49935,35407.30000000001
49936,35338.30200000001
49937,35077.306000000004
49938,34079.30500000001
49939,34339.30900000001
49940,34355.306000000004
49941,34507.310000000005
49942,34678.311
49943,34835.311
49944,34344.316000000006
49945,36202.31700000001
49946,36568.319
49947,36195.31500000001
49948,36888.30900000001
49949,36668.31300000001
49950,34785.32400000001
49951,33890.335000000014
49952,34314.33400000001
49953,35601.33200000001
49954,36363.32700000001
49955,36965.32900000001
49956,36781.324000000015
49957,36986.32500000002
49958,37492.32900000001
49959,37966.33100000001
49960,39029.33800000001
49961,39661.34000000002
49962,40607.347000000016
49963,40483.34000000002
49964,39805.34400000001
49965,38575.35000000001
49966,38496.35200000001
49967,38487.35200000001
49968,37905.35200000001
49969,37982.36100000001
49970,38189.358000000015
49971,38879.34900000001
49972,38349.35000000001
49973,37679.35100000002
49974,38061.35000000002
49975,40350.34600000002
49976,39997.35200000002
49977,38617.362000000016
49978,39061.35800000002
49979,37899.36200000002
49980,37298.370000000024
49981,37060.38000000002
49982,37439.38200000002
49983,37908.38300000002
49984,38665.38100000002
49985,39709.37700000002
49986,39879.37900000002
49987,39584.38100000002
49988,40749.39000000002
49989,41454.39700000002
49990,42526.40700000002
49991,42054.41400000002
49992,43368.41700000001
49993,43111.42400000001
49994,41984.42500000002
49995,39939.436000000016
49996,40694.436000000016
49997,41181.44400000002
49998,40024.44500000002
49999,40236.45300000002
50000,39203.45200000003
50001,39483.45400000003
50002,38860.45400000003
50003,38749.460000000014
50004,38473.474000000024
50005,39752.472000000016
50006,38532.479000000014
50007,37767.47700000001
50008,37837.48400000002
50009,37132.481000000014
50010,36496.481000000014
50011,36874.48600000001
50012,38353.487000000016
50013,38253.49300000001
50014,39972.49200000001
50015,39605.502000000015
50016,39897.49500000001
50017,39826.49600000001
50018,40566.49600000001
50019,41204.49100000001
50020,42852.503000000004
50021,42790.50400000001
50022,43193.505000000005
50023,43934.508000000016
50024,43011.502000000015
50025,41837.50900000001
50026,42603.51200000002
50027,42445.51400000002
50028,41728.515000000014
50029,42369.51600000001
50030,41024.515000000014
50031,40735.517000000014
50032,40013.52000000002
50033,39536.52700000002
50034,38587.52500000003
50035,39853.535000000025
50036,38939.53600000003
50037,38169.53900000001
50038,39004.54300000002
50039,38692.53800000002
50040,37846.542000000016
50041,38499.54500000002
50042,40091.544000000016
50043,40009.540000000015
50044,41976.544000000016
50045,42399.544000000016
50046,42857.54400000002
50047,42426.54200000002
50048,42213.54900000002
50049,42698.557000000015
50050,44772.55700000003
50051,44435.56000000002
50052,44674.56000000003
50053,44638.55700000004
50054,43830.55800000003
50055,42854.554000000026
50056,43877.55600000003
50057,44570.56000000002
50058,43474.56400000002
50059,43738.56800000002
50060,42701.565000000024
50061,42259.57500000001
50062,41779.57500000002
50063,41488.57200000003
50064,41051.57700000002
50065,42037.586000000025
50066,41177.59000000002
50067,41033.589000000014
50068,42414.59000000002
50069,42203.60500000002
50070,42016.608000000015
50071,42690.61100000002
50072,43555.60200000003
50073,43849.60400000002
50074,45099.60300000002
50075,44772.60200000001
50076,44083.601000000024
50077,43511.596000000034
50078,43915.594000000034
50079,44543.58900000002
50080,46771.58100000003
50081,45611.58500000003
50082,45323.577000000034
50083,44979.589000000036
50084,43389.58800000003
50085,42043.594000000034
50086,43074.60100000003
50087,43177.60700000003
50088,41524.60200000003
50089,42246.59700000002
50090,40695.60400000003
50091,41022.609000000026
50092,41336.60000000003
50093,40068.60200000002
50094,39742.609000000026
50095,40726.60800000003
50096,40327.60800000002
50097,40761.603000000025
50098,42289.60000000002
50099,42033.60700000002
50100,41077.61700000002
50101,41925.62800000002
50102,42907.62800000001
50103,44122.63400000003
50104,45008.62900000002
50105,45413.620000000024
50106,45145.62100000003
50107,44002.624000000025
50108,43781.63700000002
50109,42963.644000000015
50110,44193.63800000001
50111,42294.633000000016
50112,41267.64200000001
50113,40408.643000000004
50114,39598.64700000001
50115,37987.64600000003
50116,38920.639000000025
50117,38535.64200000002
50118,37539.63200000002
50119,38976.62900000002
50120,37859.637000000024
50121,38883.631000000016
50122,39441.639000000025
50123,38316.63800000001
50124,38881.64300000002
50125,39527.63600000002
50126,38817.63400000002
50127,39413.63200000001
50128,41356.63500000002
50129,40412.64300000002
50130,40440.63800000001
50131,41385.64100000001
50132,42501.62900000002
50133,43116.625000000015
50134,43600.61300000003
50135,43885.61000000002
50136,44192.61200000002
50137,43831.60700000002
50138,43380.616000000016
50139,42166.624000000025
50140,43676.620000000024
50141,42281.61500000003
50142,42619.60600000002
50143,42423.609000000026
50144,41989.60800000002
50145,41220.60500000002
50146,41356.597000000016
50147,41344.59800000001
50148,40229.604000000014
50149,40676.60900000001
50150,40133.617000000006
50151,40306.61800000001
50152,40445.60900000001
50153,40190.60500000001
50154,40042.606000000014
50155,40788.60700000001
50156,39998.609000000026
50157,39118.61500000002
50158,41127.63200000002
50159,40469.63000000002
50160,39625.63600000002
50161,40418.63300000002
50162,40196.63800000002
50163,40352.636000000006
50164,40207.63000000001
50165,40256.62300000001
50166,40370.62000000002
50167,40279.610000000015
50168,39695.61600000002
50169,39665.614000000016
50170,40432.612000000016
50171,39480.593000000015
50172,39451.59500000002
50173,38777.59300000003
50174,38291.59600000003
50175,37158.59700000002
50176,36342.603000000025
50177,37532.59100000002
50178,35906.59100000002
50179,36493.586000000025
50180,36725.57200000003
50181,38250.57300000002
50182,38115.58100000001
50183,37319.57100000001
50184,37881.58200000001
50185,37973.58300000002
50186,37424.59800000001
50187,36550.59000000001
50188,38928.59500000001
50189,37596.585000000014
50190,36994.58300000001
50191,36356.57800000001
50192,36269.591000000015
50193,37232.59900000002
50194,36477.59000000001
50195,36995.59800000001
50196,37388.58900000002
50197,36969.588000000025
50198,36465.59400000003
50199,35930.59500000002
50200,36919.59300000002
50201,36192.58500000002
50202,35836.58000000002
50203,35103.574000000015
50204,34968.574000000015
50205,34046.57400000001
50206,33545.57400000001
50207,34189.564000000006
50208,32481.56200000002
50209,33304.56000000001
50210,32079.563000000024
50211,33413.553000000014
50212,33793.55200000001
50213,32587.54800000002
50214,32688.54800000002
50215,33094.54300000002
50216,33153.54100000002
50217,33202.53500000002
50218,34813.527
50219,34743.52700000002
50220,33851.53200000002
50221,32890.53400000002
50222,33511.538000000015
50223,33743.54500000001
50224,32777.54700000002
50225,32633.551000000018
50226,32589.547000000017
50227,32648.54500000002
50228,33118.54700000002
50229,32369.53600000002
50230,34182.530000000006
50231,33672.52400000002
50232,33072.51800000001
50233,32413.525000000016
50234,32395.519000000022
50235,31958.517000000018
50236,31923.530000000017
50237,31676.520000000015
50238,29973.52200000001
50239,30022.526000000013
50240,29359.527000000013
50241,30497.526000000013
50242,30150.527000000013
50243,29454.531000000014
50244,29697.528000000013
50245,29271.524000000016
50246,30075.527000000013
50247,29189.529000000013
50248,30256.52200000001
50249,30633.518000000015
50250,30227.514000000017
50251,30200.51200000002
50252,31153.501000000022
50253,31776.48400000002
50254,30878.488000000016
50255,30950.507000000016
50256,29473.499000000018
50257,29332.50100000002
50258,28991.49600000002
50259,28589.499000000018
50260,29252.506000000012
50261,28821.502000000015
50262,29644.494000000017
50263,29535.48800000002
50264,30038.488000000016
50265,30114.487000000016
50266,29940.485000000015
50267,30168.474000000013
50268,29222.470000000016
50269,28550.473000000013
50270,27665.476000000013
50271,28450.467000000015
50272,27688.45600000001
50273,27717.45500000001
50274,27643.45400000001
50275,27548.448000000008
50276,28996.43800000001
50277,27981.43900000001
50278,29477.448000000008
50279,29334.450000000008
50280,28448.45500000001
50281,27507.46200000001
50282,28569.450000000008
50283,28455.46000000001
50284,27375.465000000007
50285,26949.465000000007
50286,25826.471000000012
50287,26259.461000000007
50288,25735.46600000001
50289,25688.46800000001
50290,26086.45900000001
50291,25282.46300000001
50292,25713.45800000001
50293,26585.45600000001
50294,26968.462000000007
50295,27273.47200000001
50296,27059.465000000007
50297,26375.468000000008
50298,24341.471000000012
50299,24310.467000000008
50300,23531.46200000001
50301,23593.45900000001
50302,21886.46400000001
50303,20918.45500000001
50304,21892.45300000001
50305,21685.461000000007
50306,22247.459000000006
50307,22137.46400000001
50308,24359.46000000001
50309,24792.460000000006
50310,25578.454000000005
50311,25094.449000000004
50312,25803.451000000005
50313,26391.443000000003
50314,25382.444000000003
50315,24577.444000000003
50316,24216.440000000006
50317,24023.436000000005
50318,23271.439000000006
50319,23129.440000000006
50320,23024.437
50321,22949.431
50322,22781.432000000008
50323,23889.422000000002
50324,23882.422000000002
50325,23781.420000000006
50326,23078.420000000002
50327,22562.424000000003
50328,21227.426000000003
50329,21595.419000000005
50330,21072.419000000005
50331,22269.405000000006
50332,21689.405000000006
50333,20161.408000000007
50334,20286.410000000003
50335,20170.415000000005
50336,20407.413000000004
50337,19930.412
50338,21073.416000000005
50339,20236.407000000007
50340,20456.403000000006
50341,19530.395000000008
50342,19694.402000000006
50343,19835.413000000008
50344,19851.407000000007
50345,19149.407000000007
50346,18212.411000000004
50347,18821.41
50348,19466.40200000001
50349,20541.409000000003
50350,20618.405000000002
50351,20335.407000000007
50352,20329.408000000007
50353,20785.397000000004
50354,21912.390000000003
50355,22045.392000000003
50356,23186.385000000002
50357,24099.382
50358,21980.381999999998
50359,19578.382
50360,19072.367000000002
50361,18956.370000000003
50362,18114.372
50363,17349.369000000002
50364,17547.364
50365,17095.367000000002
50366,16840.362
50367,16087.356000000002
50368,18025.348
50369,19103.338999999996
50370,20234.329999999998
50371,19251.333
50372,20116.337999999996
50373,20811.337999999996
50374,19455.347999999998
50375,19096.35
50376,17545.350000000002
50377,17409.348
50378,17430.342
50379,17988.341
50380,15345.345000000003
50381,14855.348000000002
50382,14303.357000000002
50383,13180.363000000003
50384,14340.361000000004
50385,13488.366000000005
50386,13886.380000000008
50387,15475.388000000012
50388,13720.39900000001
50389,13648.406000000012
50390,13243.412000000013
50391,13841.423000000015
50392,13532.428000000018
50393,13191.44000000002
50394,12330.45600000002
50395,10956.476000000022
50396,9657.487000000021
50397,6259.5050000000165
50398,5041.538000000019
50399,1143.5889999999981
50400,2580.443999999998
50401,4200.439000000018
50402,5815.437000000019
50403,7127.428000000019
50404,8257.42100000002
50405,10032.409000000021
50406,10717.40400000002
50407,11377.40200000002
50408,11792.401000000018
50409,12852.393000000016
50410,14855.384000000015
50411,13915.381000000012
50412,13270.374000000009
50413,12882.37200000001
50414,12319.37000000001
50415,11772.373000000009
50416,12002.373000000005
50417,11702.377000000006
50418,12497.368000000004
50419,12074.362000000003
50420,9817.364000000003
50421,10690.362000000001
50422,11160.356
50423,12002.349000000002
50424,13152.347000000002
50425,14112.348000000002
50426,15192.341
50427,16043.335999999998
50428,16548.327999999998
50429,18536.317
50430,18719.325999999997
50431,19154.328999999998
50432,21039.331
50433,21892.321
50434,20822.326999999997
50435,21797.33
50436,21367.336
50437,21733.329999999998
50438,22361.324999999997
50439,21444.321
50440,20711.323
50441,19188.323
50442,17749.323
50443,17034.322
50444,16809.313000000002
50445,15289.31
50446,14699.312
50447,14279.311000000002
50448,14679.307
50449,14704.294
50450,14289.292000000001
50451,14949.289
50452,14029.288000000002
50453,14794.285000000003
50454,14764.287000000004
50455,15064.285000000002
50456,15486.280000000002
50457,16039.278000000002
50458,14684.272
50459,15834.273000000001
50460,16314.267000000003
50461,16314.266000000003
50462,18064.269000000004
50463,17709.266000000003
50464,18009.265000000003
50465,19911.263000000003
50466,19761.254000000004
50467,18168.251
50468,20319.247
50469,19044.252
50470,18564.250000000004
50471,18016.250000000004
50472,16791.251000000007
50473,16574.247000000007
50474,16559.242000000006
50475,15174.231000000005
50476,15369.230000000005
50477,15759.226000000004
50478,15554.218000000004
50479,16159.207000000004
50480,15759.207000000004
50481,16534.204000000005
50482,16364.200000000003
50483,16936.20300000001
50484,15753.206000000004
50485,16398.201000000005
50486,15818.202000000005
50487,16793.202000000005
50488,16061.199000000004
50489,16061.203000000005
50490,16436.203000000005
50491,16826.205000000005
50492,17844.201000000005
50493,17434.206000000006
50494,18599.209000000006
50495,20159.208000000006
50496,19569.209000000006
50497,18604.208000000006
50498,19384.208000000006
50499,18814.208000000002
50500,17239.213000000007
50501,16464.216000000008
50502,16254.217000000004
50503,16849.216000000004
50504,15859.219000000005
50505,15534.211000000003
50506,15359.210000000003
50507,16179.205000000002
50508,15784.206000000002
50509,15984.207000000002
50510,16549.210000000003
50511,16561.209000000003
50512,16936.211000000003
50513,17716.211000000003
50514,17728.209000000003
50515,18305.209000000003
50516,18500.209000000003
50517,18495.210000000003
50518,18133.206000000002
50519,19278.208000000002
50520,19668.207000000002
50521,19889.206000000002
50522,19342.202
50523,18777.199
50524,19157.2
50525,20557.2
50526,20727.202
50527,20352.2
50528,20727.202
50529,19537.208000000002
50530,18372.207000000002
50531,18172.208000000002
50532,18387.206000000002
50533,18382.204
50534,17967.210000000003
50535,17577.208000000006
50536,16237.209000000003
50537,16832.207000000002
50538,16867.202000000005
50539,16457.205
50540,17207.205
50541,16637.203000000005
50542,18012.202000000005
50543,19347.204
50544,19734.201
50545,19749.203
50546,20524.203
50547,19944.203
50548,19339.204
50549,19699.206000000002
50550,19727.202
50551,20732.199
50552,20152.201
50553,18962.203
50554,18559.204
50555,19952.202
50556,20752.198
50557,20187.195
50558,20967.197000000004
50559,20777.196000000004
50560,20184.197000000004
50561,19984.198000000004
50562,20399.195000000003
50563,20999.193000000003
50564,20769.198
50565,19397.199
50566,18032.198000000004
50567,18640.195000000003
50568,18610.199000000004
50569,18050.197000000004
50570,19580.201
50571,19430.195000000003
50572,20400.196
50573,21185.194
50574,21360.195
50575,22097.199
50576,23874.197
50577,24441.196
50578,23284.195
50579,24249.196
50580,23276.196
50581,23285.196
50582,22910.195
50583,22710.195
50584,22505.195
50585,23485.193
50586,23480.192
50587,22895.192
50588,23465.193
50589,22850.194
50590,22090.193
50591,22270.195
50592,22432.197
50593,22232.198
50594,21820.199
50595,20645.199
50596,19045.203
50597,19265.199
50598,19250.2
50599,18460.199
50600,19630.198
50601,19837.196000000004
50602,20036.197000000004
50603,20811.198
50604,20811.198
50605,22361.196
50606,23554.193000000003
50607,24139.192000000003
50608,23349.192000000003
50609,24724.187
50610,23534.188000000002
50611,23929.187
50612,23734.187
50613,23169.187
50614,23159.188000000002
50615,23713.190000000002
50616,22921.189000000002
50617,22359.185
50618,23509.186
50619,23514.181000000004
50620,23514.181000000004
50621,23489.184000000005
50622,23704.183000000005
50623,23894.183000000005
50624,24099.181000000004
50625,22764.176000000003
50626,21796.176000000003
50627,21806.178000000004
50628,21791.177000000003
50629,21186.179000000004
50630,21966.177000000003
50631,21728.179000000004
50632,21713.178000000004
50633,22303.176000000003
50634,22891.175000000003
50635,23486.171000000002
50636,25043.172000000002
50637,25254.171
50638,24094.171
50639,24864.175
50640,23681.178
50641,24304.175
50642,24709.172
50643,23909.173
50644,23694.177
50645,25082.179
50646,23560.179
50647,22765.184
50648,23937.182
50649,23755.183
50650,23574.181
50651,23964.181
50652,24321.188000000002
50653,25136.187
50654,24749.189000000002
50655,23979.190000000002
50656,23015.191000000003
50657,23383.199000000004
50658,23396.199000000004
50659,21978.205000000005
50660,22070.206000000006
50661,27355.208000000006
50662,27364.211000000003
50663,27627.208000000006
50664,28247.206000000006
50665,28468.206000000006
50666,30021.208000000006
50667,29833.208000000006
50668,23537.210000000006
50669,25566.206000000006
50670,25966.207000000002
50671,26160.210000000006
50672,25918.212000000007
50673,25118.219000000005
50674,24756.221000000005
50675,25148.224000000006
50676,24590.222000000005
50677,24050.219000000005
50678,24965.215000000004
50679,24775.218000000004
50680,24588.218000000004
50681,25108.213000000003
50682,25683.213000000003
50683,26303.211000000003
50684,25767.210000000006
50685,25161.215000000004
50686,24399.216000000004
50687,23997.218000000004
50688,24581.219000000005
50689,24085.216000000004
50690,24115.211000000003
50691,24096.215000000004
50692,24372.216000000004
50693,25114.22
50694,25514.218000000004
50695,25726.218000000004
50696,26377.210000000003
50697,26358.212000000003
50698,25199.208000000002
50699,26352.209000000003
50700,26214.210000000003
50701,25587.217000000004
50702,26155.219000000005
50703,25414.219000000005
50704,26006.220000000005
50705,26807.221000000005
50706,26272.223000000005
50707,25684.230000000007
50708,26734.229000000003
50709,25571.230000000007
50710,26132.232000000007
50711,26619.227000000006
50712,28795.223000000005
50713,29222.226000000006
50714,29283.226000000002
50715,29027.232000000004
50716,28593.236000000004
50717,27909.232
50718,28252.233
50719,27684.236
50720,27466.237
50721,27152.236
50722,27540.236
50723,27798.235
50724,28764.235
50725,28239.235
50726,28230.237
50727,27632.244
50728,26083.245000000003
50729,27225.245000000003
50730,26779.248
50731,26944.25
50732,27556.245
50733,27124.242000000002
50734,26635.24
50735,26564.242000000002
50736,25791.236
50737,25367.238
50738,26360.239
50739,24839.239
50740,25016.244000000002
50741,25019.241
50742,25883.24
50743,26567.236000000004
50744,26340.237
50745,26560.236000000004
50746,26607.232000000004
50747,25490.227000000006
50748,26432.226000000002
50749,26993.228000000003
50750,27184.227000000003
50751,28047.224000000002
50752,28628.222
50753,27625.227000000003
50754,28065.221000000005
50755,28790.224000000006
50756,29837.219000000005
50757,29574.210000000003
50758,28244.206000000002
50759,29010.206000000006
50760,28243.203000000005
50761,27447.205000000005
50762,28617.203000000005
50763,28606.204000000005
50764,27942.205000000005
50765,28401.200000000004
50766,27439.195000000003
50767,26828.196000000004
50768,28631.193000000003
50769,28292.193000000003
50770,27588.196000000004
50771,27412.198000000004
50772,28401.202000000005
50773,28810.202000000005
50774,28945.200000000004
50775,28659.204000000005
50776,28530.203000000005
50777,27133.209000000003
50778,27578.204000000005
50779,28360.210000000003
50780,28468.207000000002
50781,29305.204000000005
50782,29913.208000000002
50783,29175.204
50784,28805.206000000002
50785,29896.211000000003
50786,30213.213000000003
50787,29588.221
50788,28632.223
50789,28835.226000000002
50790,28601.226000000002
50791,29288.229000000003
50792,29912.225000000002
50793,30099.228000000003
50794,29671.226000000002
50795,30338.225000000002
50796,29779.223
50797,30534.22
50798,31658.232000000004
50799,31205.229000000003
50800,30571.241
50801,30723.248000000003
50802,31643.250000000004
50803,32049.250000000004
50804,32420.258
50805,30874.262000000002
50806,30694.266000000003
50807,29016.269000000004
50808,29384.273000000005
50809,30391.270000000004
50810,30051.276
50811,30105.287000000004
50812,30500.279000000002
50813,29312.283000000003
50814,29313.280000000002
50815,30406.273000000005
50816,30590.278000000002
50817,29253.274000000005
50818,28317.269000000004
50819,29307.266000000003
50820,29514.263000000003
50821,29785.257000000005
50822,30741.256000000005
50823,31950.250000000004
50824,31398.241000000005
50825,32760.241
50826,32594.235000000004
50827,32445.234000000004
50828,33354.244
50829,32598.237000000005
50830,31681.235000000004
50831,32822.231
50832,34215.225
50833,34179.226
50834,34110.231
50835,33475.234000000004
50836,32131.231000000003
50837,31277.238000000005
50838,31859.239000000005
50839,32335.226000000006
50840,31549.224000000006
50841,31256.223000000005
50842,30924.214000000004
50843,29535.209000000003
50844,28369.197000000004
50845,29086.198000000004
50846,29844.203000000005
50847,29035.200000000004
50848,28597.203000000005
50849,29342.203000000005
50850,30485.198000000004
50851,30632.203000000005
50852,30997.200000000004
50853,32444.202000000005
50854,32690.186000000005
50855,33076.181
50856,31819.188000000002
50857,33364.181
50858,34460.181000000004
50859,33291.171
50860,33218.161
50861,34184.154
50862,34977.158
50863,34945.16
50864,35326.155
50865,33925.153
50866,32908.147
50867,32452.148
50868,33071.142
50869,33356.136
50870,32784.133
50871,32698.13
50872,31406.129
50873,29929.13
50874,29537.13
50875,30547.128
50876,31494.127
50877,31369.120000000003
50878,30222.118000000002
50879,31382.120000000003
50880,32493.124000000003
50881,32149.124000000003
50882,31511.125000000004
50883,33216.130000000005
50884,33290.126000000004
50885,33483.124
50886,33697.119
50887,34284.117
50888,34643.119
50889,32831.12
50890,32337.111000000004
50891,32375.111000000004
50892,34009.108
50893,34026.104
50894,34051.105
50895,32716.102000000003
50896,32478.099000000002
50897,32852.095
50898,33423.095
50899,33747.097
50900,34575.091
50901,34338.092000000004
50902,33950.092000000004
50903,32406.089000000004
50904,32167.089000000004
50905,33400.086
50906,33170.087
50907,38290.083
50908,37658.08500000001
50909,38205.086
50910,38511.090000000004
50911,38518.08900000001
50912,37581.08
50913,39122.081000000006
50914,39386.078
50915,40196.075
50916,39594.076
50917,39824.073000000004
50918,39343.077000000005
50919,38614.07400000001
50920,36626.075000000004
50921,37389.07800000001
50922,38928.077000000005
50923,38541.075000000004
50924,38731.07400000001
50925,37752.073000000004
50926,37757.07000000001
50927,38187.067
50928,38202.071
50929,38650.069
50930,38863.066000000006
50931,38263.06700000001
50932,38035.07100000001
50933,37218.073000000004
50934,36633.073000000004
50935,38043.069
50936,37673.06700000001
50937,37643.06500000001
50938,37223.06300000001
50939,38178.06100000001
50940,38763.06100000001
50941,38778.05700000001
50942,37413.05500000001
50943,39008.053
50944,38653.05100000001
50945,39048.05100000001
50946,38448.054000000004
50947,39028.056000000004
50948,39648.054000000004
50949,38933.05100000001
50950,38318.052
50951,39488.052
50952,40826.053
50953,39846.054000000004
50954,40618.057
50955,39893.05600000001
50956,38293.061
50957,37398.06000000001
50958,37603.05900000001
50959,38138.05900000001
50960,38023.057
50961,42743.057
50962,41758.05900000001
50963,40998.060000000005
50964,40803.061
50965,42043.05900000001
50966,36798.058000000005
50967,37383.058000000005
50968,36995.058000000005
50969,37785.056000000004
50970,38660.052
50971,38460.05300000001
50972,37505.05500000001
50973,38485.054000000004
50974,32810.057
50975,33795.056000000004
50976,34185.058000000005
50977,34785.056
50978,34920.058000000005
50979,33740.060000000005
50980,32255.065000000006
50981,32708.062000000005
50982,34048.062000000005
50983,33928.061
50984,33928.062000000005
50985,32188.060000000005
50986,31758.063000000006
50987,31118.064000000006
50988,31343.064000000006
50989,31768.063000000006
50990,31798.062000000005
50991,31088.068000000007
50992,29973.067000000006
50993,29128.070000000007
50994,29298.070000000007
50995,30818.069000000007
50996,30588.070000000007
50997,31533.071000000007
50998,31193.073000000008
50999,31938.075000000008
51000,32933.07600000001
51001,32708.07700000001
51002,32723.074000000008
51003,33923.073000000004
51004,34148.07200000001
51005,34533.07300000001
51006,34733.07200000001
51007,34335.07400000001
51008,34105.077000000005
51009,33510.07400000001
51010,32535.074000000008
51011,34175.073000000004
51012,35350.072
51013,34965.071
51014,35415.07
51015,33820.07200000001
51016,33855.071
51017,32665.071000000007
51018,32930.06800000001
51019,33380.066000000006
51020,33760.06800000001
51021,33430.066000000006
51022,32285.066000000006
51023,31745.062000000005
51024,31615.060000000005
51025,32595.05900000001
51026,32560.06100000001
51027,33315.062000000005
51028,33710.062000000005
51029,34325.061
51030,34570.062000000005
51031,34410.060000000005
51032,33885.060000000005
51033,35895.05799999999
51034,37030.058999999994
51035,37785.06
51036,37390.060999999994
51037,37445.060999999994
51038,37060.06
51039,35540.063
51040,34105.058000000005
51041,34545.058000000005
51042,35905.05900000001
51043,34050.057
51044,34440.058
51045,32530.06000000001
51046,32165.06100000001
51047,31590.05900000001
51048,30760.06400000001
51049,30755.06500000001
51050,31680.06500000001
51051,31325.06400000001
51052,29805.06700000001
51053,29480.06400000001
51054,29230.06500000001
51055,30195.06200000001
51056,30580.06500000001
51057,31550.06700000001
51058,31800.06600000001
51059,33095.062000000005
51060,34145.062999999995
51061,34375.062999999995
51062,34810.061
51063,36390.062999999995
51064,36980.062000000005
51065,37200.062
51066,37520.05699999999
51067,37515.05799999999
51068,37470.058
51069,36520.058
51070,35485.061
51071,36295.060000000005
51072,37355.058
51073,35770.058
51074,35750.057
51075,34965.059
51076,34255.056000000004
51077,32590.055000000008
51078,31770.055000000008
51079,31790.056000000008
51080,31290.054000000007
51081,30705.054000000007
51082,29145.055000000008
51083,28820.05200000001
51084,28655.053000000007
51085,28985.055000000008
51086,29485.057000000008
51087,30240.05700000001
51088,30710.056000000008
51089,31905.058000000008
51090,33445.05700000001
51091,32830.058000000005
51092,32995.060000000005
51093,34920.06
51094,35020.065
51095,35225.068
51096,35760.068
51097,36205.066999999995
51098,35225.068999999996
51099,33580.067
51100,33120.071
51101,33910.071
51102,35445.073
51103,34695.072
51104,34045.075000000004
51105,32930.075000000004
51106,32180.07400000001
51107,30400.07400000001
51108,30235.07400000001
51109,30270.07300000001
51110,29460.074000000008
51111,29350.07200000001
51112,28430.07100000001
51113,28210.07100000001
51114,28355.071000000007
51115,29325.07200000001
51116,29750.070000000007
51117,30735.06800000001
51118,30615.07200000001
51119,32765.071000000007
51120,34355.06599999999
51121,33820.066
51122,33565.07
51123,34700.07199999999
51124,35255.07399999999
51125,35135.077999999994
51126,35515.079999999994
51127,35740.081
51128,35785.079
51129,34090.077
51130,34880.074
51131,36055.07299999999
51132,37010.06799999999
51133,35810.068999999996
51134,35650.067
51135,34635.07
51136,34495.068999999996
51137,32855.07000000001
51138,33860.07200000001
51139,33595.07600000001
51140,32870.07900000001
51141,32505.081000000013
51142,31815.079000000012
51143,32285.080000000013
51144,31350.079000000012
51145,32560.076000000012
51146,32065.07800000001
51147,33025.07700000001
51148,32620.079000000012
51149,34050.08000000001
51150,34910.083000000006
51151,34420.079000000005
51152,34350.083000000006
51153,35135.08500000001
51154,36385.084
51155,35865.085
51156,36380.08
51157,36725.083000000006
51158,35240.083000000006
51159,34515.081000000006
51160,34885.08
51161,36245.081000000006
51162,36835.083000000006
51163,37135.075
51164,37400.07
51165,36660.066999999995
51166,36065.069
51167,34480.069
51168,35445.066
51169,35445.066
51170,35550.06
51171,34860.066000000006
51172,34145.06300000001
51173,33910.064000000006
51174,33110.06300000001
51175,32860.06500000001
51176,32500.06400000001
51177,33830.06500000001
51178,34500.06300000001
51179,36070.061
51180,36205.06300000001
51181,35745.058000000005
51182,36165.057
51183,35900.061
51184,36820.062000000005
51185,36980.064000000006
51186,37175.064000000006
51187,37835.06800000001
51188,36110.06700000001
51189,35300.06800000001
51190,34805.074000000015
51191,37025.069
51192,37775.07000000001
51193,37620.06700000001
51194,38440.06500000001
51195,37630.06700000001
51196,37635.066000000006
51197,35675.06800000001
51198,36225.070000000014
51199,35465.07100000001
51200,35300.070000000014
51201,35280.070000000014
51202,34535.070000000014
51203,34790.06800000001
51204,33645.06800000001
51205,34316.064000000006
51206,33796.06100000001
51207,33496.06700000001
51208,34011.07100000001
51209,34926.07300000001
51210,35121.07400000001
51211,34109.07600000001
51212,35089.07500000001
51213,35309.07600000001
51214,36099.075000000004
51215,36254.079000000005
51216,37299.07600000001
51217,38114.07400000001
51218,36614.07400000001
51219,35729.07300000001
51220,35761.07200000001
51221,37221.06900000001
51222,37831.06900000001
51223,37346.073000000004
51224,38191.07
51225,37454.075000000004
51226,37094.07400000001
51227,36399.071
51228,37244.06800000001
51229,36459.069
51230,36374.073000000004
51231,36124.075000000004
51232,34749.07800000001
51233,34886.08000000001
51234,33671.08200000001
51235,33631.08500000001
51236,33302.08200000001
51237,33729.081000000006
51238,34139.083000000006
51239,36294.08200000001
51240,36594.08600000001
51241,36434.08500000001
51242,36445.08600000001
51243,36598.089000000014
51244,37183.08900000001
51245,37653.08900000001
51246,37343.097000000016
51247,37146.097
51248,35981.09700000001
51249,35242.096000000005
51250,35099.10100000001
51251,36459.10200000001
51252,37552.098000000005
51253,37527.09800000001
51254,38032.09900000001
51255,36688.09800000001
51256,35253.09800000001
51257,34498.100000000006
51258,40593.09800000001
51259,39653.096000000005
51260,39644.09600000001
51261,38737.09300000001
51262,37845.10100000001
51263,38100.09900000001
51264,37197.09500000001
51265,37457.09200000001
51266,37241.09700000001
51267,37659.09500000001
51268,38654.10100000001
51269,40744.10300000002
51270,41691.10400000001
51271,41366.10100000001
51272,41333.10400000001
51273,41479.107
51274,42703.103
51275,43101.107
51276,43822.111000000004
51277,44229.111000000004
51278,42861.113
51279,42192.11
51280,41712.10500000001
51281,42912.107
51282,44242.11300000001
51283,43239.115999999995
51284,42249.121
51285,40449.12000000001
51286,41701.114
51287,41565.11
51288,41210.10900000001
51289,40602.10900000001
51290,41379.11700000001
51291,35446.12200000001
51292,33870.12900000001
51293,32781.13100000001
51294,32582.13300000001
51295,31999.13500000001
51296,31553.13800000001
51297,31926.14200000001
51298,32545.14500000001
51299,34163.14600000001
51300,34709.14300000001
51301,34179.142
51302,34320.138
51303,34712.14200000001
51304,35530.141
51305,36630.145
51306,37175.14399999999
51307,37070.147999999994
51308,36724.140999999996
51309,36357.145
51310,35582.147
51311,37568.151999999995
51312,38775.149999999994
51313,39337.146
51314,38497.149000000005
51315,37087.155000000006
51316,36732.156
51317,36560.157
51318,36786.155
51319,35241.165
51320,35646.168000000005
51321,35257.168
51322,34274.171
51323,34426.17600000001
51324,33841.178
51325,34454.182
51326,34481.181
51327,34622.17999999999
51328,35567.18
51329,36732.182
51330,36347.18400000001
51331,35537.19000000001
51332,35437.199
51333,35572.205
51334,36151.211
51335,36170.214
51336,37227.208000000006
51337,37241.209
51338,36766.21
51339,36979.207
51340,36958.209
51341,37261.21200000001
51342,37922.213
51343,37669.215000000004
51344,37714.22000000001
51345,37053.221000000005
51346,37289.218
51347,34994.224
51348,35078.22299999999
51349,34387.222
51350,35182.225
51351,34757.227
51352,34325.232
51353,34433.231
51354,33588.233
51355,33820.235
51356,33897.240000000005
51357,34604.238
51358,35517.24499999999
51359,36092.25499999999
51360,35258.25899999999
51361,35561.255
51362,35745.25399999999
51363,35631.257999999994
51364,36223.263
51365,35660.27
51366,37025.274000000005
51367,37133.276
51368,37068.277
51369,36903.285
51370,36866.28200000001
51371,36519.287000000004
51372,37453.288
51373,37537.291000000005
51374,37360.292
51375,37005.297000000006
51376,36732.295000000006
51377,36482.293000000005
51378,36926.296
51379,35563.303000000014
51380,35728.309
51381,34839.31600000001
51382,34761.31200000001
51383,34993.31700000001
51384,34463.318000000014
51385,35700.322000000015
51386,36168.324000000015
51387,36544.326000000015
51388,37301.32300000002
51389,37631.32700000001
51390,37625.33400000001
51391,38487.33200000001
51392,39165.334
51393,38870.32800000001
51394,39328.328
51395,39385.327
51396,39410.331999999995
51397,39110.33499999999
51398,38271.333999999995
51399,39310.335999999996
51400,39295.33799999999
51401,39615.34099999999
51402,40298.33899999999
51403,40139.344
51404,40251.350000000006
51405,38801.346000000005
51406,38861.344000000005
51407,37895.347
51408,38715.35300000001
51409,38414.353
51410,38887.350999999995
51411,36986.344999999994
51412,36661.344
51413,36919.347
51414,35688.352999999996
51415,37103.354999999996
51416,37422.359000000004
51417,38566.356999999996
51418,38928.35800000001
51419,38791.37
51420,38273.373999999996
51421,39230.379
51422,39701.37900000001
51423,39178.37300000001
51424,39401.384000000005
51425,39985.384000000005
51426,40502.38500000001
51427,40394.38300000001
51428,39800.38300000001
51429,40144.38800000001
51430,40550.39200000001
51431,41181.39100000001
51432,42045.398
51433,42129.411
51434,42849.418000000005
51435,40186.41700000001
51436,39599.42100000002
51437,39093.41800000001
51438,38544.43100000001
51439,38484.42900000001
51440,38788.436000000016
51441,37714.43800000001
51442,37569.44100000001
51443,38235.441
51444,37039.443
51445,38712.446
51446,39910.448000000004
51447,40925.44100000001
51448,41105.44200000002
51449,41543.447
51450,41692.449
51451,43107.44800000001
51452,42879.44900000001
51453,41834.45400000002
51454,42418.45200000001
51455,42695.451000000015
51456,43025.455000000016
51457,42322.466000000015
51458,41417.47300000001
51459,40946.481000000014
51460,41118.48400000001
51461,41162.498000000014
51462,42178.50600000001
51463,42699.51000000001
51464,44188.511000000006
51465,43118.50300000001
51466,42622.49500000001
51467,41533.504000000015
51468,41490.513000000006
51469,41692.513000000006
51470,41135.517000000014
51471,39491.520000000004
51472,38410.52300000001
51473,39952.52200000001
51474,39110.519000000015
51475,40775.52400000001
51476,42359.521000000015
51477,42861.52200000001
51478,43272.53100000002
51479,44419.531000000025
51480,43766.532000000014
51481,44869.534000000014
51482,44479.54100000002
51483,43117.54700000001
51484,43416.551000000014
51485,43027.557000000015
51486,42029.56700000001
51487,42123.568000000014
51488,41841.55800000002
51489,42014.554000000026
51490,43052.55800000002
51491,44251.55600000002
51492,45535.55500000002
51493,45851.550000000025
51494,45369.55600000002
51495,44002.565000000024
51496,44069.56300000002
51497,43166.56200000002
51498,43851.570000000014
51499,43996.57400000002
51500,43264.57500000002
51501,41915.57900000003
51502,40763.584000000024
51503,42138.584000000024
51504,40773.59600000003
51505,42413.59300000002
51506,42885.592000000026
51507,43744.58900000003
51508,43868.59700000002
51509,43672.61200000001
51510,43933.60600000002
51511,43944.612000000016
51512,44407.61500000002
51513,43473.612000000016
51514,44830.618000000024
51515,44824.616000000016
51516,44683.61100000001
51517,43711.61400000002
51518,42421.62100000002
51519,41724.629000000015
51520,42810.62300000003
51521,43226.63000000003
51522,43757.64000000002
51523,43085.651000000034
51524,43058.64200000003
51525,42170.64400000004
51526,42591.628000000026
51527,42928.633000000016
51528,43363.64700000001
51529,43391.642000000014
51530,42540.63400000001
51531,41442.63900000001
51532,40265.64800000001
51533,40538.64600000001
51534,40098.63300000001
51535,41026.63500000002
51536,41555.642000000014
51537,42018.63600000001
51538,42473.64000000001
51539,43346.632000000005
51540,43831.634000000005
51541,44571.635
51542,45610.63200000001
51543,46113.63000000001
51544,46947.62700000001
51545,46995.61800000002
51546,45998.62600000001
51547,44918.62300000002
51548,43532.63000000003
51549,42557.625000000015
51550,42829.61900000002
51551,44241.61400000002
51552,45882.61400000002
51553,45391.611000000026
51554,45370.61100000002
51555,43861.60400000002
51556,43574.611000000026
51557,42442.61500000003
51558,42821.615000000034
51559,42355.62700000003
51560,41248.639000000025
51561,39511.63900000001
51562,39375.63400000001
51563,39763.63800000002
51564,38333.64500000002
51565,39413.63800000002
51566,39116.640000000014
51567,40412.632000000005
51568,40955.626000000004
51569,41603.62700000001
51570,41583.62600000001
51571,42694.61900000001
51572,42048.63200000001
51573,42728.63600000001
51574,43343.633000000016
51575,44165.63600000001
51576,43622.633000000016
51577,43093.635000000024
51578,43190.63800000001
51579,43081.627000000015
51580,43402.629000000015
51581,44193.62200000002
51582,44918.62200000001
51583,44079.62500000001
51584,44317.627
51585,42023.62000000001
51586,42628.616
51587,41861.62200000001
51588,41536.624
51589,41394.63200000001
51590,40670.639
51591,39688.63500000001
51592,39841.626000000004
51593,39457.62700000001
51594,38683.62
51595,40373.60900000002
51596,40924.60800000002
51597,41354.61900000003
51598,41339.61400000002
51599,42115.60600000003
51600,41972.61000000003
51601,43421.617000000035
51602,44059.60600000003
51603,44210.61100000002
51604,45285.61200000002
51605,45264.61200000002
51606,44054.609000000026
51607,42636.60900000002
51608,42378.60400000002
51609,41851.60300000002
51610,42581.60500000002
51611,43009.60400000002
51612,42128.606000000014
51613,41803.61500000002
51614,41490.625000000015
51615,39860.61400000001
51616,40444.613000000005
51617,39464.610000000015
51618,39332.61200000001
51619,39179.614000000016
51620,38509.604000000014
51621,36443.59800000001
51622,37485.58800000002
51623,36847.59000000002
51624,35577.591000000015
51625,36737.59200000002
51626,36596.59600000001
51627,38314.58500000002
51628,38278.58500000002
51629,37886.59500000002
51630,38397.58900000002
51631,39421.590000000004
51632,38169.59900000001
51633,38153.596000000005
51634,38901.596000000005
51635,39129.59100000001
51636,37079.592000000004
51637,35726.58900000001
51638,34790.58400000001
51639,34712.572
51640,34443.57200000001
51641,35584.56700000001
51642,36663.55800000001
51643,37086.558000000005
51644,36672.56300000001
51645,35732.56100000001
51646,36562.55600000001
51647,35941.572000000015
51648,36976.566000000006
51649,36550.57000000001
51650,35964.57000000001
51651,34496.578
51652,34268.573000000004
51653,33132.57500000001
51654,32552.57600000002
51655,38460.57800000001
51656,38065.57300000002
51657,38938.57000000001
51658,38253.56600000002
51659,38274.56900000002
51660,38824.56000000001
51661,39813.55900000001
51662,38873.55800000002
51663,39223.557
51664,39332.55500000001
51665,38363.561000000016
51666,38221.55400000002
51667,36706.56200000002
51668,36175.55500000002
51669,35673.567000000025
51670,35572.56000000002
51671,35533.55500000002
51672,36630.544000000016
51673,36251.54600000002
51674,36526.53600000002
51675,36476.53700000001
51676,36629.538000000015
51677,36992.54000000001
51678,37604.53500000002
51679,37465.534000000014
51680,37290.52900000001
51681,36739.521000000015
51682,37049.51600000002
51683,30743.513000000014
51684,30772.509000000016
51685,30619.511000000017
51686,30932.50700000001
51687,31294.506000000016
51688,31215.50100000001
51689,31151.508000000013
51690,31738.508000000016
51691,31932.504000000015
51692,30497.504000000015
51693,31509.503000000015
51694,30814.507000000016
51695,30522.506000000012
51696,29032.514000000014
51697,28366.513000000014
51698,33787.50700000001
51699,33956.500000000015
51700,32799.48700000001
51701,33333.48700000001
51702,34172.49700000002
51703,34455.500000000015
51704,33851.49700000002
51705,33756.489000000016
51706,34368.48300000002
51707,34701.48400000002
51708,34794.48200000002
51709,34732.47800000002
51710,34314.47400000002
51711,33252.470000000016
51712,33315.47300000002
51713,32422.478000000017
51714,32544.475000000017
51715,32877.47300000001
51716,33250.468000000015
51717,33262.46900000001
51718,33703.468000000015
51719,34130.47100000002
51720,36575.462000000014
51721,36710.46300000002
51722,35032.462000000014
51723,34504.466000000015
51724,33948.472000000016
51725,33895.47400000002
51726,33127.46700000002
51727,31971.460000000014
51728,30873.460000000014
51729,29873.46600000001
51730,28090.467000000008
51731,28801.46200000001
51732,30661.45600000001
51733,30515.45200000001
51734,29729.46000000001
51735,29744.46000000001
51736,30811.45300000001
51737,30654.45600000001
51738,29839.463000000007
51739,29564.45900000001
51740,29010.45200000001
51741,29275.45100000001
51742,28643.44500000001
51743,29708.438000000013
51744,29827.44200000001
51745,29613.44000000001
51746,29471.448000000008
51747,29458.44700000001
51748,30970.44600000001
51749,31765.437000000013
51750,27910.44500000001
51751,28034.44600000001
51752,26148.44200000001
51753,25376.44100000001
51754,24877.45200000001
51755,25583.442000000006
51756,24927.43600000001
51757,23498.442000000006
51758,22828.439000000006
51759,22832.432000000004
51760,20884.427000000007
51761,20656.427000000007
51762,21777.424000000006
51763,21983.432000000004
51764,20945.435000000005
51765,20460.438000000006
51766,20265.436000000005
51767,20419.433000000008
51768,20160.434000000005
51769,19618.432
51770,19177.430000000004
51771,19787.427000000007
51772,19820.432
51773,20390.437000000005
51774,21184.433000000005
51775,21185.431000000004
51776,21719.428000000004
51777,22026.418000000005
51778,21951.420000000006
51779,22209.421000000002
51780,23688.419000000005
51781,23399.422000000006
51782,22556.420000000006
51783,21364.423000000006
51784,19979.425000000007
51785,20052.426000000007
51786,19357.428000000007
51787,18586.431000000008
51788,18975.427000000007
51789,19449.427000000007
51790,18025.421000000006
51791,17523.427000000007
51792,17522.425000000007
51793,18067.424000000006
51794,18300.418000000005
51795,18697.414000000004
51796,18340.409000000003
51797,18964.402000000006
51798,18774.400000000005
51799,17907.403000000006
51800,17788.403000000006
51801,17957.401000000005
51802,18708.393000000004
51803,18588.396000000004
51804,18057.400000000005
51805,17443.394000000004
51806,18597.388000000003
51807,18584.381
51808,19122.375
51809,19608.375
51810,21920.361999999997
51811,21472.364999999998
51812,20475.375
51813,19088.390000000003
51814,18604.392000000003
51815,18819.394000000004
51816,17815.394000000004
51817,16926.399
51818,15866.406000000004
51819,15409.408000000003
51820,12894.413000000004
51821,12045.418000000003
51822,12227.418000000003
51823,12146.420000000004
51824,12699.434000000007
51825,12166.434000000008
51826,12063.441000000008
51827,12278.447000000011
51828,12047.448000000011
51829,11682.449000000011
51830,12649.463000000014
51831,12244.466000000011
51832,10548.476000000015
51833,9761.488000000018
51834,7986.505000000018
51835,6828.515000000014
51836,5924.536000000015
51837,5275.565000000016
51838,4343.584000000018
51839,1540.6229999999978
51840,1972.4309999999964
51841,3310.417000000006
51842,4856.401000000023
51843,5931.393000000023
51844,6536.391000000022
51845,6786.391000000022
51846,7622.388000000021
51847,8595.385000000018
51848,9955.378000000017
51849,11085.371000000017
51850,13110.368000000019
51851,12355.366000000016
51852,12139.363000000014
51853,11527.369000000013
51854,11611.368000000011
51855,11631.368000000011
51856,11481.366000000009
51857,12076.359000000008
51858,11550.358000000007
51859,10775.359000000006
51860,9399.351000000004
51861,11379.352000000004
51862,12909.341000000004
51863,15438.331000000002
51864,16917.323
51865,17547.321
51866,18942.316
51867,18354.314
51868,19112.301999999996
51869,19532.299999999996
51870,20247.298
51871,19452.298
51872,19534.299
51873,17781.305
51874,18064.299
51875,17539.305
51876,17182.301
51877,17600.3
51878,17866.305
51879,19056.305999999997
51880,19373.302999999996
51881,18603.299
51882,17948.302
51883,17263.303
51884,16798.3
51885,16973.297
51886,16576.295
51887,17131.292999999998
51888,16900.293
51889,16335.287000000002
51890,15410.279
51891,15565.28
51892,15493.272
51893,16805.273000000005
51894,15580.278000000004
51895,15135.277000000004
51896,15823.278000000006
51897,15045.272000000004
51898,15027.265000000005
51899,14872.258000000003
51900,14908.256000000003
51901,14925.251000000004
51902,16149.247000000005
51903,15034.249000000005
51904,15754.248000000005
51905,15709.242000000004
51906,14681.237000000005
51907,14291.233000000006
51908,14231.232000000004
51909,15011.227000000006
51910,15886.230000000007
51911,15523.225000000006
51912,15488.220000000005
51913,14903.215000000006
51914,15476.205000000004
51915,16021.204000000007
51916,16373.205000000007
51917,16495.205000000005
51918,16706.196000000004
51919,16696.187000000005
51920,16521.181000000004
51921,16724.180000000004
51922,16909.185000000005
51923,17324.191000000003
51924,16744.190000000002
51925,16194.190000000004
51926,16969.190000000002
51927,16569.192000000006
51928,15989.193000000005
51929,15209.192000000005
51930,13649.194000000005
51931,14047.192000000003
51932,14617.195000000005
51933,15587.197000000006
51934,15997.193000000005
51935,14817.195000000003
51936,13902.191000000003
51937,15262.190000000002
51938,16042.190000000002
51939,17202.193000000003
51940,19387.191000000003
51941,18792.193000000003
51942,18822.191000000003
51943,17827.192000000003
51944,18222.194000000003
51945,19397.195000000003
51946,19172.200000000004
51947,18587.200000000004
51948,18746.205000000005
51949,18741.205000000005
51950,18159.206000000002
51951,18944.208000000006
51952,18151.208000000002
51953,17746.211000000007
51954,18159.208000000006
51955,17967.208000000002
51956,18324.210000000003
51957,17356.211000000007
51958,16814.207000000006
51959,16034.206000000006
51960,14821.212000000007
51961,15616.209000000006
51962,16991.208000000006
51963,18156.208000000006
51964,18204.206000000006
51965,17619.206000000006
51966,17257.203000000005
51967,17430.20500000001
51968,17815.207000000006
51969,18040.203000000005
51970,19807.201000000005
51971,19237.198000000004
51972,18867.195000000003
51973,17907.193000000003
51974,18282.194000000003
51975,19080.189000000002
51976,19300.187
51977,19295.192000000003
51978,19460.193000000003
51979,19455.192000000003
51980,19295.188000000002
51981,18862.193000000003
51982,18667.193000000003
51983,18112.192000000003
51984,18117.191000000003
51985,17147.192000000003
51986,17917.192000000003
51987,16537.191000000003
51988,16304.196000000005
51989,16129.195000000005
51990,15564.193000000005
51991,16904.196000000004
51992,18467.197000000004
51993,19647.195000000003
51994,19642.195000000003
51995,20204.198000000004
51996,20139.201000000005
51997,20904.202000000005
51998,21089.202
51999,20896.201
52000,22661.199000000004
52001,21692.198
52002,21324.195000000003
52003,21332.195000000003
52004,21139.195
52005,21504.198
52006,20919.198
52007,21069.202
52008,19702.204
52009,20092.204
52010,19467.209000000003
52011,19282.208000000002
52012,19102.207000000002
52013,18122.208000000002
52014,18527.205
52015,16737.208000000002
52016,17732.205000000005
52017,16537.209000000006
52018,16712.211000000003
52019,17107.210000000003
52020,17534.204
52021,18729.204
52022,19924.202
52023,20694.201
52024,20481.203
52025,20868.204
52026,20501.201
52027,20909.199
52028,21304.2
52029,20519.199
52030,21899.198
52031,20294.201
52032,19334.2
52033,19714.197
52034,20084.2
52035,20299.198000000004
52036,20074.201
52037,20051.202
52038,19109.201000000005
52039,19909.198000000004
52040,19894.199000000004
52041,20107.197000000004
52042,20852.199000000004
52043,20049.202000000005
52044,20203.205000000005
52045,18221.208000000006
52046,19186.206000000006
52047,18261.203000000005
52048,18464.203000000005
52049,19644.200000000004
52050,19609.202000000005
52051,21159.197000000004
52052,21959.193000000003
52053,22757.189000000002
52054,21992.188000000002
52055,21792.190000000002
52056,20807.196000000004
52057,21384.195000000003
52058,21202.194000000003
52059,20242.193000000003
52060,21237.191000000003
52061,20297.189000000002
52062,19352.185
52063,18491.193000000003
52064,18899.192
52065,19884.189000000002
52066,19909.185
52067,20089.188000000002
52068,19686.189000000002
52069,20121.185
52070,21086.185
52071,21061.188
52072,21659.186999999998
52073,21636.189000000002
52074,21631.191000000003
52075,20246.191000000003
52076,21221.188000000002
52077,20841.188000000002
52078,21423.187
52079,22778.188000000002
52080,21821.187
52081,22614.192000000003
52082,22756.199000000004
52083,23731.195000000003
52084,23376.195000000003
52085,22780.2
52086,22009.205
52087,23044.202
52088,22639.204
52089,21834.211000000003
52090,22447.206000000002
52091,22057.205
52092,21657.209000000003
52093,20919.207000000002
52094,21735.206000000002
52095,22710.206000000002
52096,22744.204
52097,22381.203
52098,22771.203
52099,22796.203
52100,24190.197
52101,23384.2
52102,23993.198
52103,23995.199
52104,23436.201
52105,23081.197
52106,23268.199
52107,22483.202
52108,23132.203
52109,23487.205
52110,23123.203
52111,23517.205
52112,23687.208000000002
52113,23660.213000000003
52114,22881.212000000003
52115,23686.207000000002
52116,23874.208000000002
52117,25263.204
52118,24521.205
52119,24351.206000000002
52120,23940.208000000002
52121,24321.208000000002
52122,23702.215000000004
52123,23366.209000000003
52124,24618.211000000003
52125,25585.211000000003
52126,25200.214000000004
52127,24847.213000000003
52128,25257.217000000004
52129,26682.209000000003
52130,26838.211000000003
52131,26083.212000000003
52132,26121.209000000003
52133,27091.208000000002
52134,26444.212000000003
52135,25665.211000000003
52136,25692.211000000003
52137,25516.210000000006
52138,26295.214000000004
52139,25957.215000000004
52140,26019.215000000004
52141,26638.213000000003
52142,26740.206000000006
52143,26732.205000000005
52144,25967.206000000006
52145,26359.205
52146,26582.199000000004
52147,27903.204000000005
52148,26938.207000000006
52149,27364.209000000003
52150,26734.215000000004
52151,26260.22
52152,25930.215
52153,25104.215
52154,25267.218
52155,25354.219
52156,25922.223
52157,26217.230000000003
52158,27064.229000000003
52159,26998.236
52160,27408.239
52161,26707.238
52162,27206.235
52163,27963.237
52164,28045.230000000003
52165,27494.23
52166,27569.224000000002
52167,27000.223
52168,27418.222
52169,28137.226000000002
52170,28726.228000000003
52171,27522.234
52172,26601.232000000004
52173,25548.24
52174,25559.239
52175,25550.237
52176,26338.234
52177,28084.233
52178,27727.23
52179,28163.227
52180,27583.226
52181,28492.215
52182,28339.213
52183,27796.213
52184,26994.215
52185,27298.219
52186,28254.22
52187,27874.216
52188,28910.211
52189,28515.212
52190,29128.21
52191,28050.207
52192,27272.204
52193,28124.201
52194,27782.213
52195,27486.208
52196,25984.207000000002
52197,26491.200000000004
52198,26505.204
52199,27371.199000000004
52200,28020.195000000003
52201,28601.187
52202,28801.188000000002
52203,28166.192000000003
52204,28819.187
52205,28057.188000000002
52206,28907.181000000004
52207,29999.184000000005
52208,29370.184
52209,29501.191000000003
52210,28498.195000000003
52211,28584.206000000006
52212,28092.208000000006
52213,26925.208000000002
52214,26517.213000000007
52215,27246.215000000007
52216,28512.213000000007
52217,28789.209000000006
52218,29322.219000000005
52219,29224.219000000005
52220,29621.219000000005
52221,28447.228000000006
52222,28566.216000000004
52223,29676.222000000005
52224,29911.218000000004
52225,29661.209000000003
52226,28938.210000000003
52227,28914.215000000004
52228,29712.216000000004
52229,30573.214000000004
52230,30796.22
52231,31179.225000000002
52232,30648.221000000005
52233,30054.226000000002
52234,29909.231000000003
52235,29373.226000000002
52236,29760.234
52237,30001.235
52238,29372.235000000004
52239,28838.233000000004
52240,28241.237
52241,29165.223
52242,28981.226000000002
52243,28106.231000000003
52244,28141.228000000003
52245,28949.232000000004
52246,29010.234000000004
52247,29821.238000000005
52248,30152.244000000002
52249,35068.247
52250,36178.25200000001
52251,35924.258
52252,36290.259000000005
52253,37086.26
52254,37617.265
52255,35934.262
52256,34765.262
52257,34617.257000000005
52258,34381.26000000001
52259,34291.264
52260,34843.25600000001
52261,35649.25
52262,35867.249
52263,34949.25200000001
52264,35130.247
52265,33922.252
52266,34319.262
52267,34403.272
52268,34164.26700000001
52269,34521.265
52270,33927.26
52271,34137.258
52272,33772.253
52273,33949.246
52274,34391.246
52275,35149.246
52276,35689.24100000001
52277,35657.239
52278,35774.235
52279,35622.224
52280,36168.226
52281,36316.219000000005
52282,36330.227
52283,36980.22200000001
52284,31227.222000000005
52285,30815.216000000004
52286,30247.215000000004
52287,29208.212000000003
52288,30210.212000000003
52289,31013.202000000005
52290,31499.201000000005
52291,31575.193000000003
52292,31596.184000000005
52293,30416.179000000004
52294,30147.177000000003
52295,29287.179000000004
52296,29460.183000000005
52297,29859.179000000007
52298,29643.169000000005
52299,29441.166000000005
52300,28987.167000000005
52301,29114.165000000005
52302,29502.165000000005
52303,28972.160000000003
52304,28906.149000000005
52305,30311.139000000003
52306,30180.138000000006
52307,29731.137000000002
52308,29610.139000000006
52309,28481.140000000007
52310,28999.140000000003
52311,28656.128000000004
52312,28444.132000000005
52313,29690.127000000008
52314,29479.132000000005
52315,29319.128000000004
52316,28323.126000000007
52317,27988.124000000007
52318,28580.120000000006
52319,30302.118000000006
52320,31235.120000000006
52321,31797.118000000002
52322,31576.120000000003
52323,30963.121000000003
52324,31118.122000000003
52325,30286.117000000002
52326,30745.114000000005
52327,32151.108000000004
52328,31965.109000000004
52329,31821.108000000004
52330,30523.113000000005
52331,30716.112000000005
52332,30700.111000000004
52333,29878.113000000005
52334,29282.112000000005
52335,30787.106000000003
52336,30899.113000000005
52337,32070.109000000004
52338,31719.106000000003
52339,30912.105000000003
52340,31261.105000000003
52341,30943.102000000003
52342,30803.098
52343,31812.094000000005
52344,32257.094000000005
52345,32246.098
52346,30878.096000000005
52347,31936.100000000002
52348,32663.100000000002
52349,34232.096
52350,35081.094999999994
52351,35608.09599999999
52352,35459.094
52353,34991.094
52354,34394.095
52355,33285.090000000004
52356,33505.087
52357,33219.081
52358,32835.083000000006
52359,32582.084000000006
52360,31572.086000000007
52361,31974.083000000006
52362,32172.080000000005
52363,31941.079000000005
52364,31119.080000000005
52365,31892.080000000005
52366,33440.08
52367,34976.083999999995
52368,34956.081000000006
52369,34031.08
52370,34772.082
52371,33587.084
52372,33357.082
52373,33888.08299999999
52374,34629.082
52375,34634.079999999994
52376,33595.081
52377,32805.082
52378,31760.07700000001
52379,32150.076000000005
52380,33330.074
52381,33360.072
52382,33180.071
52383,32605.069000000007
52384,34970.067
52385,33050.071
52386,34210.06800000001
52387,33635.066000000006
52388,33665.065
52389,33750.063
52390,32775.063
52391,33120.067
52392,33280.069
52393,33570.07000000001
52394,32785.071
52395,33480.07400000001
52396,34380.07000000001
52397,36030.067
52398,36255.067
52399,36320.065
52400,35885.069
52401,35295.07000000001
52402,35060.073000000004
52403,35825.071
52404,35625.072
52405,35960.073000000004
52406,34395.07400000001
52407,33870.07200000001
52408,33950.07200000001
52409,34465.076
52410,35190.077
52411,35650.073000000004
52412,35075.071
52413,34720.07400000001
52414,35115.073000000004
52415,34560.072
52416,34400.07000000001
52417,33380.069
52418,32630.070000000007
52419,32410.070000000007
52420,32280.067000000006
52421,32835.06800000001
52422,33805.069
52423,30965.065000000006
52424,30920.064000000006
52425,30860.067000000006
52426,32280.067000000006
52427,34025.069
52428,34820.071
52429,34890.068
52430,34950.068
52431,33815.066000000006
52432,33820.065
52433,36925.065
52434,36665.068
52435,36590.064000000006
52436,35910.060000000005
52437,35710.061
52438,35905.061
52439,36500.065
52440,37115.065
52441,37935.063
52442,36725.066
52443,36755.066000000006
52444,37075.061
52445,36545.061
52446,36455.06300000001
52447,34715.060000000005
52448,33715.06100000001
52449,33720.06100000001
52450,33530.062000000005
52451,33920.062000000005
52452,34925.061
52453,34110.06300000001
52454,33550.06300000001
52455,33890.06300000001
52456,34740.06800000001
52457,36785.066000000006
52458,37240.064
52459,37115.07000000001
52460,37605.065
52461,36860.063
52462,36275.064
52463,37065.062000000005
52464,36800.067
52465,36830.066000000006
52466,35695.064
52467,35530.064
52468,36375.061
52469,36365.063
52470,37390.058000000005
52471,38330.060000000005
52472,37975.05900000001
52473,37795.061
52474,37800.060000000005
52475,37160.061
52476,37150.063
52477,35560.064000000006
52478,34970.06700000001
52479,34405.06800000001
52480,34025.07100000001
52481,34160.07400000001
52482,35035.07100000001
52483,33830.07300000001
52484,34060.07300000001
52485,33955.07500000001
52486,34540.07500000001
52487,35900.07600000001
52488,35520.075000000004
52489,35745.07600000001
52490,35725.07600000001
52491,35535.07600000001
52492,35640.079000000005
52493,36225.079000000005
52494,36780.07200000001
52495,36945.074
52496,35580.074
52497,35840.071
52498,35765.070999999996
52499,35570.070999999996
52500,36385.070999999996
52501,36520.074
52502,36020.072
52503,36460.072
52504,36130.07
52505,35970.068
52506,36720.069
52507,35215.068
52508,34405.069
52509,34230.071
52510,34000.073000000004
52511,33545.076
52512,34525.076
52513,33830.075000000004
52514,34385.076
52515,34838.07400000001
52516,35608.07600000001
52517,37013.073000000004
52518,36628.07200000001
52519,37148.066000000006
52520,36313.067
52521,36123.066000000006
52522,36528.06300000001
52523,36748.063
52524,36723.062
52525,35483.065
52526,35298.062000000005
52527,35913.061
52528,36848.064000000006
52529,36518.062000000005
52530,37718.061
52531,38303.062000000005
52532,37323.06300000001
52533,37553.062000000005
52534,37153.064000000006
52535,37083.060000000005
52536,37208.06500000001
52537,36233.067
52538,35623.067
52539,35730.07000000001
52540,35090.071
52541,34500.073000000004
52542,34725.07200000001
52543,34875.07200000001
52544,35295.071
52545,35905.07200000001
52546,36420.076
52547,37425.075000000004
52548,37105.073000000004
52549,37435.075000000004
52550,36425.078
52551,36310.077000000005
52552,36560.071
52553,36555.073000000004
52554,36080.071
52555,35840.066000000006
52556,35340.06800000001
52557,34900.06800000001
52558,35470.071
52559,34930.073000000004
52560,36680.066000000006
52561,37205.06800000001
52562,37755.071
52563,36400.074
52564,36425.07400000001
52565,36290.072
52566,36575.069
52567,36825.068
52568,36920.066
52569,36550.06800000001
52570,37300.067
52571,37170.064
52572,37205.062
52573,37405.060999999994
52574,37540.058999999994
52575,37930.060999999994
52576,38710.060999999994
52577,39450.064
52578,39685.066999999995
52579,38690.068999999996
52580,37925.07
52581,37930.069
52582,37310.070999999996
52583,37460.066
52584,37200.069
52585,36550.068
52586,36810.06
52587,36480.058
52588,37075.056
52589,37803.057
52590,38446.05499999999
52591,39141.057
52592,39006.056
52593,38726.058
52594,39191.058
52595,39636.057
52596,40161.058999999994
52597,40036.06399999999
52598,39691.066
52599,39856.067
52600,40341.063
52601,39466.058
52602,39406.06
52603,38821.064000000006
52604,38796.064000000006
52605,38896.062999999995
52606,38316.061
52607,38601.058
52608,38691.054
52609,38623.049000000006
52610,38203.05
52611,39123.051
52612,39473.053
52613,38523.051
52614,37973.049
52615,37548.05
52616,37338.053
52617,37338.053
52618,37333.054
52619,37703.054
52620,38343.05299999999
52621,38903.05299999999
52622,38513.053
52623,38578.049999999996
52624,39523.051
52625,38633.04899999999
52626,38938.046
52627,38908.047
52628,38508.049
52629,37888.05100000001
52630,37708.047
52631,36703.048
52632,36533.048
52633,37775.043999999994
52634,37315.05
52635,37475.05100000001
52636,37900.05
52637,37665.054000000004
52638,37805.05500000001
52639,38255.051999999996
52640,38100.059
52641,38545.06
52642,39365.058
52643,37540.065
52644,37285.069
52645,37455.069
52646,37460.068
52647,36800.075000000004
52648,37681.07400000001
52649,38036.076
52650,38293.075000000004
52651,38263.076
52652,38108.07400000001
52653,37883.075000000004
52654,38103.075000000004
52655,37688.077
52656,37908.077000000005
52657,37903.08000000001
52658,37183.078
52659,36109.077000000005
52660,36245.06800000001
52661,35868.066
52662,35833.06800000001
52663,36544.071
52664,35729.073000000004
52665,35939.072
52666,35704.075000000004
52667,35899.075000000004
52668,36294.07400000001
52669,37109.073000000004
52670,37542.076
52671,38717.077000000005
52672,39109.077999999994
52673,37677.081000000006
52674,37302.08500000001
52675,37483.086
52676,36552.085
52677,36497.08700000001
52678,37311.08700000001
52679,37496.089
52680,37046.09100000001
52681,37281.08800000001
52682,36722.086
52683,36387.085
52684,36797.089
52685,36589.087
52686,37764.08600000001
52687,36984.087
52688,36279.086
52689,36089.08500000001
52690,36504.08500000001
52691,35689.087
52692,36109.087
52693,37033.09000000001
52694,36373.086
52695,37528.085
52696,37549.083999999995
52697,38709.081
52698,38951.077999999994
52699,39086.079999999994
52700,38881.083
52701,38736.083000000006
52702,38711.083999999995
52703,37944.085999999996
52704,37999.087
52705,37763.087999999996
52706,37369.086
52707,37559.090000000004
52708,38555.087999999996
52709,38380.090000000004
52710,38107.092000000004
52711,38327.092000000004
52712,37902.094000000005
52713,36988.090000000004
52714,37422.08900000001
52715,37007.090000000004
52716,37787.091
52717,36992.092000000004
52718,36142.091
52719,35567.092000000004
52720,36136.095
52721,35921.095
52722,36051.102
52723,37446.102
52724,37441.105
52725,43416.102
52726,43556.103
52727,43709.10900000001
52728,43948.111000000004
52729,44874.121
52730,45487.122
52731,46052.125
52732,45692.125
52733,46122.129
52734,45569.130000000005
52735,44719.137
52736,44524.13900000001
52737,44314.138999999996
52738,44679.14200000001
52739,44714.144
52740,44787.147
52741,44441.14600000001
52742,41746.149000000005
52743,40288.144
52744,35216.14400000001
52745,37060.146
52746,36616.154
52747,42335.15700000001
52748,41925.15700000001
52749,40922.159
52750,40082.16500000001
52751,40342.159
52752,41614.163
52753,43305.162
52754,42682.162
52755,43637.159
52756,44252.157999999996
52757,44427.163
52758,45026.163
52759,45609.167
52760,46004.167
52761,46491.17000000001
52762,45715.17300000001
52763,46400.17400000001
52764,46534.17600000001
52765,46106.18400000001
52766,46170.18000000001
52767,45472.179000000004
52768,39391.18200000001
52769,40312.174000000006
52770,41066.17800000001
52771,40499.181000000004
52772,40038.177
52773,38956.18000000001
52774,39331.184
52775,38461.185
52776,38661.184
52777,39180.186
52778,38970.18800000001
52779,38393.189000000006
52780,38132.188
52781,37746.189000000006
52782,39006.194
52783,38351.202
52784,38356.202
52785,36745.208999999995
52786,37231.208999999995
52787,36691.208999999995
52788,37688.21
52789,37354.210999999996
52790,37282.214
52791,37843.219999999994
52792,37718.218
52793,37654.219999999994
52794,37134.22099999999
52795,36838.22099999999
52796,36492.223999999995
52797,37073.221999999994
52798,36883.221999999994
52799,37995.22699999999
52800,38359.22899999999
52801,37306.23499999999
52802,36995.23699999999
52803,36214.24199999999
52804,36321.24699999999
52805,35771.24399999999
52806,35993.24599999999
52807,35602.24999999999
52808,34983.25599999999
52809,33953.26
52810,33763.255
52811,34228.258
52812,40853.255
52813,40893.256
52814,40420.26200000001
52815,41997.257
52816,42596.258
52817,42847.254
52818,43251.258
52819,43270.262
52820,43855.265
52821,44119.269
52822,44592.267
52823,44589.273
52824,44870.274
52825,44529.279
52826,43457.288
52827,44071.289000000004
52828,44867.29000000001
52829,45743.29
52830,45649.289000000004
52831,45230.288
52832,44571.295000000006
52833,44561.296
52834,45063.299999999996
52835,43817.297
52836,44151.306
52837,43330.31
52838,43155.312
52839,42486.318999999996
52840,42962.318
52841,42863.324
52842,44043.325
52843,44239.327
52844,43565.331
52845,44951.333999999995
52846,45383.34499999999
52847,45494.348999999995
52848,45197.344
52849,45647.345
52850,45855.34
52851,45670.348
52852,45670.35
52853,45849.347
52854,39466.346000000005
52855,39643.350000000006
52856,38873.348000000005
52857,38559.35500000001
52858,39608.354000000014
52859,41532.354000000014
52860,40921.36200000001
52861,40263.36200000001
52862,38721.365000000005
52863,38838.37500000001
52864,40652.37200000001
52865,39495.37700000001
52866,40513.37
52867,39139.37700000001
52868,38889.37300000001
52869,38756.379
52870,38705.382000000005
52871,38363.38500000001
52872,39322.389
52873,39329.393000000004
52874,38999.39500000001
52875,39567.40300000001
52876,40178.407000000014
52877,40616.41500000001
52878,40875.42300000001
52879,40273.429000000004
52880,40290.429000000004
52881,40789.432000000015
52882,41851.433000000005
52883,41204.44000000001
52884,40612.44600000001
52885,40435.45300000001
52886,39507.44900000001
52887,39420.451
52888,40520.454000000005
52889,41214.455
52890,40625.467000000004
52891,41015.465000000004
52892,40288.468
52893,40962.46300000001
52894,42665.46400000001
52895,41734.46800000001
52896,42572.47300000001
52897,41798.484000000004
52898,41264.476
52899,40928.477000000006
52900,41349.474
52901,41754.479
52902,41585.485
52903,41355.492000000006
52904,40878.494000000006
52905,41746.505000000005
52906,42010.502
52907,42085.507000000005
52908,42239.51
52909,42311.507
52910,42604.51
52911,42073.517
52912,43155.526
52913,43142.517
52914,43337.520000000004
52915,43987.52
52916,43018.51400000001
52917,42841.52000000001
52918,43123.525
52919,44126.52800000001
52920,43587.535
52921,43842.528000000006
52922,43618.52600000001
52923,43576.52500000001
52924,44280.536000000015
52925,42470.542000000016
52926,42937.54500000001
52927,42639.545000000006
52928,42138.55200000001
52929,41312.552000000025
52930,40916.55100000002
52931,40923.552000000025
52932,40288.56200000003
52933,40517.56400000002
52934,40627.56000000002
52935,42008.55800000003
52936,42293.56400000003
52937,42112.56400000003
52938,42177.56700000003
52939,42250.57200000003
52940,42263.56800000003
52941,42164.56200000002
52942,42918.57000000002
52943,43542.56500000003
52944,44491.565000000024
52945,45039.56000000002
52946,43917.56100000002
52947,43488.57000000002
52948,42962.58500000002
52949,43218.58900000002
52950,43119.59000000001
52951,43152.60000000002
52952,44348.6
52953,44440.599
52954,44383.59600000003
52955,43134.60900000002
52956,43906.60800000001
52957,44241.60500000001
52958,43440.61
52959,42579.609000000004
52960,43067.62
52961,43498.617000000006
52962,43257.618
52963,43538.609000000004
52964,42952.601
52965,48525.60200000001
52966,49445.60800000001
52967,49425.61600000001
52968,48594.62100000001
52969,49494.613
52970,49499.604000000014
52971,49098.60200000001
52972,48919.617999999995
52973,47816.632
52974,48162.64000000001
52975,49529.623
52976,47989.62399999999
52977,47003.621999999996
52978,48137.628
52979,47578.636
52980,47342.649000000005
52981,47509.653
52982,47727.65400000001
52983,48193.66
52984,48549.662000000004
52985,47915.66
52986,48081.65700000001
52987,48284.66200000001
52988,47262.66400000002
52989,46654.654
52990,47240.65600000002
52991,47216.65400000001
52992,46790.648000000016
52993,47076.64700000001
52994,47075.638000000006
52995,46929.636000000006
52996,47881.63700000001
52997,48183.630000000005
52998,47789.629000000015
52999,48520.63400000002
53000,47803.63800000002
53001,48375.64000000001
53002,49787.634000000005
53003,50013.63500000001
53004,50826.63200000001
53005,51205.629000000015
53006,49677.626000000004
53007,48801.626000000004
53008,42582.636
53009,43645.630000000005
53010,43199.619
53011,42846.613000000005
53012,42600.61100000001
53013,42598.62800000001
53014,43113.627000000015
53015,42496.62300000003
53016,41915.62400000002
53017,42448.62600000002
53018,42282.620000000024
53019,41397.62200000001
53020,42456.62500000001
53021,41312.63100000001
53022,39979.636000000006
53023,39935.63100000001
53024,39747.63500000001
53025,40087.633
53026,41646.632000000005
53027,41536.637
53028,41317.639
53029,41725.63900000001
53030,42277.64000000001
53031,42947.63500000001
53032,43594.64100000001
53033,43493.63400000001
53034,43156.63200000001
53035,42931.632000000005
53036,40972.638000000006
53037,41142.638000000006
53038,41427.63900000001
53039,41665.63400000001
53040,40675.636000000006
53041,40551.63400000002
53042,41046.63600000001
53043,41632.62900000002
53044,41532.63000000001
53045,40032.639
53046,40133.641
53047,39826.63600000002
53048,39831.640000000014
53049,38826.63800000001
53050,39442.63400000002
53051,38554.640000000014
53052,38050.650000000016
53053,37475.63900000002
53054,37308.63100000001
53055,38162.633000000016
53056,39656.62800000001
53057,39130.631
53058,38584.62700000001
53059,39778.62200000001
53060,39719.615000000005
53061,40299.61600000001
53062,40691.60700000001
53063,40718.61400000001
53064,41119.60400000001
53065,41171.599
53066,38901.602000000006
53067,39503.61
53068,39451.609000000004
53069,39417.608
53070,39108.608
53071,38709.59600000001
53072,38646.600000000006
53073,38472.59100000001
53074,38207.59700000001
53075,37316.59400000001
53076,36706.591000000015
53077,35453.58100000001
53078,35439.584
53079,34619.588
53080,35667.578
53081,35585.57
53082,35111.57899999999
53083,34662.585999999996
53084,34805.59399999999
53085,35279.581999999995
53086,37068.57399999999
53087,36443.570999999996
53088,36551.573
53089,36417.574
53090,35293.579
53091,35374.571
53092,36064.559
53093,36594.564
53094,36094.553
53095,37042.554000000004
53096,35405.553
53097,36351.562
53098,35400.57200000001
53099,35874.56400000001
53100,35691.56700000001
53101,34818.57800000001
53102,34724.575000000004
53103,34646.56800000001
53104,34200.55900000001
53105,33497.56500000001
53106,33273.55000000001
53107,32070.54800000002
53108,31947.55000000002
53109,32393.540000000023
53110,32940.53800000001
53111,33413.54600000001
53112,31825.540000000015
53113,31380.53800000002
53114,30948.531000000017
53115,31295.533000000018
53116,33698.52900000002
53117,33527.52700000001
53118,33339.53000000001
53119,32484.527000000013
53120,31522.527000000013
53121,31290.527000000013
53122,32362.527000000013
53123,32022.52000000001
53124,31580.529000000013
53125,31797.526000000013
53126,30493.530000000017
53127,31515.527000000013
53128,31900.517000000014
53129,32533.511000000013
53130,32138.52200000001
53131,31705.525000000012
53132,31798.518000000015
53133,32580.507000000012
53134,33185.50700000001
53135,32671.495000000014
53136,30824.49800000001
53137,29456.501000000015
53138,29565.491000000016
53139,30201.486000000015
53140,30795.487000000016
53141,31458.492000000013
53142,30073.495000000017
53143,29547.498000000014
53144,29326.50000000001
53145,30595.503000000008
53146,31855.497000000007
53147,31165.500000000007
53148,31029.495000000014
53149,30319.487000000012
53150,29733.48600000001
53151,28891.48600000001
53152,29802.48200000001
53153,29036.47500000001
53154,28807.47200000001
53155,28287.469000000012
53156,28122.47500000001
53157,28637.473000000013
53158,28806.46900000001
53159,28423.47500000001
53160,28315.48100000001
53161,27280.47600000001
53162,27365.47200000001
53163,27894.46300000001
53164,27678.465000000007
53165,27368.46200000001
53166,27249.44500000001
53167,27006.441000000006
53168,26237.445000000007
53169,26476.448000000008
53170,26265.446000000007
53171,27073.448000000008
53172,26637.45700000001
53173,27070.45500000001
53174,27155.45800000001
53175,27500.45600000001
53176,27798.459000000013
53177,27298.46200000001
53178,26871.46000000001
53179,26888.46100000001
53180,26546.461000000007
53181,25995.45800000001
53182,25849.45700000001
53183,26463.45300000001
53184,25865.44000000001
53185,25643.433000000005
53186,26010.433000000008
53187,26989.429000000007
53188,27508.429000000007
53189,26916.432000000008
53190,26810.433000000008
53191,25599.432000000008
53192,25832.42900000001
53193,25234.42700000001
53194,24940.429000000007
53195,24414.427000000007
53196,23948.433000000008
53197,23335.438000000006
53198,22901.428000000004
53199,23298.430000000008
53200,23767.421000000006
53201,24942.425000000007
53202,25397.423000000006
53203,24473.425000000007
53204,24573.422000000006
53205,25351.429000000004
53206,25310.431000000008
53207,24348.425000000007
53208,24216.429000000007
53209,24359.434000000005
53210,23670.440000000002
53211,22412.445000000003
53212,21609.438000000002
53213,22020.439000000002
53214,21841.437
53215,21104.439000000002
53216,21153.439000000002
53217,22091.432
53218,22223.426000000003
53219,22516.418
53220,22918.417
53221,21455.420000000002
53222,21197.419000000005
53223,21390.414000000004
53224,21314.413000000004
53225,19880.418000000005
53226,20073.419000000005
53227,18116.427000000003
53228,17801.427
53229,17976.428000000004
53230,16790.436
53231,18164.439000000006
53232,18431.440000000002
53233,17633.449000000004
53234,17445.446000000004
53235,18349.444000000003
53236,17754.444000000003
53237,18166.441000000006
53238,18925.440000000006
53239,19364.439000000006
53240,20747.432000000004
53241,20492.431000000004
53242,21479.424000000006
53243,21796.420000000006
53244,21747.423000000006
53245,22441.415000000005
53246,22408.409000000003
53247,22780.406000000003
53248,23123.401
53249,22149.38
53250,22433.359999999997
53251,21008.367000000002
53252,19021.369
53253,18723.369
53254,18442.37
53255,16226.380000000003
53256,16313.384000000004
53257,15262.380000000003
53258,14175.387000000002
53259,14426.392000000003
53260,12831.388000000003
53261,13724.392000000005
53262,14115.394000000004
53263,13600.409000000007
53264,12966.407000000005
53265,13499.415000000005
53266,12407.415000000006
53267,12705.418000000007
53268,12889.426000000009
53269,14029.43800000001
53270,15681.44200000001
53271,14359.455000000014
53272,13560.464000000016
53273,12654.476000000017
53274,12132.490000000018
53275,10750.50600000002
53276,10045.52100000002
53277,8501.541000000023
53278,6735.575000000018
53279,2041.6219999999955
53280,2662.4510000000037
53281,4140.43900000001
53282,5223.431000000016
53283,7138.422000000019
53284,8238.41500000002
53285,9766.410000000022
53286,10450.40500000002
53287,11645.39700000002
53288,12160.391000000018
53289,13250.383000000018
53290,15914.382000000016
53291,15702.377000000017
53292,14985.376000000015
53293,14083.368000000013
53294,14393.35900000001
53295,13758.36100000001
53296,13508.365000000009
53297,13739.361000000004
53298,14370.356000000002
53299,14486.349000000002
53300,11594.354000000001
53301,12226.357000000002
53302,14158.354000000001
53303,14854.344
53304,15135.335000000005
53305,16530.333000000002
53306,17423.325000000004
53307,17388.308
53308,18018.303
53309,18738.299999999996
53310,18770.302999999996
53311,18265.308999999997
53312,17558.307999999997
53313,18700.313
53314,18378.309999999998
53315,18906.309999999998
53316,19013.313
53317,20373.315
53318,20043.319999999996
53319,20498.317
53320,20320.318
53321,21238.321
53322,19123.314
53323,18053.317
53324,17928.317
53325,17351.313000000002
53326,16053.311000000002
53327,15933.306000000002
53328,15353.308
53329,16186.3
53330,15726.3
53331,14994.286999999998
53332,16264.288999999999
53333,16869.288
53334,16474.287
53335,17251.286
53336,17786.281000000003
53337,16566.283
53338,17121.281000000003
53339,15983.274000000001
53340,14983.269000000002
53341,14968.263
53342,14938.261000000002
53343,15226.256000000003
53344,14106.264000000005
53345,14471.255000000003
53346,14436.253000000004
53347,16021.241000000004
53348,16506.226000000006
53349,17874.22
53350,17474.22
53351,18139.224000000002
53352,17129.222000000005
53353,17524.221000000005
53354,18784.218000000004
53355,17959.217000000004
53356,17184.210000000003
53357,16736.205000000005
53358,17319.201000000005
53359,17044.205000000005
53360,17299.197000000004
53361,17139.192000000003
53362,17509.196000000004
53363,16749.193000000007
53364,16009.190000000004
53365,16171.196000000005
53366,15981.196000000005
53367,15804.199000000006
53368,16587.201000000005
53369,15812.200000000006
53370,16222.202000000005
53371,16452.197000000004
53372,15492.197000000006
53373,15477.200000000006
53374,15039.208000000006
53375,15472.202000000005
53376,15672.204000000005
53377,17037.204000000005
53378,15852.209000000006
53379,16062.209000000004
53380,15876.208000000006
53381,16504.204000000005
53382,16499.205000000005
53383,16469.209000000003
53384,18024.212000000003
53385,17641.215000000004
53386,17428.217000000008
53387,16266.217000000004
53388,17068.214000000004
53389,18648.211000000003
53390,18078.208000000002
53391,17858.208000000002
53392,19438.204
53393,19448.204
53394,18066.206000000002
53395,17901.205
53396,17304.208000000002
53397,16704.208000000006
53398,16901.206000000002
53399,15164.204000000003
53400,15144.205000000004
53401,15709.208000000002
53402,14716.208000000004
53403,14526.210000000005
53404,15331.205000000002
53405,16128.205000000004
53406,15716.208000000004
53407,16896.208000000006
53408,17484.209000000003
53409,17684.208000000002
53410,18659.207000000002
53411,18887.203
53412,17307.207000000006
53413,17492.209000000003
53414,18407.216000000004
53415,18389.218000000004
53416,18457.214000000004
53417,19221.215000000004
53418,18998.218000000004
53419,19988.217000000004
53420,18608.217000000004
53421,17649.218000000004
53422,19604.217000000004
53423,18839.215000000004
53424,18244.217000000004
53425,17844.219000000005
53426,18819.219000000005
53427,18032.219000000005
53428,17062.218000000004
53429,16277.218000000004
53430,16507.216000000004
53431,16892.217000000008
53432,15767.213000000005
53433,16544.212000000003
53434,16757.210000000003
53435,18302.208000000002
53436,17127.209000000003
53437,17332.209000000003
53438,18292.208000000002
53439,18099.208000000002
53440,19466.206000000002
53441,19686.204
53442,19106.203
53443,19911.202
53444,20501.202
53445,20491.204
53446,20486.203
53447,21104.199
53448,20476.203
53449,21616.203
53450,20861.2
53451,20048.203
53452,21628.202
53453,20663.2
53454,19711.197
53455,19141.196
53456,19316.2
53457,19108.2
53458,19103.2
53459,17738.202
53460,17143.202
53461,18508.204
53462,16563.203
53463,17338.203
53464,17907.204
53465,18930.199
53466,19326.198
53467,19506.201
53468,19706.201
53469,19916.199
53470,21246.202
53471,21258.198
53472,21286.197
53473,21286.196
53474,21696.195
53475,21886.195
53476,21081.197
53477,21276.196
53478,21274.198
53479,21674.196
53480,20894.192000000003
53481,20309.190000000002
53482,21058.191000000003
53483,20871.186
53484,19501.186
53485,18934.181
53486,18894.184
53487,18869.187
53488,18874.185
53489,18639.187
53490,17826.191000000003
53491,19386.193000000003
53492,18811.194000000003
53493,18981.197000000004
53494,20331.193000000003
53495,21298.194000000003
53496,20951.191000000003
53497,21716.190000000002
53498,21726.186
53499,22686.186
53500,23061.188000000006
53501,21901.187000000005
53502,21493.190000000006
53503,21650.194000000007
53504,21463.194000000007
53505,21260.191000000006
53506,21268.190000000006
53507,21308.188000000006
53508,21541.182000000004
53509,20753.182000000004
53510,20345.184
53511,20958.181
53512,21533.18
53513,21136.18
53514,19364.183
53515,19369.182
53516,19989.177
53517,20354.178
53518,20949.178
53519,20559.179
53520,19706.189000000002
53521,20096.188000000002
53522,19329.191000000003
53523,18739.192000000003
53524,19702.194000000003
53525,20694.194000000003
53526,20148.194000000003
53527,20943.191000000003
53528,21330.191000000003
53529,22280.199000000004
53530,22275.200000000004
53531,21905.199000000004
53532,22130.194000000003
53533,22518.199000000004
53534,23312.200000000004
53535,23322.207000000002
53536,23330.206000000006
53537,22735.208000000006
53538,22957.206000000002
53539,22823.200000000004
53540,22258.198000000004
53541,22673.196000000004
53542,23463.195000000003
53543,22921.194000000003
53544,21901.198000000004
53545,21893.199000000004
53546,22860.197000000004
53547,22517.194000000003
53548,21217.194000000003
53549,21653.195000000003
53550,21072.196000000004
53551,21449.196000000004
53552,20656.205000000005
53553,20471.206000000006
53554,20696.201000000005
53555,21327.200000000004
53556,21730.202000000005
53557,21922.204000000005
53558,23497.203000000005
53559,24719.201000000005
53560,24562.199000000004
53561,23963.200000000004
53562,24002.199000000004
53563,24610.202000000005
53564,24647.200000000004
53565,24857.201000000005
53566,23935.199000000004
53567,23958.197000000004
53568,24925.201000000005
53569,24137.202000000005
53570,23575.202000000005
53571,22971.208000000006
53572,24746.210000000003
53573,24387.210000000003
53574,23986.217000000004
53575,24360.215000000004
53576,25965.212000000003
53577,25413.213000000003
53578,24630.214000000004
53579,24213.218000000004
53580,24618.214000000004
53581,26224.214
53582,25851.215000000004
53583,25069.218
53584,25246.218
53585,25891.215
53586,26691.212000000003
53587,26292.216000000004
53588,27479.217000000004
53589,29079.218
53590,28173.214000000004
53591,27005.214000000004
53592,27367.219
53593,27744.22
53594,27904.222
53595,28010.226
53596,26917.223
53597,27110.221
53598,27945.217
53599,26390.216
53600,26263.216
53601,25286.213
53602,26835.213
53603,25902.211
53604,25475.211
53605,25435.215
53606,26020.219
53607,24877.219
53608,23695.221
53609,23522.22
53610,23317.223
53611,24543.22
53612,23938.227000000003
53613,23318.229000000003
53614,23548.231000000003
53615,24714.231000000003
53616,25127.233000000004
53617,25011.231000000003
53618,26795.230000000003
53619,27802.231000000003
53620,26769.234000000004
53621,26046.233000000004
53622,26515.228000000003
53623,27608.229000000003
53624,28248.227000000003
53625,28126.222
53626,27328.221
53627,27747.223
53628,28588.219
53629,27392.221
53630,27223.223000000005
53631,26978.214000000004
53632,27833.212000000007
53633,27087.209000000003
53634,26336.211000000007
53635,26318.209000000006
53636,27737.206000000006
53637,27077.204000000005
53638,25298.209000000003
53639,25210.207000000006
53640,26379.209000000003
53641,27010.207000000002
53642,26453.208000000002
53643,25895.209000000003
53644,25650.209000000003
53645,26597.209000000003
53646,26425.203
53647,26633.203
53648,27487.2
53649,28680.202
53650,27884.204
53651,27794.200000000004
53652,27788.203000000005
53653,28326.207
53654,29150.216000000004
53655,28185.214000000004
53656,27960.218000000004
53657,28892.221000000005
53658,29538.218000000004
53659,28186.220000000005
53660,28388.223
53661,27997.228000000003
53662,29083.236000000004
53663,28798.233000000004
53664,28447.234000000004
53665,28317.230000000003
53666,29217.234000000004
53667,29298.238000000005
53668,27571.24
53669,27585.242000000002
53670,28227.245000000003
53671,28431.244000000002
53672,27596.246000000003
53673,27245.247000000003
53674,27485.245000000003
53675,28671.245000000003
53676,29010.246000000003
53677,29447.249000000003
53678,30562.254000000004
53679,30479.245000000006
53680,29455.254000000004
53681,28489.255000000005
53682,27628.259000000005
53683,28164.266
53684,28809.264000000003
53685,28461.269
53686,28444.269
53687,28555.263000000003
53688,28891.271000000004
53689,28255.277000000006
53690,29421.276000000005
53691,28871.274
53692,29464.269000000004
53693,29420.276
53694,28894.280000000006
53695,28496.281000000006
53696,29215.283000000007
53697,30206.286000000007
53698,28036.278000000006
53699,28270.276000000005
53700,28076.278000000002
53701,27994.278000000002
53702,27384.285000000003
53703,27172.282000000003
53704,27000.285000000003
53705,28405.282000000003
53706,28958.283000000003
53707,29084.286000000004
53708,31038.295000000006
53709,31606.290000000005
53710,30388.287000000004
53711,30162.283000000003
53712,28519.286000000004
53713,31164.282000000003
53714,31710.274000000005
53715,31417.275000000005
53716,31765.274000000005
53717,31563.267000000003
53718,32151.266000000003
53719,32341.256000000005
53720,32746.254000000004
53721,31990.252000000004
53722,32763.246000000003
53723,32365.243000000006
53724,31175.245000000006
53725,30661.239000000005
53726,30504.231000000003
53727,31244.229000000007
53728,28752.225000000006
53729,29512.224000000006
53730,29572.218000000004
53731,29692.215000000004
53732,29311.217000000004
53733,30489.211000000003
53734,29986.203000000005
53735,31340.199000000004
53736,31439.199000000004
53737,32413.194000000003
53738,33611.187999999995
53739,35034.179
53740,33789.183
53741,33560.179000000004
53742,31998.177000000003
53743,33255.174
53744,33813.17
53745,34179.164000000004
53746,39389.16499999999
53747,39785.157999999996
53748,39777.159
53749,39727.159
53750,41226.153999999995
53751,40976.143
53752,41516.147
53753,41328.144
53754,40379.145
53755,39508.149000000005
53756,41696.145000000004
53757,41030.144
53758,39498.142
53759,40706.138
53760,40859.139
53761,40579.134999999995
53762,41004.128000000004
53763,40635.125
53764,39900.12
53765,34588.119999999995
53766,35011.121999999996
53767,35858.119
53768,37296.11899999999
53769,36871.121999999996
53770,36016.12099999999
53771,35992.12099999999
53772,35551.12099999999
53773,36147.119999999995
53774,36906.12099999999
53775,37342.11899999999
53776,36921.12099999999
53777,36537.12099999999
53778,36612.11799999999
53779,35799.11899999999
53780,37120.11799999999
53781,36747.11399999999
53782,36902.11499999999
53783,36354.11299999999
53784,37082.11299999999
53785,36242.11599999999
53786,36245.11299999999
53787,36092.111999999994
53788,35161.106999999996
53789,36366.109
53790,36371.10599999999
53791,36578.105
53792,36328.102
53793,35702.10599999999
53794,34858.10599999999
53795,35050.10599999999
53796,35660.104999999996
53797,36397.10199999999
53798,36786.10199999999
53799,36449.098999999995
53800,35045.09799999999
53801,35440.096999999994
53802,35296.094999999994
53803,36496.09199999999
53804,37104.091
53805,37510.087999999996
53806,36794.08499999999
53807,36984.08499999999
53808,36594.08499999999
53809,36558.083999999995
53810,37911.079999999994
53811,37352.079
53812,37292.079
53813,36727.079999999994
53814,33352.084
53815,32602.084000000006
53816,32751.084000000006
53817,31766.083000000006
53818,30842.079000000005
53819,32135.071000000007
53820,31585.067000000006
53821,32000.066000000006
53822,32160.066000000006
53823,31548.066000000006
53824,30408.065000000006
53825,31353.066000000006
53826,32273.06600000001
53827,32883.066000000006
53828,34018.069
53829,33053.073000000004
53830,32653.075000000008
53831,32673.07600000001
53832,32088.076000000012
53833,32888.077000000005
53834,34468.074
53835,33713.075000000004
53836,33308.073000000004
53837,33140.073000000004
53838,32520.075000000008
53839,32515.07600000001
53840,34515.07000000001
53841,34410.072
53842,34435.072
53843,34240.07200000001
53844,34525.065
53845,34015.066000000006
53846,34210.067
53847,34080.064000000006
53848,33105.064000000006
53849,33055.07000000001
53850,32885.07000000001
53851,33220.071
53852,33450.069
53853,32455.068000000007
53854,31710.06600000001
53855,32490.066000000006
53856,33075.067
53857,34225.067
53858,35220.069
53859,34240.07000000001
53860,33865.07200000001
53861,33340.071
53862,33725.069
53863,34695.07000000001
53864,36680.06799999999
53865,35910.066
53866,35520.066999999995
53867,35190.066999999995
53868,35770.064
53869,36450.06
53870,36235.064
53871,36500.05999999999
53872,36880.062999999995
53873,36310.064999999995
53874,36550.064999999995
53875,36385.065
53876,36125.066999999995
53877,35740.066
53878,33980.067
53879,36340.065
53880,36605.061
53881,36860.061
53882,37090.060000000005
53883,36895.060000000005
53884,35490.06300000001
53885,36470.065
53886,37280.064000000006
53887,38420.065
53888,39485.06300000001
53889,38305.065
53890,38275.06700000001
53891,37705.064000000006
53892,36580.066000000006
53893,37140.066000000006
53894,38900.065
53895,38050.069
53896,37895.066000000006
53897,37645.06800000001
53898,38430.06800000001
53899,39575.068
53900,40000.06800000001
53901,39430.069
53902,39550.065
53903,39540.062000000005
53904,39340.06300000001
53905,38310.064
53906,38050.06700000001
53907,35990.06800000001
53908,34655.06700000001
53909,35100.062000000005
53910,35070.06300000001
53911,35590.066000000006
53912,35250.06800000001
53913,35720.067
53914,34360.067
53915,35515.071
53916,36390.067
53917,37590.066
53918,38620.065
53919,38165.06800000001
53920,38355.071
53921,37860.07
53922,36300.07
53923,36015.073000000004
53924,36995.073000000004
53925,36020.074
53926,35440.073000000004
53927,34800.071
53928,35250.069
53929,35650.067
53930,35000.07
53931,35240.071
53932,34885.071
53933,35060.07
53934,35375.07
53935,34455.069
53936,34850.06800000001
53937,34915.065
53938,33855.063
53939,33690.062
53940,34075.063
53941,34690.062
53942,35315.059
53943,35875.059
53944,35295.058
53945,36830.058999999994
53946,36830.059
53947,37375.062
53948,38083.057
53949,38313.05500000001
53950,38643.05699999999
53951,38083.058
53952,36713.059
53953,36123.060000000005
53954,36908.059
53955,35998.056000000004
53956,36140.057
53957,35185.058
53958,40900.058
53959,40890.060000000005
53960,40650.05900000001
53961,34900.061
53962,35080.065
53963,35370.061
53964,34985.061
53965,34385.060000000005
53966,34835.058
53967,34730.057
53968,33980.056000000004
53969,33200.05700000001
53970,34345.057
53971,35065.061
53972,35300.064
53973,36025.067
53974,34950.073000000004
53975,36150.072
53976,36195.07
53977,37435.06800000001
53978,37615.071
53979,38040.068999999996
53980,38065.068999999996
53981,37725.071
53982,36525.07200000001
53983,36105.073
53984,37050.075000000004
53985,35260.077
53986,35120.07600000001
53987,34700.077
53988,34510.078
53989,35130.07600000001
53990,33960.07600000001
53991,34065.07
53992,35630.07
53993,35405.071
53994,41360.068
53995,41165.068
53996,41195.06700000001
53997,41560.066000000006
53998,41285.06300000001
53999,40895.064000000006
54000,41440.067
54001,41480.07
54002,42060.070999999996
54003,42615.07300000001
54004,41655.07200000001
54005,43450.06900000001
54006,43655.068
54007,44400.07000000001
54008,45455.069
54009,45485.06900000001
54010,45935.068
54011,44990.068
54012,43360.07
54013,43320.069
54014,45175.064000000006
54015,44035.063
54016,44555.067
54017,44585.067
54018,44305.069
54019,44310.069
54020,42580.073000000004
54021,42650.07000000001
54022,43685.06800000001
54023,43600.066000000006
54024,43740.06800000001
54025,43170.071
54026,42815.06900000001
54027,42670.065
54028,41635.06800000001
54029,41245.06800000001
54030,41530.07000000001
54031,42705.069
54032,43765.067
54033,43890.066000000006
54034,42075.068
54035,42750.069
54036,42780.06800000001
54037,43195.06800000001
54038,44140.069
54039,44550.07000000001
54040,40205.069
54041,39280.068
54042,37195.07499999999
54043,36470.074
54044,38065.07
54045,36875.07
54046,37200.073
54047,36730.069
54048,36555.070000000014
54049,37015.06700000001
54050,36420.06900000001
54051,36010.06800000001
54052,37810.06500000001
54053,38030.06500000001
54054,38225.06700000002
54055,38070.064000000006
54056,37645.06600000001
54057,42565.06400000001
54058,41540.06400000001
54059,38685.062000000005
54060,38350.061
54061,42190.06000000001
54062,42285.065
54063,43575.065
54064,41633.06300000001
54065,42603.064
54066,42638.06199999999
54067,43418.062000000005
54068,44628.05900000001
54069,44533.062999999995
54070,44885.06599999999
54071,43830.062999999995
54072,42325.062000000005
54073,40885.068
54074,42565.068
54075,41200.069
54076,42075.065
54077,42245.065
54078,42245.065
54079,42300.065
54080,42505.064
54081,42575.069
54082,43555.068
54083,43905.070999999996
54084,44300.07
54085,44615.066
54086,43995.06800000001
54087,42825.069
54088,42245.06700000001
54089,42110.064999999995
54090,42130.06799999999
54091,42954.066000000006
54092,42899.069
54093,44134.066
54094,42829.064
54095,38470.064
54096,37892.064
54097,38607.068
54098,39167.068
54099,38612.066999999995
54100,38577.068999999996
54101,37212.07
54102,35227.073000000004
54103,34807.074
54104,36357.077000000005
54105,34737.079
54106,41322.08000000001
54107,41827.081000000006
54108,41817.083000000006
54109,42437.081000000006
54110,42261.08000000001
54111,42651.081000000006
54112,43131.078
54113,43076.079000000005
54114,43301.079000000005
54115,43934.081
54116,43939.08
54117,42454.081000000006
54118,41904.079
54119,41584.086
54120,41809.086
54121,42029.088
54122,43429.08700000001
54123,38344.089
54124,35744.092000000004
54125,36540.092000000004
54126,35900.092000000004
54127,36440.092000000004
54128,36821.092000000004
54129,36471.08900000001
54130,36471.091
54131,35115.091
54132,33340.09700000001
54133,32970.098000000005
54134,34969.096000000005
54135,33827.097
54136,35427.095
54137,35370.101
54138,41125.098
54139,41960.097
54140,42585.092
54141,42998.095
54142,43393.095
54143,43807.092000000004
54144,44157.094999999994
54145,45117.093
54146,44929.092
54147,43750.092000000004
54148,43430.088
54149,43202.091
54150,44005.09
54151,44625.08899999999
54152,45830.087
54153,46761.092000000004
54154,44171.094
54155,45268.096999999994
54156,44126.098
54157,44005.096999999994
54158,44535.099
54159,43771.1
54160,43764.10499999999
54161,42378.106999999996
54162,40858.113000000005
54163,40093.113000000005
54164,41581.12
54165,39867.122
54166,41303.124
54167,41454.130000000005
54168,41500.132000000005
54169,42475.133
54170,41490.139
54171,42759.14000000001
54172,37829.14200000001
54173,37879.149000000005
54174,38531.149000000005
54175,38611.15200000001
54176,38451.15200000001
54177,38217.15700000001
54178,37629.16300000001
54179,37258.168000000005
54180,37518.171
54181,38682.174
54182,40217.174999999996
54183,41333.168999999994
54184,39913.170000000006
54185,41569.174000000006
54186,40654.174000000006
54187,41389.177
54188,41928.18
54189,40654.181000000004
54190,40755.18699999999
54191,39576.184
54192,38016.187000000005
54193,37365.189999999995
54194,38640.193999999996
54195,38482.195
54196,38977.195
54197,39702.196
54198,39916.202000000005
54199,41748.204
54200,40573.207
54201,40805.204
54202,40780.20799999999
54203,40271.211
54204,40464.215000000004
54205,39596.215000000004
54206,39728.214
54207,39977.212
54208,39461.212999999996
54209,39446.214
54210,40521.211
54211,41665.212999999996
54212,43107.212
54213,43133.216
54214,42183.22
54215,43187.223
54216,43462.223
54217,42271.22900000001
54218,42735.229999999996
54219,40605.238
54220,41423.240999999995
54221,40432.233
54222,39181.231
54223,38738.231999999996
54224,39279.236
54225,38903.23499999999
54226,39726.238
54227,40425.241
54228,40768.248
54229,42468.245
54230,41560.246999999996
54231,42178.249
54232,42579.251
54233,42684.255
54234,43101.257000000005
54235,42988.257999999994
54236,42364.26
54237,42179.265
54238,41282.258
54239,40118.259
54240,40038.264
54241,41127.262
54242,42194.261
54243,42794.259
54244,42133.255000000005
54245,43112.252
54246,42654.253000000004
54247,41993.251000000004
54248,41628.255000000005
54249,40821.25700000001
54250,41815.257000000005
54251,39700.263000000006
54252,39567.266
54253,39676.26400000001
54254,39765.26400000001
54255,39138.26500000001
54256,40416.26600000001
54257,40108.265
54258,39946.27200000001
54259,40566.274000000005
54260,40380.27700000001
54261,41000.275
54262,41203.27700000001
54263,40871.27900000001
54264,40757.288000000015
54265,41107.285
54266,40844.28700000001
54267,42176.293000000005
54268,40972.30000000001
54269,40507.30300000001
54270,40936.30800000001
54271,41693.305
54272,43281.295000000006
54273,43948.298
54274,43759.299999999996
54275,44309.305
54276,43733.30300000001
54277,42625.308
54278,43432.304000000004
54279,43272.308000000005
54280,43549.308000000005
54281,43980.311
54282,43360.314000000006
54283,43524.317
54284,44066.31900000001
54285,43226.326000000015
54286,43752.33
54287,42693.326000000015
54288,43710.32800000001
54289,44266.33000000001
54290,43599.333000000006
54291,43369.33700000001
54292,42982.344000000005
54293,42646.350000000006
54294,43022.349
54295,43486.34200000002
54296,43674.34600000001
54297,44266.357
54298,42111.352000000006
54299,41865.35
54300,42334.354
54301,40945.363999999994
54302,41256.36899999999
54303,41617.37399999999
54304,41388.382999999994
54305,41536.390999999996
54306,40148.40099999999
54307,39835.397999999994
54308,40315.40499999999
54309,41081.403999999995
54310,41851.40299999999
54311,41395.409
54312,41708.40999999999
54313,41526.41499999999
54314,41502.422
54315,41400.428
54316,42086.428
54317,40882.438
54318,40512.439999999995
54319,40873.438
54320,39778.442
54321,41219.438
54322,41944.436
54323,41799.439000000006
54324,41403.443999999996
54325,40376.449
54326,41257.44800000001
54327,41829.45100000001
54328,42255.448
54329,42673.443999999996
54330,43180.439
54331,45216.43800000001
54332,45947.44400000001
54333,46577.444
54334,46534.44200000001
54335,46820.441000000006
54336,45812.44500000001
54337,45743.45300000001
54338,45787.46300000001
54339,46596.46500000001
54340,47047.47
54341,45981.47600000001
54342,45764.47100000001
54343,45293.476000000024
54344,44721.482000000025
54345,45197.48800000002
54346,45572.48900000002
54347,44983.48900000002
54348,43889.48700000003
54349,42987.49300000002
54350,42086.49700000002
54351,41947.51600000002
54352,42510.51400000002
54353,42306.51700000002
54354,42310.51800000001
54355,41598.525000000016
54356,42846.525000000016
54357,42482.533000000025
54358,42819.53200000002
54359,42507.53600000002
54360,43641.53100000002
54361,43560.53700000001
54362,44140.54400000001
54363,44671.544000000016
54364,44851.54600000003
54365,45576.54900000003
54366,44094.55400000002
54367,44125.550000000025
54368,44804.55100000002
54369,46372.547000000006
54370,46521.55600000001
54371,45737.557000000015
54372,45414.56100000001
54373,46022.565
54374,46208.57500000001
54375,45927.58200000001
54376,46609.589000000014
54377,46058.58700000002
54378,45575.58500000002
54379,44779.591000000015
54380,43713.60100000002
54381,43299.60000000001
54382,44299.58800000002
54383,44041.59900000002
54384,44154.60000000002
54385,43889.59800000002
54386,44632.60500000002
54387,42524.61000000002
54388,43010.609000000026
54389,42734.61700000002
54390,42545.626000000026
54391,43160.62200000003
54392,43541.61600000004
54393,43368.61200000004
54394,42840.619000000035
54395,41871.62100000003
54396,40588.63500000003
54397,40751.639000000025
54398,41178.643000000025
54399,42030.63800000002
54400,42948.64300000002
54401,42282.64500000001
54402,41969.65000000001
54403,41847.65500000001
54404,41660.65100000003
54405,42805.65000000002
54406,43681.64500000001
54407,43194.644
54408,42901.64000000001
54409,42288.645
54410,41837.64400000001
54411,40976.646
54412,41777.646
54413,42033.645000000004
54414,42245.645
54415,41391.651999999995
54416,42488.658
54417,41665.65000000001
54418,40927.64800000001
54419,41544.653000000006
54420,41718.644
54421,41972.64600000001
54422,43555.64700000001
54423,43624.64200000001
54424,43365.64600000001
54425,42225.641
54426,41150.642
54427,41428.640999999996
54428,41707.645000000004
54429,42270.63300000001
54430,43158.63900000001
54431,43387.631000000016
54432,42300.64300000001
54433,41789.64300000001
54434,41584.63600000002
54435,42496.63400000001
54436,43262.63400000001
54437,43593.64500000002
54438,43368.64700000002
54439,43160.64300000001
54440,42042.65400000001
54441,40775.65200000001
54442,40784.647000000004
54443,41768.63800000001
54444,41502.64700000001
54445,41364.652
54446,41870.65500000001
54447,41320.65400000001
54448,40801.65000000001
54449,40270.65000000001
54450,40477.641
54451,41166.643000000004
54452,42123.64700000001
54453,41264.65600000001
54454,41069.66
54455,40754.64600000001
54456,39962.64400000001
54457,40177.652
54458,40677.646
54459,41218.63500000001
54460,41572.632999999994
54461,42508.627
54462,41340.632
54463,40409.632
54464,39949.628000000004
54465,40115.638
54466,40595.64100000001
54467,40544.64000000001
54468,40937.634000000005
54469,41567.630000000005
54470,41883.629
54471,41418.641
54472,41592.637
54473,42770.63200000002
54474,42876.623000000014
54475,42674.631000000016
54476,43254.640000000014
54477,42387.64300000002
54478,41770.64300000001
54479,41204.647000000004
54480,41683.64600000001
54481,41813.63500000001
54482,43326.62500000001
54483,42719.62500000001
54484,43246.62200000001
54485,43699.62500000001
54486,42783.63000000001
54487,43231.62300000001
54488,43372.62400000001
54489,43603.62300000001
54490,42754.62100000001
54491,41943.62200000001
54492,39957.613000000005
54493,39195.617
54494,38687.619000000006
54495,38282.62000000001
54496,38771.623000000014
54497,38534.62000000002
54498,38439.621000000014
54499,37715.621000000014
54500,36636.62600000002
54501,36870.62500000002
54502,37353.62300000001
54503,38254.61900000001
54504,37293.61300000001
54505,36176.612000000016
54506,36553.60300000001
54507,36013.60100000001
54508,36065.60300000001
54509,35911.60000000001
54510,37267.59900000001
54511,36968.59500000001
54512,37831.58900000001
54513,36415.587
54514,36676.582
54515,37570.574
54516,37311.577
54517,37455.59100000001
54518,37907.58900000001
54519,38125.593000000015
54520,37667.58800000002
54521,36984.58600000001
54522,35780.580000000016
54523,35718.566000000006
54524,36390.559000000016
54525,35774.56200000001
54526,35605.57100000001
54527,34866.57300000001
54528,33900.56900000001
54529,33454.563000000024
54530,33339.552000000025
54531,33725.54900000002
54532,33908.542000000016
54533,35398.541000000005
54534,34008.542000000016
54535,33905.538000000015
54536,35170.534999999996
54537,34131.54300000001
54538,34289.549
54539,34017.53900000001
54540,34521.53400000001
54541,34671.533
54542,35969.532999999996
54543,34121.52800000001
54544,34564.532
54545,35229.536
54546,33535.54000000001
54547,33666.542000000016
54548,33219.557000000015
54549,32676.566000000017
54550,32758.571000000018
54551,32553.575000000023
54552,31603.57000000002
54553,31323.57100000002
54554,30365.57200000002
54555,30637.574000000015
54556,30441.569000000018
54557,30807.563000000016
54558,30998.563000000016
54559,31397.56200000002
54560,31353.556000000015
54561,31081.553000000014
54562,31064.550000000014
54563,32244.543000000016
54564,32016.535000000014
54565,30611.542000000016
54566,31257.539000000015
54567,30584.534000000018
54568,30003.538000000015
54569,30590.535000000018
54570,30652.536000000015
54571,30567.530000000013
54572,31395.525000000012
54573,30404.525000000012
54574,30817.518000000015
54575,31219.515000000014
54576,30344.511000000017
54577,29940.510000000017
54578,30184.507000000012
54579,29074.507000000016
54580,28525.499000000014
54581,28152.500000000015
54582,28091.499000000014
54583,27550.504000000015
54584,26621.505000000016
54585,26666.512000000013
54586,26844.502000000015
54587,26628.498000000014
54588,27550.489000000012
54589,28500.49400000001
54590,29142.49300000001
54591,30003.493000000013
54592,29945.490000000013
54593,30308.489000000016
54594,30495.489000000016
54595,30246.477000000014
54596,31368.474000000013
54597,31484.465000000015
54598,29804.460000000014
54599,29562.464000000014
54600,29728.457000000017
54601,28779.468000000015
54602,28527.477000000014
54603,27058.475000000013
54604,27522.47200000001
54605,27618.473000000013
54606,26361.47000000001
54607,26175.46200000001
54608,26966.474000000006
54609,26430.470000000012
54610,25745.47100000001
54611,25456.46300000001
54612,24861.46200000001
54613,25356.46300000001
54614,24527.46300000001
54615,24834.466000000008
54616,24322.47100000001
54617,24218.462000000007
54618,24278.45800000001
54619,24596.45800000001
54620,24711.45800000001
54621,24356.45300000001
54622,25302.456000000013
54623,25508.45000000001
54624,25335.46300000001
54625,24661.46100000001
54626,25816.46200000001
54627,25564.46300000001
54628,25527.46100000001
54629,25492.458000000013
54630,25725.461000000014
54631,26447.46000000001
54632,26669.45500000001
54633,25234.45100000001
54634,25491.44900000001
54635,26743.448000000004
54636,25835.440000000006
54637,25930.433000000005
54638,26396.438000000006
54639,25072.445
54640,24738.436000000005
54641,23576.433000000008
54642,23238.428000000007
54643,22843.428000000007
54644,22851.425000000007
54645,22615.431000000004
54646,22170.436000000005
54647,21787.447000000004
54648,21262.440000000002
54649,21859.429000000004
54650,22745.422000000002
54651,21756.418
54652,22708.415000000005
54653,22930.411000000004
54654,21379.421000000006
54655,21919.410000000003
54656,23656.409000000003
54657,22866.415000000005
54658,22172.416000000005
54659,22213.419000000005
54660,21688.420000000006
54661,23063.423000000003
54662,21962.420000000002
54663,21818.412000000004
54664,22316.417
54665,21787.417
54666,20888.418
54667,21289.413
54668,21060.410000000003
54669,21352.409000000003
54670,21232.408000000003
54671,19873.404000000002
54672,19894.401000000005
54673,19664.397000000004
54674,19332.397
54675,19945.391000000003
54676,18444.389000000003
54677,18352.390000000003
54678,17574.399
54679,18030.39
54680,19116.386
54681,18079.389
54682,18764.385
54683,19498.382999999998
54684,18659.381
54685,19241.371
54686,20824.367000000002
54687,20699.367
54688,21096.366999999995
54689,20671.359999999997
54690,20266.352999999992
54691,21272.355999999996
54692,20517.367999999995
54693,20070.364999999994
54694,18505.372999999996
54695,17130.377
54696,16152.383000000003
54697,16581.387000000002
54698,17134.392000000003
54699,16293.398000000003
54700,15559.392000000003
54701,14446.401000000003
54702,13566.405000000006
54703,13928.418000000007
54704,14188.426000000007
54705,14688.430000000011
54706,13829.44500000001
54707,13374.450000000012
54708,12118.459000000013
54709,12162.465000000015
54710,12583.476000000017
54711,11153.492000000018
54712,10639.502000000017
54713,9432.51700000002
54714,8745.526000000014
54715,8766.533000000021
54716,7801.552000000021
54717,5711.582000000013
54718,3468.6080000000065
54719,1080.641999999998
54720,2095.4349999999995
54721,3878.4200000000124
54722,5633.4040000000205
54723,6488.401000000021
54724,7150.405000000022
54725,8950.387000000019
54726,9590.39000000002
54727,10309.384000000015
54728,10543.381000000016
54729,11096.377000000013
54730,14622.379000000015
54731,13472.378000000015
54732,12554.376000000013
54733,12512.368000000011
54734,12527.363000000008
54735,11022.362000000008
54736,11847.363000000007
54737,11722.369000000006
54738,12987.361000000004
54739,13344.359000000004
54740,10899.353000000001
54741,13437.352
54742,15585.344
54743,17577.328000000005
54744,18875.314000000002
54745,21078.308
54746,20733.302
54747,21373.295
54748,21391.291999999998
54749,21936.285999999996
54750,21594.288999999997
54751,20464.287999999997
54752,19357.293999999998
54753,17650.305
54754,18085.299
54755,18055.305
54756,18600.296
54757,17782.301
54758,17950.3
54759,17380.308000000005
54760,18962.304
54761,18785.304
54762,18415.301
54763,17885.297
54764,16773.293
54765,16003.289
54766,16908.292000000005
54767,16656.286000000004
54768,16456.292000000005
54769,17211.292000000005
54770,16193.294000000004
54771,15760.302000000005
54772,16880.300000000007
54773,17665.293000000005
54774,18583.292000000005
54775,19825.282000000003
54776,18808.279000000002
54777,18787.275000000005
54778,18400.267000000003
54779,17655.264000000003
54780,17315.268000000004
54781,16220.265000000003
54782,15575.265000000003
54783,15330.262000000002
54784,21035.263000000003
54785,20430.265000000007
54786,21635.252000000004
54787,22007.245000000003
54788,21188.244000000002
54789,21141.243000000002
54790,22106.240000000005
54791,23276.238000000005
54792,22908.234000000004
54793,23061.225000000002
54794,22398.220000000005
54795,21783.219000000005
54796,21866.207000000002
54797,22156.210000000003
54798,23728.201000000005
54799,24501.194000000003
54800,23516.187
54801,23151.181000000004
54802,24111.182000000004
54803,24516.181000000004
54804,24951.182000000004
54805,25546.180000000004
54806,24968.180000000004
54807,24206.181
54808,24016.185
54809,23216.188000000002
54810,21851.191000000003
54811,21271.194000000003
54812,21486.193000000003
54813,20671.200000000004
54814,21466.201000000005
54815,21048.204000000005
54816,22030.206000000006
54817,22628.205000000005
54818,22598.209000000006
54819,21851.208000000006
54820,23031.207000000006
54821,18346.208000000002
54822,18146.208000000006
54823,18738.206000000002
54824,17766.207000000006
54825,17796.204000000005
54826,17856.198000000004
54827,17866.195000000003
54828,18476.191000000003
54829,19656.191000000003
54830,19661.192000000003
54831,19261.194000000003
54832,19066.198000000004
54833,19226.201000000005
54834,19223.200000000004
54835,19021.201000000005
54836,17856.200000000004
54837,17846.201000000005
54838,17491.199000000004
54839,17521.194000000007
54840,16946.192000000003
54841,17534.191000000003
54842,17514.192000000003
54843,16764.188000000002
54844,17719.191000000003
54845,18301.190000000002
54846,19036.196
54847,19836.193
54848,19841.193
54849,18889.189
54850,20094.183
54851,19494.185
54852,19304.184
54853,20277.186
54854,19467.188
54855,18897.187
54856,19467.185999999998
54857,18677.186999999998
54858,18267.191
54859,19622.193
54860,19852.19
54861,20057.189
54862,20447.187
54863,21414.187
54864,20574.195
54865,20579.194
54866,19399.196
54867,18814.197
54868,18042.196
54869,17844.197000000004
54870,18442.194
54871,18827.195
54872,18797.199
54873,17447.197000000004
54874,18807.197
54875,20032.191
54876,20607.193
54877,20597.195
54878,20387.197
54879,18642.194
54880,18247.195
54881,18562.2
54882,18167.199
54883,18747.198
54884,17547.202000000005
54885,17137.202000000005
54886,16927.205
54887,17687.208000000002
54888,18827.213000000003
54889,20377.214000000004
54890,20007.211000000003
54891,19647.208000000002
54892,18907.203
54893,19317.202
54894,19517.201
54895,20097.199
54896,19557.197
54897,19187.195
54898,18407.196
54899,18607.196
54900,18992.197
54901,19787.196
54902,20342.201
54903,19927.205
54904,21112.202
54905,21127.201
54906,21292.202
54907,21652.205
54908,20472.207000000002
54909,18507.208000000002
54910,18854.211000000003
54911,18839.212000000003
54912,19449.209000000003
54913,19644.211000000003
54914,18896.208000000002
54915,18696.209000000003
54916,19481.205
54917,20099.2
54918,21264.202
54919,21672.197
54920,20522.193
54921,19512.195
54922,18147.192000000003
54923,17917.197
54924,18094.194000000003
54925,18484.196000000004
54926,18461.196000000004
54927,18666.191000000003
54928,18249.195000000003
54929,19964.196000000004
54930,20380.193000000003
54931,21332.196000000004
54932,22327.194000000003
54933,22150.192000000003
54934,22935.191000000003
54935,24515.189000000002
54936,23915.191000000003
54937,24900.188000000002
54938,23542.187
54939,21607.187
54940,22162.188000000002
54941,22352.186
54942,21549.188000000002
54943,21514.190000000002
54944,20937.190000000002
54945,19727.191000000006
54946,20502.190000000006
54947,20512.186000000005
54948,21854.185000000005
54949,22082.181000000004
54950,20692.184000000005
54951,19497.186000000005
54952,19122.184
54953,19712.184
54954,19737.182
54955,20107.182000000004
54956,19742.182000000004
54957,19347.182000000004
54958,19347.185
54959,20362.184
54960,25452.186
54961,26419.188000000002
54962,26614.193000000003
54963,25859.191000000003
54964,27083.192000000003
54965,28283.188000000002
54966,28073.186
54967,29015.190000000002
54968,27670.187
54969,26485.186
54970,27065.185
54971,27657.182000000004
54972,27647.183000000005
54973,27674.189000000002
54974,26273.194000000003
54975,25520.195000000003
54976,26269.196000000004
54977,26429.198000000004
54978,27985.199000000004
54979,28833.197000000004
54980,27868.196000000004
54981,27270.201000000005
54982,27084.202000000005
54983,28089.198000000004
54984,27544.196000000004
54985,28330.196000000004
54986,27611.191000000003
54987,26874.191000000003
54988,26297.191000000006
54989,27082.190000000006
54990,27854.198000000004
54991,28633.198000000004
54992,28462.193000000003
54993,27344.190000000006
54994,29735.185000000005
54995,30504.187000000005
54996,29959.187000000005
54997,31348.184
54998,30775.188000000002
54999,30190.192000000003
55000,30749.195000000003
55001,30837.192000000003
55002,30272.195000000003
55003,30845.197000000004
55004,30908.191000000003
55005,30596.188000000002
55006,30786.188000000002
55007,30398.192000000003
55008,26859.192000000003
55009,26448.195000000003
55010,24295.197000000004
55011,24685.197000000004
55012,25291.196000000004
55013,25890.197000000004
55014,24962.195000000003
55015,25082.204000000005
55016,25097.205000000005
55017,24894.210000000003
55018,24217.204
55019,24371.208000000002
55020,25276.203
55021,25650.206000000002
55022,25506.205
55023,24586.206000000002
55024,26132.205
55025,27297.207000000002
55026,26512.207000000002
55027,28424.204
55028,27835.208000000002
55029,27207.211000000003
55030,27438.206000000002
55031,26869.208000000002
55032,25759.207000000002
55033,26507.207000000002
55034,26125.211000000003
55035,25596.209000000006
55036,25980.210000000006
55037,26005.207000000006
55038,26629.205000000005
55039,26853.204000000005
55040,25260.201000000005
55041,25909.197000000004
55042,25534.196000000004
55043,26342.191000000003
55044,25394.190000000002
55045,26194.191000000003
55046,26590.194000000003
55047,27171.192000000003
55048,26812.191000000003
55049,26389.194000000003
55050,27051.193000000003
55051,27046.193000000003
55052,27074.191000000003
55053,26305.191000000003
55054,27620.196000000004
55055,28964.197
55056,28173.197
55057,29331.198
55058,29701.196
55059,28850.19
55060,28469.191
55061,28734.186999999998
55062,28320.19
55063,28899.192
55064,28806.197
55065,28423.197
55066,28994.199999999997
55067,28660.200999999997
55068,29845.198999999997
55069,29998.201999999997
55070,28288.202999999998
55071,29004.194
55072,28905.185999999998
55073,29330.183
55074,28373.181
55075,28938.177
55076,29381.177
55077,29795.172
55078,28789.178
55079,28193.181
55080,28370.186
55081,28651.186
55082,28307.187
55083,28474.186
55084,29237.190000000002
55085,30315.183000000005
55086,29356.182000000004
55087,30798.174000000003
55088,31000.172000000002
55089,30462.174000000003
55090,30500.181000000004
55091,30746.184000000005
55092,30349.186000000005
55093,30371.189000000006
55094,29779.195000000003
55095,29672.188000000006
55096,29966.196000000004
55097,29580.208000000006
55098,29788.210000000003
55099,29766.215000000004
55100,28773.218000000004
55101,28488.224000000006
55102,28665.225000000006
55103,29104.227000000006
55104,28460.227000000006
55105,29115.221000000005
55106,29557.221000000005
55107,29444.228000000006
55108,28863.223000000005
55109,27881.224000000006
55110,28841.214000000004
55111,29096.212000000003
55112,29307.210000000003
55113,28742.217000000004
55114,29915.224000000002
55115,30364.228000000003
55116,29405.227000000003
55117,30571.235000000004
55118,30391.238000000005
55119,30440.239
55120,30631.241
55121,30815.241
55122,29837.246000000003
55123,29477.252000000004
55124,30236.253000000004
55125,29853.258000000005
55126,30756.251000000004
55127,30344.253000000004
55128,30911.255000000005
55129,36898.251000000004
55130,35283.26
55131,35040.273
55132,35602.276
55133,35695.268
55134,35330.267
55135,35933.273
55136,36200.265
55137,36631.261
55138,36421.258
55139,35424.265
55140,35604.261
55141,34845.261
55142,34771.259000000005
55143,34610.255000000005
55144,35917.257000000005
55145,36269.258
55146,35741.263
55147,36276.275
55148,36360.278000000006
55149,36116.278
55150,36418.277
55151,37301.283
55152,36595.276
55153,36024.274999999994
55154,36064.269
55155,35181.271
55156,36801.261
55157,36034.257000000005
55158,36567.26
55159,36722.254
55160,35370.245
55161,35357.243
55162,35870.24600000001
55163,35980.249
55164,35986.244000000006
55165,35676.240000000005
55166,35831.238000000005
55167,36651.231999999996
55168,35951.233
55169,35693.24
55170,36259.24
55171,30710.237
55172,31365.217
55173,31162.206000000002
55174,31707.197
55175,32490.192
55176,30889.191000000003
55177,31328.188000000002
55178,31100.184
55179,30564.184
55180,31000.179
55181,31159.178000000004
55182,30565.173000000003
55183,30969.164000000004
55184,31365.160000000003
55185,30586.160000000003
55186,32309.166000000005
55187,32360.153000000006
55188,32768.143000000004
55189,32916.143000000004
55190,31514.134000000005
55191,31066.129
55192,32037.128
55193,31769.134000000002
55194,31254.126000000004
55195,30670.124000000003
55196,30712.118000000006
55197,31872.115000000005
55198,31275.117000000006
55199,30903.119000000006
55200,32254.118000000006
55201,32418.113000000005
55202,32350.116
55203,32987.11
55204,33147.117000000006
55205,33022.117000000006
55206,32675.116000000005
55207,32627.115000000005
55208,33228.114
55209,32689.109000000004
55210,33109.107
55211,33899.10400000001
55212,32337.101000000006
55213,31849.106000000003
55214,32058.106000000003
55215,31062.104000000003
55216,32413.103000000003
55217,32255.102000000006
55218,31987.108000000004
55219,31809.108000000004
55220,31081.099000000006
55221,30646.100000000006
55222,31644.099000000006
55223,32220.096000000005
55224,32039.091000000004
55225,31995.091000000004
55226,31174.091000000004
55227,32103.091000000004
55228,30875.091000000004
55229,31105.089000000004
55230,32108.086000000003
55231,32090.085000000003
55232,32503.084000000003
55233,31800.092000000004
55234,32201.093000000004
55235,32547.090000000004
55236,32707.090000000004
55237,32066.092000000004
55238,32839.093
55239,32384.094000000005
55240,33172.088
55241,33417.087
55242,31752.082000000006
55243,30942.08
55244,30521.083000000002
55245,29414.078000000005
55246,30188.077
55247,30548.079
55248,30735.082000000002
55249,30500.082000000002
55250,30660.082000000002
55251,30194.084000000003
55252,30749.085000000003
55253,30991.083000000002
55254,30904.082000000002
55255,31654.083000000002
55256,31089.083000000006
55257,31114.082000000006
55258,30165.080000000005
55259,30730.076000000005
55260,30595.073000000004
55261,30435.071000000004
55262,31645.065000000002
55263,34370.064
55264,34760.066
55265,34725.068
55266,34725.068
55267,34425.064999999995
55268,35440.062
55269,34685.062999999995
55270,35070.064
55271,36380.064999999995
55272,35275.062
55273,34555.060999999994
55274,33795.062
55275,32955.064
55276,33700.067
55277,34150.066000000006
55278,34765.064999999995
55279,34380.064
55280,34180.065
55281,33210.064000000006
55282,34145.067
55283,33460.063
55284,34480.059
55285,34705.058
55286,33920.059
55287,33325.061
55288,32155.061000000005
55289,32780.059
55290,32435.060000000005
55291,31820.062000000005
55292,32015.062000000005
55293,32760.064000000002
55294,33680.065
55295,34035.067
55296,33425.067
55297,33230.07
55298,33705.068
55299,34070.069
55300,34555.074
55301,36145.073000000004
55302,34615.072
55303,33625.076
55304,33465.075000000004
55305,32315.077000000005
55306,32390.077000000005
55307,32860.073000000004
55308,33415.076
55309,32845.078
55310,31425.084000000006
55311,31205.075000000004
55312,32605.073000000008
55313,31735.075000000008
55314,31365.07800000001
55315,32405.076000000005
55316,31915.073000000008
55317,31850.068000000007
55318,30485.068000000007
55319,30735.067000000006
55320,31115.070000000007
55321,30730.069000000007
55322,31375.067000000006
55323,32135.066000000006
55324,33005.063
55325,33090.06100000001
55326,32320.05900000001
55327,32520.058000000008
55328,34055.058000000005
55329,33640.058000000005
55330,33630.060000000005
55331,40075.061
55332,39195.05700000001
55333,39235.054000000004
55334,39490.054000000004
55335,38125.054000000004
55336,38675.058000000005
55337,39855.056000000004
55338,40220.056
55339,39940.058000000005
55340,39520.06
55341,39130.06
55342,39470.065
55343,38880.06700000001
55344,39600.066000000006
55345,40385.065
55346,39500.063
55347,38705.066000000006
55348,36820.06300000001
55349,36165.06100000001
55350,36600.06000000001
55351,36565.058000000005
55352,36895.05700000001
55353,37090.05700000001
55354,38200.06000000001
55355,39015.058000000005
55356,38440.05700000001
55357,37850.058000000005
55358,38990.06000000001
55359,38560.06300000001
55360,38820.06000000001
55361,39210.060000000005
55362,37530.06000000001
55363,36935.062000000005
55364,37155.062000000005
55365,35930.06300000001
55366,37260.06500000001
55367,38075.06300000001
55368,38795.06500000001
55369,37780.06900000001
55370,37575.072000000015
55371,36825.07100000001
55372,38030.07100000001
55373,38470.07100000001
55374,37315.06900000001
55375,37770.06700000001
55376,37420.066000000006
55377,37445.066000000006
55378,36085.06500000001
55379,35850.06900000001
55380,30875.072000000007
55381,31010.074000000008
55382,31565.075000000008
55383,32020.072000000007
55384,33610.073000000004
55385,33835.073000000004
55386,33250.07300000001
55387,32880.07000000001
55388,34240.07000000001
55389,33640.07300000001
55390,34040.07200000001
55391,35265.07100000001
55392,33875.07200000001
55393,33510.07200000001
55394,33660.06800000001
55395,32650.07000000001
55396,33235.066000000006
55397,34385.06500000001
55398,34035.064000000006
55399,33980.066000000006
55400,33650.065
55401,33065.066000000006
55402,34265.065
55403,34475.06300000001
55404,32775.062000000005
55405,32930.066000000006
55406,32385.06300000001
55407,32685.06600000001
55408,31935.06600000001
55409,32100.06700000001
55410,32155.06700000001
55411,32150.06800000001
55412,32480.06200000001
55413,32645.06300000001
55414,34395.064000000006
55415,34190.066000000006
55416,34360.066000000006
55417,33190.06700000001
55418,33845.064000000006
55419,33715.061
55420,33705.06300000001
55421,34750.07000000001
55422,33780.07100000001
55423,33955.07100000001
55424,34305.07400000001
55425,33335.07300000001
55426,34205.07100000001
55427,34730.074
55428,35205.074
55429,34535.077000000005
55430,34575.075000000004
55431,33605.07400000001
55432,35245.074
55433,35395.081
55434,33580.08400000001
55435,34300.079000000005
55436,33375.08000000001
55437,32620.080000000013
55438,31545.077000000012
55439,31710.078000000012
55440,32555.076000000012
55441,32170.081000000013
55442,31590.081000000013
55443,31955.079000000012
55444,33345.07900000001
55445,34020.077000000005
55446,34570.077000000005
55447,34605.07600000001
55448,34570.07800000001
55449,34055.08000000001
55450,34090.07800000001
55451,34925.078
55452,33510.07800000001
55453,32950.07800000001
55454,33165.07900000001
55455,33040.07500000001
55456,34735.07200000001
55457,36275.07200000001
55458,37175.068
55459,36355.07200000001
55460,36780.07
55461,36660.066000000006
55462,39040.063
55463,38710.062000000005
55464,37530.06
55465,37193.06
55466,37333.061
55467,36493.064
55468,36388.065
55469,36358.066000000006
55470,36663.063
55471,36483.064999999995
55472,35463.068
55473,36038.070999999996
55474,37563.073
55475,37738.072
55476,36033.072
55477,35503.070999999996
55478,35908.068
55479,35328.070999999996
55480,35563.068
55481,35943.07
55482,34158.07000000001
55483,33798.069
55484,34018.069
55485,33298.07600000001
55486,33928.081000000006
55487,34903.081000000006
55488,36083.07900000001
55489,35323.08000000001
55490,35498.083000000006
55491,34868.07800000001
55492,36768.079
55493,36208.079000000005
55494,35068.07700000001
55495,34963.07400000001
55496,35378.07300000001
55497,35098.075000000004
55498,34513.079000000005
55499,34718.077000000005
55500,34385.076
55501,34760.075000000004
55502,34665.07
55503,35215.071
55504,37145.07
55505,37165.071
55506,36195.07
55507,35455.070999999996
55508,34815.076
55509,35265.074
55510,35485.074
55511,35710.072
55512,34160.071
55513,34365.07000000001
55514,33805.071
55515,33010.07500000001
55516,34305.075000000004
55517,34510.07800000001
55518,35290.079
55519,35535.082
55520,35550.084
55521,35525.083000000006
55522,37260.08200000001
55523,36810.08500000001
55524,35240.08800000001
55525,35215.09100000001
55526,35230.09300000001
55527,35450.093
55528,35100.088
55529,35100.083999999995
55530,35590.079000000005
55531,35520.084
55532,35910.084
55533,35710.085
55534,37878.08700000001
55535,38703.083
55536,37528.076
55537,36558.081
55538,37407.08
55539,38007.078
55540,37987.077
55541,38017.078
55542,36664.076
55543,36474.075000000004
55544,36044.078
55545,35884.076
55546,36724.075
55547,37114.076
55548,37364.075
55549,36982.07399999999
55550,36802.075999999994
55551,36777.075999999994
55552,38342.07499999999
55553,38112.07699999998
55554,36072.081
55555,35547.08
55556,36062.085
55557,36869.08
55558,35841.081
55559,35851.085
55560,35166.090000000004
55561,35626.08700000001
55562,35619.087
55563,35159.091
55564,37309.09000000001
55565,38094.09000000001
55566,37449.092000000004
55567,37060.092000000004
55568,37657.091
55569,38442.091
55570,38877.087
55571,38870.087999999996
55572,37265.09100000001
55573,37096.090000000004
55574,37156.089
55575,37051.088
55576,37232.089
55577,37482.088
55578,37292.088
55579,36112.090000000004
55580,36899.08900000001
55581,36764.08900000001
55582,38124.091
55583,37894.094
55584,36334.094000000005
55585,35476.096000000005
55586,35878.095
55587,34653.10100000001
55588,34053.10400000001
55589,34334.10100000001
55590,33729.100000000006
55591,33203.102000000006
55592,33752.10300000001
55593,34172.10500000001
55594,35082.106
55595,36027.108
55596,35812.11
55597,35063.112
55598,35758.118
55599,36128.119000000006
55600,36413.124
55601,36838.12300000001
55602,35918.125
55603,35475.129
55604,36125.127
55605,36037.131
55606,36252.136
55607,37007.136000000006
55608,36492.134000000005
55609,35872.14100000001
55610,36312.14600000001
55611,37287.14600000001
55612,37129.14500000001
55613,37115.138000000006
55614,35920.14300000001
55615,35778.14800000001
55616,35654.145000000004
55617,35482.14600000001
55618,35660.14400000001
55619,35270.14600000001
55620,34137.14600000001
55621,34437.14400000001
55622,35364.14400000001
55623,35571.15000000001
55624,36666.153000000006
55625,36013.15700000001
55626,35813.159000000014
55627,35235.16000000001
55628,36458.16300000001
55629,37131.164
55630,38068.16300000001
55631,37688.16900000001
55632,37605.17300000001
55633,37389.17600000001
55634,38199.17700000001
55635,37986.17600000001
55636,39017.177
55637,39044.18000000001
55638,38035.185000000005
55639,37965.18000000001
55640,38111.175
55641,37951.17700000001
55642,37959.17800000001
55643,38354.174000000006
55644,37194.17600000001
55645,37138.18600000001
55646,36121.19200000001
55647,36045.19500000001
55648,35835.19500000001
55649,35431.198000000004
55650,34776.19900000001
55651,34924.202000000005
55652,35198.213
55653,35528.209
55654,35572.209
55655,35050.20700000001
55656,35085.209
55657,35250.21100000001
55658,37004.20700000001
55659,36816.208000000006
55660,37571.214
55661,37996.21400000001
55662,38171.21300000001
55663,37466.213
55664,38966.21
55665,39428.212
55666,40438.21
55667,40168.214
55668,38489.219
55669,37871.229
55670,38251.223
55671,37895.225
55672,37964.224
55673,38471.228
55674,37732.226
55675,37724.231
55676,37156.22900000001
55677,36346.237
55678,35488.231
55679,36113.234000000004
55680,36543.233
55681,36539.235
55682,36610.238000000005
55683,37440.239
55684,37699.241
55685,37505.241
55686,37805.248
55687,37457.252
55688,39012.255
55689,39235.251000000004
55690,37973.253000000004
55691,38802.252
55692,38416.257
55693,37721.255000000005
55694,38471.257000000005
55695,39113.25300000001
55696,39951.25200000001
55697,39988.253000000004
55698,39368.25800000001
55699,39039.26
55700,38806.261000000006
55701,38443.26500000001
55702,39020.26500000001
55703,38999.26500000001
55704,38326.261000000006
55705,38361.26600000001
55706,36973.27200000001
55707,37432.27100000001
55708,37677.271
55709,38183.270000000004
55710,38100.26900000001
55711,37784.26600000001
55712,38026.273
55713,38529.272000000004
55714,39545.26900000001
55715,38405.26800000001
55716,37560.27300000001
55717,37355.28300000001
55718,39159.28300000001
55719,39384.28100000001
55720,40446.28500000001
55721,42129.28900000001
55722,41919.28700000001
55723,41481.290000000015
55724,42031.29700000001
55725,43076.29800000001
55726,43871.299000000006
55727,43787.30600000001
55728,43461.30200000002
55729,42643.30900000002
55730,42258.31200000002
55731,42405.31000000001
55732,43218.31400000001
55733,42936.31900000001
55734,42189.32100000001
55735,41438.32600000001
55736,40400.33200000001
55737,40165.326000000015
55738,38813.33400000002
55739,39474.334000000024
55740,38316.34100000002
55741,37530.345000000016
55742,37282.353000000025
55743,38503.35500000002
55744,39458.35300000002
55745,38810.35900000002
55746,38608.35900000001
55747,39014.36100000001
55748,40377.36500000002
55749,40154.36400000002
55750,40988.36300000001
55751,42360.36800000002
55752,41621.379000000015
55753,41305.38000000002
55754,41898.38200000001
55755,43152.38400000001
55756,43505.393000000004
55757,44180.39200000001
55758,43459.39400000001
55759,43530.39700000001
55760,44041.39700000002
55761,43234.40500000002
55762,43848.40400000001
55763,43918.40500000001
55764,43148.413000000015
55765,43320.41400000001
55766,43364.40800000001
55767,43346.41
55768,42375.41100000001
55769,42790.41400000001
55770,42013.427
55771,41143.439000000006
55772,40270.43400000001
55773,41261.43700000001
55774,41662.44200000001
55775,41271.441000000006
55776,41576.44200000001
55777,41320.43900000001
55778,41733.449000000015
55779,40896.45300000001
55780,41298.45600000002
55781,42601.45600000002
55782,42810.45700000002
55783,42245.455000000016
55784,42243.464000000014
55785,43291.47300000001
55786,43290.47300000001
55787,44341.472000000016
55788,44912.47700000003
55789,45278.48100000002
55790,44176.48300000003
55791,43477.48300000003
55792,44439.48100000002
55793,43951.486000000026
55794,43916.49000000003
55795,44282.484000000026
55796,43790.49800000003
55797,43562.495000000024
55798,42686.49000000002
55799,41979.506000000016
55800,42272.50800000002
55801,42052.510000000024
55802,41735.509000000005
55803,43332.50700000002
55804,43922.52000000002
55805,43448.52400000002
55806,42629.52200000002
55807,42461.52500000001
55808,42729.52400000001
55809,42538.52400000001
55810,42510.52700000002
55811,42792.52900000002
55812,42716.53700000001
55813,41972.53500000002
55814,41630.53700000002
55815,42567.53500000001
55816,43101.53500000001
55817,44074.54000000001
55818,45076.54600000001
55819,45254.54900000001
55820,45699.54600000002
55821,46197.54000000002
55822,46505.54100000002
55823,46317.54000000002
55824,46217.54300000002
55825,45342.55700000002
55826,45785.56000000002
55827,44455.573000000026
55828,43682.57200000002
55829,43353.575000000026
55830,44301.57700000002
55831,43587.584000000024
55832,42956.58100000003
55833,44393.58500000002
55834,45722.58300000003
55835,44482.58700000003
55836,44455.58300000002
55837,44348.589000000014
55838,43375.59900000001
55839,43533.59500000001
55840,42493.59900000001
55841,43324.60400000001
55842,43286.624
55843,42660.624
55844,41774.623999999996
55845,42898.62300000001
55846,43176.619
55847,44324.62200000001
55848,44848.624
55849,45025.62200000001
55850,45466.622
55851,45403.62200000001
55852,44998.632000000005
55853,44831.633
55854,44483.640999999996
55855,44388.646
55856,44679.638
55857,43335.632
55858,43434.62500000001
55859,43092.62600000001
55860,43558.62200000001
55861,43058.626000000004
55862,41814.635
55863,42729.626
55864,42412.632999999994
55865,42320.627
55866,40640.632
55867,41428.63100000001
55868,41481.635
55869,40240.635
55870,39870.635
55871,41211.64000000001
55872,41657.64400000001
55873,40967.647000000004
55874,40932.64100000001
55875,41034.64200000001
55876,41287.644
55877,42983.65
55878,43093.650000000016
55879,43447.65400000002
55880,43201.66000000002
55881,43532.66000000001
55882,43701.65100000001
55883,43470.655000000006
55884,43756.656
55885,43546.646
55886,43739.644
55887,41328.644
55888,41246.643000000004
55889,41543.637
55890,41324.632
55891,41675.623
55892,40898.636000000006
55893,42698.642
55894,42068.643000000004
55895,42739.638000000006
55896,42237.63700000001
55897,42824.652
55898,42667.65600000001
55899,42028.648
55900,41954.64200000001
55901,42487.64600000001
55902,42268.648
55903,40897.645000000004
55904,40644.649000000005
55905,41059.653999999995
55906,41206.66
55907,43187.662
55908,43310.662
55909,43336.66500000001
55910,43488.653000000006
55911,42446.652
55912,42334.655000000006
55913,43172.65100000001
55914,43065.652
55915,41676.656
55916,41769.65
55917,39371.655000000006
55918,38749.657
55919,39157.655999999995
55920,38975.65699999999
55921,39219.653999999995
55922,39284.65
55923,39818.658
55924,40929.644
55925,41725.643
55926,41571.636999999995
55927,41584.64300000001
55928,40723.63100000001
55929,40008.64200000001
55930,40316.63300000001
55931,39686.631
55932,39665.62700000001
55933,39331.63100000001
55934,39082.63300000001
55935,39090.62800000001
55936,38595.636000000006
55937,40204.615000000005
55938,40891.61400000001
55939,39766.61400000002
55940,39159.60100000001
55941,38065.60800000001
55942,37807.609000000004
55943,37898.60800000001
55944,37798.605
55945,37604.60000000002
55946,37109.604000000014
55947,36171.60200000001
55948,35159.60100000002
55949,35003.60900000001
55950,35341.608000000015
55951,35195.61000000001
55952,35605.61000000001
55953,36970.61000000001
55954,37748.601
55955,43720.592000000004
55956,43420.59600000002
55957,41957.59300000001
55958,41606.59300000002
55959,41632.58500000001
55960,41885.58600000001
55961,43023.580000000016
55962,41727.58
55963,41221.572000000015
55964,40502.56500000002
55965,39688.56700000001
55966,39872.56300000001
55967,40703.573000000004
55968,41290.569
55969,40453.56400000001
55970,39296.56700000001
55971,38032.56600000002
55972,37717.56000000002
55973,37825.56200000002
55974,33292.56000000001
55975,34141.555000000015
55976,33604.561000000016
55977,32935.56300000002
55978,31925.557000000023
55979,32924.55400000002
55980,33186.56200000001
55981,33640.553000000014
55982,34814.55400000001
55983,34971.55000000002
55984,34767.53900000001
55985,34992.54800000001
55986,35101.54200000001
55987,33880.55400000002
55988,34115.55200000002
55989,33372.54400000002
55990,33527.54700000002
55991,33768.54000000002
55992,33353.53100000002
55993,32545.53200000002
55994,32421.51900000002
55995,31770.52300000002
55996,31652.51100000002
55997,32652.50900000002
55998,33074.50900000002
55999,31993.520000000022
56000,31048.51500000002
56001,30388.52500000002
56002,28988.52300000002
56003,29731.510000000017
56004,30772.50200000002
56005,30938.50400000002
56006,30796.507000000016
56007,30429.517000000018
56008,29645.51000000002
56009,30094.51400000002
56010,30272.51200000002
56011,31045.503000000022
56012,31900.505000000023
56013,31977.509000000024
56014,31213.51700000002
56015,30501.520000000022
56016,31386.50800000002
56017,30277.505000000023
56018,29966.49000000002
56019,29310.47600000002
56020,30930.482000000018
56021,31422.481000000018
56022,30701.484000000022
56023,30097.47300000002
56024,29703.469000000023
56025,29867.466000000022
56026,29830.46100000002
56027,30931.46100000002
56028,31489.45500000002
56029,31905.45500000002
56030,30520.462000000018
56031,29713.450000000015
56032,28489.449000000015
56033,28595.453000000016
56034,29624.453000000016
56035,29954.447000000015
56036,29974.445000000014
56037,28073.457000000013
56038,28416.454000000012
56039,28879.458000000013
56040,28546.45800000001
56041,29056.46100000001
56042,29077.46300000001
56043,29495.47200000001
56044,28576.47500000001
56045,27214.46700000001
56046,26197.467000000015
56047,25887.469000000016
56048,24996.47300000001
56049,23549.47800000001
56050,24288.48500000001
56051,24718.48500000001
56052,25177.477000000014
56053,24377.472000000012
56054,24128.473000000013
56055,24492.48300000001
56056,24864.48100000001
56057,24588.48400000001
56058,26235.48000000001
56059,25865.47700000001
56060,26110.476000000013
56061,24481.474000000017
56062,23569.479000000014
56063,22701.477000000014
56064,23850.471000000012
56065,24129.46300000001
56066,23772.45800000001
56067,23755.456000000006
56068,22239.461000000007
56069,23901.45600000001
56070,23277.457000000006
56071,23931.447000000007
56072,24187.444000000003
56073,25194.441000000006
56074,24516.437000000005
56075,24873.432000000004
56076,24227.429000000004
56077,23724.430000000004
56078,23286.426000000003
56079,21645.414000000004
56080,22310.424000000003
56081,23630.420000000006
56082,23523.420000000002
56083,23631.415
56084,22776.414000000004
56085,22333.417000000005
56086,23105.417000000005
56087,23419.421000000002
56088,24501.419000000005
56089,24198.428000000007
56090,23829.436000000005
56091,22328.439000000006
56092,22510.43600000001
56093,22346.428000000007
56094,23261.426000000007
56095,23412.424000000006
56096,23136.420000000006
56097,22649.409000000003
56098,21905.401000000005
56099,22446.402000000006
56100,21516.408000000007
56101,21329.406000000003
56102,21420.408000000003
56103,21961.409000000003
56104,21897.405000000002
56105,21033.404000000002
56106,20341.405000000002
56107,20345.402000000002
56108,19439.394
56109,18692.392000000003
56110,19962.392000000003
56111,20518.393
56112,19893.389000000003
56113,19745.391000000003
56114,24605.386000000002
56115,24728.391000000003
56116,25402.392000000003
56117,26120.395000000004
56118,26589.401
56119,26583.392000000003
56120,25333.390000000003
56121,24297.381000000005
56122,24413.38
56123,24871.374
56124,25484.371000000003
56125,25986.369
56126,25751.361999999997
56127,25748.359
56128,26380.358999999997
56129,27332.353
56130,28588.336999999996
56131,28107.340999999997
56132,28213.346999999998
56133,26076.361
56134,25190.364999999998
56135,18125.372000000003
56136,16509.376
56137,15178.389000000001
56138,13814.385
56139,14170.377000000004
56140,14014.371000000003
56141,14749.378000000004
56142,14798.374000000003
56143,14791.371000000008
56144,14500.372000000005
56145,13741.380000000006
56146,14075.39300000001
56147,14447.403000000011
56148,15197.404000000013
56149,14982.40500000001
56150,13905.40600000001
56151,12136.41500000001
56152,11242.426000000014
56153,11443.439000000013
56154,10459.449000000015
56155,9345.477000000017
56156,8101.504000000019
56157,6881.534000000017
56158,3136.5730000000053
56159,902.6089999999972
56160,2615.4580000000074
56161,4267.444000000015
56162,6189.433000000023
56163,7124.420000000022
56164,8659.410000000022
56165,10339.402000000018
56166,11257.395000000019
56167,11559.39000000002
56168,12814.383000000018
56169,14679.370000000017
56170,15519.370000000017
56171,15071.366000000015
56172,14024.363000000012
56173,14520.35700000001
56174,13590.362000000008
56175,13070.362000000008
56176,12811.359000000008
56177,13170.357000000005
56178,12415.352000000004
56179,11555.350000000004
56180,9835.350000000004
56181,11346.348000000004
56182,12266.339000000002
56183,13166.331000000002
56184,14636.322000000004
56185,15136.315000000002
56186,16319.313000000002
56187,17246.313
56188,18214.309999999998
56189,19039.306999999997
56190,19744.316
56191,19269.32
56192,20204.326
56193,20234.323999999997
56194,20841.329999999998
56195,21076.333
56196,21906.329999999998
56197,20889.334
56198,21062.334
56199,21697.337
56200,20457.336000000003
56201,19482.335000000003
56202,18229.336000000003
56203,17872.341000000004
56204,16545.33
56205,16155.321000000005
56206,14960.318000000005
56207,15215.310000000007
56208,14175.305000000006
56209,13285.301000000003
56210,14325.303000000005
56211,14527.295000000004
56212,14714.294000000007
56213,13937.288000000004
56214,14667.282000000003
56215,14767.281000000003
56216,14780.275000000003
56217,14165.285000000003
56218,14210.277000000004
56219,14560.273000000003
56220,14760.268000000004
56221,14925.269000000004
56222,15602.255000000005
56223,17547.250000000004
56224,18555.244000000006
56225,18530.244000000002
56226,18930.237000000005
56227,19055.238000000005
56228,18457.238000000005
56229,18192.237000000005
56230,18355.235000000004
56231,17795.231000000007
56232,17383.228000000006
56233,18518.225000000006
56234,16528.22700000001
56235,16143.223000000007
56236,16098.215000000007
56237,15923.209000000008
56238,15491.207000000008
56239,15326.201000000008
56240,15488.196000000007
56241,15521.193000000007
56242,15934.192000000005
56243,14374.194000000007
56244,14569.196000000007
56245,15149.196000000007
56246,15159.198000000006
56247,14938.200000000006
56248,15518.201000000006
56249,16691.198000000004
56250,17043.201000000005
56251,17238.20400000001
56252,17612.206000000006
56253,18777.205000000005
56254,19611.202000000005
56255,19999.205000000005
56256,19614.204000000005
56257,20611.202000000005
56258,19811.205
56259,18426.208000000006
56260,19231.205000000005
56261,18484.203
56262,18102.206000000002
56263,19077.205
56264,17917.203000000005
56265,17912.204000000005
56266,18092.204000000005
56267,17302.205000000005
56268,16312.206000000006
56269,15342.206000000006
56270,14172.209000000006
56271,14764.208000000004
56272,15157.209000000004
56273,14942.211000000007
56274,15699.212000000007
56275,15514.210000000006
56276,16294.209000000006
56277,16349.204000000003
56278,16944.204
56279,18479.206000000002
56280,19254.206000000002
56281,19999.208000000002
56282,19612.208000000002
56283,20222.205
56284,20792.209000000003
56285,19979.214000000004
56286,19212.213000000003
56287,19997.211000000003
56288,19807.210000000003
56289,19622.209000000003
56290,19642.207000000002
56291,18652.208000000002
56292,18402.212000000003
56293,18412.210000000003
56294,18197.213000000003
56295,18772.216000000004
56296,19151.215000000004
56297,18771.213000000003
56298,17624.213000000003
56299,15884.212000000005
56300,15119.211000000005
56301,15907.209000000004
56302,16277.212000000005
56303,17277.207000000002
56304,17257.210000000003
56305,16829.213000000003
56306,17239.211000000007
56307,17399.216000000004
56308,17801.214000000004
56309,18766.216000000004
56310,19744.215000000004
56311,19554.214000000004
56312,19168.212000000003
56313,18796.213000000003
56314,19252.209000000006
56315,18842.211000000003
56316,18242.212000000003
56317,18262.213000000003
56318,18234.214000000004
56319,17699.211000000003
56320,18494.211000000003
56321,18504.208000000002
56322,18489.211000000003
56323,17906.212000000003
56324,17144.211000000003
56325,18129.209000000003
56326,18736.208000000002
56327,18559.206000000002
56328,18574.203
56329,17974.203
56330,17064.196000000004
56331,17639.198
56332,18034.197
56333,19584.197
56334,20569.196
56335,19797.197
56336,20222.193000000003
56337,21417.188000000002
56338,20407.189000000002
56339,21217.186
56340,21799.186
56341,21204.188000000002
56342,20832.187
56343,21047.184
56344,21457.184
56345,20867.185
56346,19687.187
56347,19862.186
56348,20032.188000000002
56349,19979.190000000002
56350,20954.190000000002
56351,20382.189000000002
56352,20217.187
56353,20212.188000000002
56354,20022.187
56355,21572.186
56356,22552.184
56357,21167.185999999998
56358,20567.188
56359,20352.189000000002
56360,18997.189000000002
56361,19364.189000000002
56362,19587.187
56363,20977.185
56364,21322.191000000003
56365,20317.194000000003
56366,20674.198
56367,21867.194000000003
56368,21437.196000000004
56369,21052.194000000003
56370,21847.191000000003
56371,21847.191000000003
56372,22047.188000000002
56373,21642.191000000003
56374,22212.196000000004
56375,21252.195000000003
56376,21057.195000000003
56377,21409.197000000004
56378,21791.197000000004
56379,20971.202000000005
56380,20586.201000000005
56381,19826.199000000004
56382,19636.197000000004
56383,19441.196000000004
56384,19641.196000000004
56385,20606.198000000004
56386,21974.197000000004
56387,20584.200000000004
56388,20199.198
56389,20789.198
56390,20979.199
56391,21351.204
56392,21358.201
56393,22593.193
56394,22798.190000000002
56395,22965.192000000003
56396,22770.190000000002
56397,23358.190000000002
56398,23558.191000000003
56399,23158.192000000003
56400,23123.199000000004
56401,23513.201
56402,23743.2
56403,24148.201
56404,23972.205
56405,22812.203
56406,21855.204
56407,22432.208000000002
56408,22982.209000000003
56409,22809.208000000002
56410,22594.207000000002
56411,21234.212000000003
56412,20485.215000000004
56413,19544.215000000004
56414,19554.214000000004
56415,20301.219000000005
56416,22059.219000000005
56417,21295.223000000005
56418,20892.222000000005
56419,20702.223000000005
56420,20546.222000000005
56421,21555.220000000005
56422,20570.228000000003
56423,21168.229000000003
56424,22020.223
56425,22843.222000000005
56426,23853.222000000005
56427,24430.219000000005
56428,24060.219000000005
56429,24071.225000000006
56430,24836.231
56431,24885.226000000002
56432,24957.224000000006
56433,26311.225000000006
56434,25920.226000000006
56435,24162.230000000007
56436,23578.226000000006
56437,24044.222000000005
56438,24631.225000000006
56439,24448.226000000006
56440,24330.222000000005
56441,23596.220000000005
56442,24191.220000000005
56443,23396.221000000005
56444,23167.223000000005
56445,23810.215000000004
56446,25001.214000000004
56447,24261.210000000003
56448,23355.209000000006
56449,23211.210000000006
56450,22848.213000000003
56451,23228.214000000004
56452,23043.212000000003
56453,23031.212000000003
56454,23441.212000000003
56455,24603.213000000003
56456,25004.212000000003
56457,25798.211000000003
56458,25590.212000000003
56459,26664.209000000003
56460,27269.206000000002
56461,26152.202000000005
56462,26552.204000000005
56463,28132.205
56464,28135.204
56465,26738.212
56466,25556.214000000004
56467,26697.216
56468,26715.216
56469,27164.213000000003
56470,25954.214000000004
56471,25495.221
56472,25671.222
56473,24993.221
56474,24400.222
56475,24955.229000000003
56476,26731.231000000003
56477,25749.232000000004
56478,25234.228000000003
56479,24226.230000000003
56480,23121.229000000003
56481,24128.222000000005
56482,23802.216000000004
56483,23470.214000000004
56484,23317.213000000003
56485,24895.214000000004
56486,25034.217000000004
56487,25714.214000000007
56488,26606.207000000006
56489,27421.204000000005
56490,28738.206000000006
56491,28194.204000000005
56492,27625.207000000002
56493,28837.201000000005
56494,28642.199000000004
56495,28068.197000000004
56496,27022.200000000004
56497,27449.199000000004
56498,28447.194000000003
56499,28667.194000000003
56500,26879.200000000004
56501,26323.199000000004
56502,26167.201000000005
56503,25536.204
56504,25145.209
56505,25726.213
56506,26717.210000000006
56507,27163.209000000003
56508,27187.209000000003
56509,27123.203
56510,26004.198
56511,26168.206000000002
56512,26174.203
56513,26224.202000000005
56514,27025.198
56515,28204.199000000004
56516,28366.199000000004
56517,28952.200000000004
56518,29062.192000000003
56519,29862.194000000003
56520,29812.198000000004
56521,29781.197000000004
56522,29031.197000000004
56523,30285.193000000003
56524,29966.191000000003
56525,29384.187
56526,28767.188000000002
56527,29161.185999999998
56528,28442.187
56529,28164.192
56530,27751.195
56531,27164.196000000004
56532,26803.200000000004
56533,26666.202000000005
56534,25891.207000000002
56535,27329.207000000002
56536,28336.209000000003
56537,28543.214000000004
56538,27940.218000000004
56539,27323.223000000005
56540,26040.221000000005
56541,26032.225000000002
56542,26084.229000000003
56543,27052.229000000003
56544,28016.230000000003
56545,28171.239
56546,28164.241
56547,28947.241
56548,29605.236
56549,30029.238
56550,30668.239
56551,30290.233
56552,30432.231000000003
56553,32234.241
56554,32236.238
56555,31594.245000000003
56556,30618.248000000003
56557,29720.246000000003
56558,29579.24
56559,29356.244000000002
56560,29906.256000000005
56561,30017.251000000004
56562,29863.254000000004
56563,29086.254000000004
56564,28098.260000000006
56565,29988.254000000004
56566,31523.258000000005
56567,30955.261000000006
56568,30136.275000000005
56569,29584.276000000005
56570,28076.272000000004
56571,27710.272000000004
56572,27911.269000000004
56573,27717.272000000004
56574,28100.275000000005
56575,27507.282000000003
56576,26879.286000000004
56577,27482.288000000004
56578,28037.284000000007
56579,28057.279000000006
56580,27450.277000000006
56581,26882.268000000004
56582,28053.265000000007
56583,29857.255000000005
56584,31079.256000000005
56585,30221.263000000003
56586,30669.259000000005
56587,29339.260000000002
56588,29460.272000000004
56589,29803.279000000002
56590,29830.266000000003
56591,30529.263000000006
56592,31073.255000000005
56593,29959.256000000005
56594,30525.254000000004
56595,32129.247000000003
56596,33425.246
56597,32914.249
56598,31946.243000000006
56599,30619.232000000007
56600,29381.233000000007
56601,28572.234000000008
56602,28802.23900000001
56603,28058.232000000007
56604,28614.233000000007
56605,28752.231000000003
56606,27758.231000000003
56607,27835.225000000006
56608,28629.223000000005
56609,28033.214000000004
56610,28663.204000000005
56611,28690.201000000005
56612,29808.194000000003
56613,31348.193000000003
56614,31046.194000000003
56615,30411.191000000006
56616,30209.195000000003
56617,30077.199000000004
56618,30412.193000000003
56619,29833.193000000007
56620,30472.18400000001
56621,30097.18600000001
56622,30515.177000000007
56623,29388.174000000006
56624,30094.16900000001
56625,30863.16800000001
56626,32346.15200000001
56627,32573.147000000008
56628,31995.146000000008
56629,32230.137000000006
56630,32197.136000000006
56631,31238.129000000004
56632,31200.131
56633,30903.125000000004
56634,31309.125000000004
56635,31126.121000000003
56636,31324.115000000005
56637,32470.111000000004
56638,33241.112
56639,33050.108
56640,33393.11
56641,33572.11
56642,33878.102999999996
56643,34971.104
56644,34704.108
56645,33107.112
56646,32331.113000000005
56647,31930.111000000004
56648,31974.106000000003
56649,32394.104000000003
56650,31999.102000000006
56651,32571.102000000003
56652,32794.1
56653,31396.101000000006
56654,31284.097
56655,32026.100000000006
56656,32389.098000000005
56657,32384.096000000005
56658,32150.097000000005
56659,31969.096000000005
56660,30970.097000000005
56661,30668.103000000006
56662,30452.101000000006
56663,30633.100000000006
56664,30777.101000000006
56665,30800.097000000005
56666,30782.098000000005
56667,31567.094000000005
56668,32578.088000000003
56669,32631.087000000003
56670,32763.091000000004
56671,33178.090000000004
56672,33732.093
56673,34988.08899999999
56674,35225.085999999996
56675,34465.087
56676,34049.088
56677,33858.089
56678,33878.089
56679,34105.090000000004
56680,34085.087
56681,33284.086
56682,32875.08700000001
56683,32065.08700000001
56684,31821.08500000001
56685,33173.083000000006
56686,34203.078
56687,33742.081
56688,32918.082
56689,32385.083000000006
56690,32760.081000000006
56691,32410.077000000005
56692,32059.076000000005
56693,32069.072000000004
56694,32294.069000000007
56695,32267.068000000003
56696,31308.067000000003
56697,36773.068
56698,37223.06300000001
56699,37053.06300000001
56700,37213.06300000001
56701,38613.05900000001
56702,39993.055
56703,41058.051999999996
56704,41098.055
56705,40293.055
56706,39908.054
56707,39348.054000000004
56708,39938.05299999999
56709,40338.051
56710,39658.056
56711,38958.05500000001
56712,39353.055
56713,38963.05500000001
56714,39228.051
56715,40693.056
56716,40918.056
56717,41343.05399999999
56718,40623.051999999996
56719,40663.049
56720,40433.051999999996
56721,39878.054000000004
56722,39068.055
56723,38058.057
56724,38088.056000000004
56725,37243.060000000005
56726,36458.061
56727,36423.06300000001
56728,36823.061
56729,36828.060000000005
56730,42778.05900000001
56731,43325.062000000005
56732,43710.06300000001
56733,44575.062000000005
56734,44440.061
56735,43435.062000000005
56736,42460.062000000005
56737,42010.064000000006
56738,43375.064000000006
56739,43820.065
56740,43870.060000000005
56741,44065.060000000005
56742,44855.058000000005
56743,43870.062000000005
56744,44065.062000000005
56745,45040.062000000005
56746,46820.06199999999
56747,46905.06
56748,44720.062999999995
56749,43745.064000000006
56750,38615.064000000006
56751,38165.066000000006
56752,38405.067
56753,38245.065
56754,38135.063
56755,37545.064000000006
56756,37285.065
56757,37650.066000000006
56758,37845.066000000006
56759,38795.06800000001
56760,39580.06800000001
56761,40195.066999999995
56762,40395.066
56763,41740.064999999995
56764,42160.062
56765,41185.062
56766,40640.059
56767,39245.061
56768,40605.062
56769,40570.064000000006
56770,39410.06700000001
56771,38780.07100000001
56772,40380.06800000001
56773,40035.064000000006
56774,39975.066000000006
56775,41185.063
56776,43345.060999999994
56777,43380.058999999994
56778,42020.059
56779,40515.058000000005
56780,40605.056000000004
56781,39910.054000000004
56782,38910.054000000004
56783,38680.056000000004
56784,38875.056000000004
56785,38665.05900000001
56786,37815.06300000001
56787,37845.06300000001
56788,36875.06700000001
56789,37695.065
56790,33105.069
56791,33885.07000000001
56792,33565.066000000006
56793,34200.066000000006
56794,33675.064000000006
56795,33785.067
56796,32855.063
56797,33245.063
56798,39770.064000000006
56799,40405.064000000006
56800,39790.065
56801,39795.06500000001
56802,40610.064
56803,33265.06800000001
56804,33455.069
56805,34130.066000000006
56806,36105.066
56807,36220.066999999995
56808,34850.06800000001
56809,33610.073000000004
56810,33845.07000000001
56811,32830.07400000001
56812,32050.074000000008
56813,33090.07200000001
56814,33085.073000000004
56815,32535.071000000007
56816,31700.07200000001
56817,31580.06700000001
56818,32845.06300000001
56819,32970.06800000001
56820,33035.075000000004
56821,33840.071
56822,34620.071
56823,35925.073
56824,35510.073
56825,36155.070999999996
56826,35195.068
56827,35465.068
56828,35470.066999999995
56829,35650.062
56830,34950.065
56831,35210.066999999995
56832,35075.066
56833,32955.066000000006
56834,33355.069
56835,33545.07000000001
56836,36080.06999999999
56837,36080.06999999999
56838,35295.070999999996
56839,34310.073000000004
56840,34145.07200000001
56841,33635.073000000004
56842,33260.07000000001
56843,33885.06800000001
56844,33295.07000000001
56845,33280.073000000004
56846,32905.07000000001
56847,32730.072000000007
56848,32148.07300000001
56849,33038.07500000001
56850,33068.075000000004
56851,33453.07600000001
56852,34503.07200000001
56853,35638.075000000004
56854,35458.073
56855,35213.07400000001
56856,33643.073000000004
56857,33448.073000000004
56858,34043.071
56859,34665.07000000001
56860,34605.073000000004
56861,35200.070999999996
56862,35130.075
56863,33410.075000000004
56864,33715.07400000001
56865,32890.07800000001
56866,34875.076
56867,34540.081000000006
56868,34480.083000000006
56869,32985.08000000001
56870,33215.079000000005
56871,33045.08400000001
56872,31695.08600000001
56873,32345.08800000001
56874,32020.08600000001
56875,32285.08700000001
56876,33075.08500000001
56877,33270.08600000001
56878,32080.09000000001
56879,32485.09100000001
56880,33165.08700000001
56881,32895.083000000006
56882,33850.08300000001
56883,35355.084
56884,35755.084
56885,36455.079000000005
56886,34700.07900000001
56887,34105.081000000006
56888,34550.08
56889,35585.078
56890,34955.077000000005
56891,35635.073000000004
56892,36060.072
56893,34610.07000000001
56894,34290.07100000001
56895,34840.069
56896,36080.065
56897,36470.067
56898,36225.067
56899,35765.067
56900,36145.065
56901,35745.067
56902,34590.069
56903,34620.06800000001
56904,33970.07200000001
56905,33815.07400000001
56906,34030.07500000001
56907,33135.07700000001
56908,33155.07600000001
56909,33055.08200000001
56910,34705.084
56911,34600.081000000006
56912,34700.08500000001
56913,36910.08299999999
56914,36990.081999999995
56915,36675.079999999994
56916,35890.076
56917,35620.072
56918,41535.070999999996
56919,42265.070999999996
56920,36480.07
56921,37270.068
56922,37245.068
56923,36280.066000000006
56924,36475.066
56925,35200.073000000004
56926,35780.07400000001
56927,36310.075000000004
56928,35955.072
56929,35775.07299999999
56930,35900.07199999999
56931,36165.06799999999
56932,35805.066999999995
56933,35695.064999999995
56934,35030.066
56935,35405.064
56936,35800.062999999995
56937,35595.064999999995
56938,34965.069
56939,35715.07
56940,35850.068
56941,35195.072
56942,35195.072
56943,35945.073000000004
56944,35820.073000000004
56945,35485.072
56946,35635.071
56947,35465.071
56948,35910.07000000001
56949,36470.075000000004
56950,36615.075000000004
56951,36015.07800000001
56952,35605.08000000001
56953,35025.07900000001
56954,36725.072
56955,36615.075
56956,37255.07499999999
56957,37170.07699999999
56958,36575.08099999999
56959,34925.085
56960,34360.085999999996
56961,34335.086
56962,33855.09100000001
56963,33415.09700000001
56964,32565.10300000001
56965,32755.10400000001
56966,32830.100000000006
56967,33090.10700000001
56968,32310.10700000001
56969,33350.10500000001
56970,33529.10600000001
56971,33979.10400000001
56972,34764.103
56973,35209.102000000006
56974,34049.10600000001
56975,33999.11100000001
56976,34759.111000000004
56977,34199.11300000001
56978,34954.113000000005
56979,35799.111000000004
56980,35600.111000000004
56981,35460.11
56982,34865.113000000005
56983,34350.11000000001
56984,35065.114
56985,35465.113000000005
56986,35270.113000000005
56987,35000.11
56988,34617.11000000001
56989,33917.10400000001
56990,33892.10400000001
56991,32798.11200000001
56992,32468.111000000008
56993,32858.111000000004
56994,33032.10300000001
56995,33478.100000000006
56996,33503.100000000006
56997,34878.098000000005
56998,34683.098000000005
56999,35463.098000000005
57000,35648.096
57001,35697.093
57002,37007.094999999994
57003,37632.09199999999
57004,37627.09499999999
57005,37176.095
57006,37016.094000000005
57007,36108.095
57008,36819.099
57009,36675.099
57010,36445.101
57011,36484.100000000006
57012,35494.10400000001
57013,34820.10100000001
57014,35215.10600000001
57015,36432.104999999996
57016,36791.102
57017,36431.100999999995
57018,35583.1
57019,35553.103
57020,35209.10400000001
57021,34824.103
57022,34174.10600000001
57023,33830.10500000001
57024,33144.10300000001
57025,33679.10300000001
57026,34024.10800000001
57027,34408.111000000004
57028,35023.10600000001
57029,35643.105
57030,34794.10600000001
57031,34984.10800000001
57032,36572.107
57033,37373.109000000004
57034,37343.11000000001
57035,36678.11200000001
57036,35531.11400000001
57037,35346.11300000001
57038,42081.111000000004
57039,42031.107
57040,42624.109
57041,42659.10799999999
57042,42019.11
57043,41132.11
57044,42706.103
57045,42885.106999999996
57046,42705.112
57047,42724.112
57048,41407.112
57049,41162.114
57050,41129.118
57051,40502.122
57052,40212.128000000004
57053,39826.13100000001
57054,38396.13500000001
57055,38675.13000000001
57056,39246.136000000006
57057,39468.13900000001
57058,39318.14000000001
57059,40113.141
57060,38529.144000000015
57061,38903.15000000001
57062,39979.15400000001
57063,41516.16
57064,40811.15900000001
57065,40841.162000000004
57066,39235.16700000001
57067,39163.16100000001
57068,39994.16
57069,39585.16500000001
57070,40803.167
57071,40370.16900000001
57072,40550.172000000006
57073,39533.171
57074,41265.173
57075,41677.173
57076,42160.172000000006
57077,42665.16799999999
57078,40960.17
57079,40568.169
57080,40223.168999999994
57081,40453.163
57082,39770.166
57083,39825.169
57084,39080.169
57085,39312.171
57086,39716.178
57087,39690.186
57088,39985.185
57089,40336.189
57090,39997.189
57091,40827.189
57092,41958.19
57093,43104.193
57094,42389.195
57095,42066.198000000004
57096,41546.2
57097,41416.201
57098,42162.205
57099,41730.205
57100,43233.206000000006
57101,42876.213
57102,42502.217000000004
57103,41080.217
57104,42118.216
57105,42848.222
57106,36757.226
57107,36852.222
57108,36434.226
57109,35953.231
57110,34570.232
57111,34192.23700000001
57112,34315.22900000001
57113,34116.233
57114,34082.241
57115,34280.247
57116,35589.244000000006
57117,34818.249
57118,34276.26
57119,34921.26
57120,33845.26
57121,34311.26
57122,35330.266
57123,36333.275
57124,35238.28200000001
57125,34873.28400000001
57126,35429.287000000004
57127,35243.293000000005
57128,35794.287000000004
57129,35396.29000000001
57130,37675.281
57131,37807.283
57132,38053.280000000006
57133,36997.279
57134,37634.28800000001
57135,39369.28400000001
57136,39660.280000000006
57137,39803.278000000006
57138,40119.272000000004
57139,39903.27300000001
57140,39570.284000000014
57141,38911.28900000001
57142,38272.29200000001
57143,38767.28900000001
57144,38803.28900000001
57145,38650.28900000001
57146,38501.29500000001
57147,38264.29700000001
57148,38789.29900000001
57149,39282.30200000001
57150,37066.305000000015
57151,37416.31200000001
57152,38320.31200000001
57153,39746.31200000001
57154,38712.320000000014
57155,38110.32400000001
57156,38435.322000000015
57157,38310.331000000006
57158,38596.33300000001
57159,38056.335000000014
57160,39693.33300000001
57161,39793.33900000001
57162,40064.33600000001
57163,38690.337000000014
57164,39646.34000000002
57165,39652.33800000001
57166,41099.33600000001
57167,42789.33500000001
57168,41984.335
57169,41401.339
57170,41327.341
57171,39991.347
57172,38957.35200000001
57173,39363.35400000001
57174,39944.35300000001
57175,40662.35500000001
57176,39728.360000000015
57177,38836.35400000001
57178,39895.35500000001
57179,40615.350000000006
57180,38933.352000000006
57181,40111.35700000001
57182,40755.36100000001
57183,41779.36400000001
57184,41221.36600000001
57185,41065.36900000001
57186,40559.36800000002
57187,40138.37800000002
57188,41044.37800000001
57189,40654.38500000002
57190,43369.396000000015
57191,44210.39900000002
57192,44210.40100000002
57193,43529.400000000016
57194,43000.40600000002
57195,43787.40600000002
57196,44881.40300000002
57197,46210.407000000014
57198,44433.41600000001
57199,43581.42300000002
57200,43708.42000000001
57201,43114.42000000002
57202,42875.41000000002
57203,43403.411000000015
57204,44134.417000000016
57205,44325.42200000002
57206,43950.41800000001
57207,42776.42200000001
57208,43645.42000000001
57209,44424.417000000016
57210,42513.41000000001
57211,43285.41300000001
57212,44537.418000000005
57213,44382.423
57214,43358.43300000001
57215,43754.441000000006
57216,43404.439000000006
57217,43134.44300000001
57218,43786.44500000001
57219,42774.452000000005
57220,44434.45700000001
57221,44654.46799999999
57222,43998.476
57223,43242.48200000001
57224,43076.486
57225,42475.497
57226,44261.493
57227,45790.494
57228,44209.505000000005
57229,45019.51
57230,44280.513000000006
57231,43164.513
57232,42625.523
57233,42825.529
57234,44365.529
57235,44221.528999999995
57236,43537.533
57237,42631.534
57238,43400.538
57239,43673.54
57240,42464.544
57241,43281.54200000001
57242,43297.55600000002
57243,44128.56100000001
57244,43979.56200000001
57245,43811.568000000014
57246,42962.56000000001
57247,43160.56500000001
57248,43783.560000000005
57249,43106.562000000005
57250,44801.56800000001
57251,45773.574
57252,45237.582
57253,44186.58800000001
57254,44475.58900000001
57255,43951.593000000015
57256,45186.59900000001
57257,46442.586000000025
57258,45202.591000000015
57259,45185.59600000001
57260,44975.59400000001
57261,44312.591000000015
57262,44004.59500000001
57263,43879.59900000001
57264,45376.592000000004
57265,45642.59300000001
57266,45749.597000000016
57267,45286.593000000015
57268,45495.59800000001
57269,45246.60800000001
57270,43795.61300000001
57271,44383.61300000001
57272,44900.61800000002
57273,45357.61900000001
57274,44711.61700000002
57275,44672.623000000014
57276,43550.63100000001
57277,43417.636000000006
57278,44038.625
57279,43728.628
57280,45184.623
57281,44963.628
57282,45098.623999999996
57283,44368.623
57284,43945.622
57285,42871.628
57286,43084.628000000004
57287,44562.63
57288,44572.62100000001
57289,44431.63300000001
57290,44478.632000000005
57291,43447.64200000002
57292,43194.65200000002
57293,43122.64100000001
57294,44311.63800000001
57295,45277.64300000001
57296,45455.643000000004
57297,44996.64000000001
57298,45476.639
57299,45373.636000000006
57300,44090.647
57301,44557.649000000005
57302,44732.642
57303,45913.649000000005
57304,44695.648000000016
57305,43873.64800000001
57306,43224.64400000001
57307,43793.642
57308,44058.64200000001
57309,42814.64200000001
57310,43106.642000000014
57311,43537.64300000001
57312,43346.642000000014
57313,42321.64700000001
57314,42856.64900000002
57315,42634.65300000001
57316,42118.66000000001
57317,43222.658
57318,42720.654
57319,42731.659
57320,43214.647000000004
57321,42537.654
57322,41483.65900000001
57323,40211.655000000006
57324,41216.65300000001
57325,42597.651000000005
57326,43946.643000000004
57327,42359.63500000001
57328,41932.63800000001
57329,43413.62900000001
57330,42855.629000000015
57331,43489.62700000001
57332,44567.631000000016
57333,44560.63100000001
57334,43678.63300000001
57335,43176.64000000002
57336,42264.644000000015
57337,43481.63800000001
57338,43827.63600000002
57339,42986.633000000016
57340,43939.63200000002
57341,43689.62800000002
57342,43956.62600000001
57343,43146.629000000015
57344,43874.62300000002
57345,43448.62800000002
57346,43087.63400000002
57347,43007.63400000002
57348,42530.63800000001
57349,41706.63700000001
57350,41814.62600000001
57351,41440.62900000002
57352,39989.631000000016
57353,39818.63000000002
57354,40012.63000000001
57355,40215.63800000001
57356,41897.62500000001
57357,40175.63400000001
57358,40666.625000000015
57359,41346.61600000001
57360,41150.61800000002
57361,41227.61600000002
57362,42346.61000000002
57363,42062.59600000002
57364,40193.59300000002
57365,39118.59800000001
57366,38939.597000000016
57367,40040.591000000015
57368,39859.59600000001
57369,39374.60000000001
57370,40942.604000000014
57371,40572.60300000002
57372,40228.61600000001
57373,39467.62200000001
57374,40037.61400000001
57375,39320.61700000001
57376,38203.61200000001
57377,38104.61700000002
57378,37708.61800000002
57379,36973.618
57380,36423.61600000001
57381,37311.60800000001
57382,36598.61000000001
57383,37097.59900000001
57384,37744.593
57385,38352.596000000005
57386,39312.596000000005
57387,37815.597
57388,37974.603
57389,38045.60400000001
57390,36326.600000000006
57391,35072.60200000001
57392,35979.593
57393,35928.592000000004
57394,34954.593
57395,33882.59800000001
57396,33945.59400000001
57397,35109.594
57398,34351.59900000001
57399,34450.591000000015
57400,36445.59
57401,36877.581
57402,36068.579000000005
57403,35684.571
57404,36024.557
57405,36300.549
57406,35856.547
57407,35437.55400000001
57408,35806.547000000006
57409,34631.549000000006
57410,33922.54300000001
57411,34532.54300000001
57412,33661.540000000015
57413,33912.53400000002
57414,34860.528000000006
57415,34532.54100000001
57416,35293.543000000005
57417,34887.55000000001
57418,35001.54700000001
57419,35398.541000000005
57420,35216.53700000001
57421,34747.53900000001
57422,35565.53800000001
57423,35445.53500000001
57424,40118.53000000001
57425,39288.52400000002
57426,38516.525000000016
57427,38769.52000000002
57428,38578.51400000002
57429,38301.51700000002
57430,39429.53100000002
57431,38544.53600000002
57432,38916.542000000016
57433,38142.54300000002
57434,38343.52800000002
57435,38167.52800000002
57436,37382.52100000002
57437,37899.52100000002
57438,32910.52600000002
57439,31865.53300000002
57440,30654.53100000002
57441,31864.53000000002
57442,31239.52900000002
57443,30513.52700000002
57444,30100.535000000018
57445,30712.536000000022
57446,31239.537000000022
57447,30235.539000000022
57448,30037.537000000022
57449,30530.539000000022
57450,30039.533000000025
57451,29795.53300000002
57452,29531.54200000002
57453,29392.534000000018
57454,28607.53600000002
57455,27733.53800000002
57456,27949.533000000018
57457,28112.530000000017
57458,28665.528000000017
57459,28407.525000000016
57460,28780.536000000015
57461,28276.536000000015
57462,29100.527000000013
57463,29016.530000000013
57464,28984.52800000001
57465,27632.535000000007
57466,26879.52800000001
57467,27692.52600000001
57468,27859.527000000006
57469,27482.52400000001
57470,27102.520000000004
57471,28206.519000000008
57472,28272.51200000001
57473,28450.514000000006
57474,28326.518000000007
57475,29408.507000000005
57476,29427.50700000001
57477,29808.495000000006
57478,29966.480000000007
57479,30545.47900000001
57480,29881.476000000006
57481,28572.47500000001
57482,27065.47800000001
57483,26187.476000000006
57484,25639.47400000001
57485,25331.47700000001
57486,24571.47600000001
57487,22837.482000000007
57488,22244.47900000001
57489,22846.47200000001
57490,23700.47200000001
57491,23975.479000000007
57492,24863.48000000001
57493,25385.47900000001
57494,25636.46900000001
57495,24696.47000000001
57496,24218.46700000001
57497,25481.460000000006
57498,26144.463000000007
57499,25252.45700000001
57500,25779.45200000001
57501,26310.45300000001
57502,26096.457000000006
57503,26396.458000000006
57504,25740.447000000007
57505,26508.450000000008
57506,28002.439000000006
57507,27482.442000000006
57508,26049.443000000007
57509,25803.445000000007
57510,23946.446000000007
57511,23376.453000000005
57512,23426.440000000002
57513,22713.445
57514,23464.442000000003
57515,22731.438000000002
57516,21570.443000000003
57517,21148.446
57518,21648.445000000003
57519,21846.442000000003
57520,23006.440000000002
57521,22390.441000000003
57522,22732.431
57523,23184.424000000003
57524,23527.418
57525,22958.411
57526,21745.411
57527,23008.411
57528,23220.414
57529,22703.415
57530,23415.415
57531,22727.407000000003
57532,22033.41
57533,22228.413
57534,21371.415999999997
57535,22576.410000000003
57536,23491.411999999997
57537,22091.41
57538,21305.405000000002
57539,21232.413
57540,19566.413
57541,20013.416
57542,20991.421
57543,21098.413
57544,21633.412999999997
57545,21281.423
57546,20945.418999999998
57547,20195.413
57548,20843.410000000003
57549,21536.408000000003
57550,21178.41
57551,20853.414
57552,20260.418
57553,20178.419
57554,20517.420000000002
57555,19584.408000000003
57556,18794.420000000006
57557,19718.417
57558,19557.411000000004
57559,18061.408000000003
57560,19081.405000000006
57561,19898.402000000006
57562,19476.404000000006
57563,19148.397000000004
57564,17586.392000000003
57565,18549.385000000002
57566,20064.382
57567,19998.371000000003
57568,19768.361
57569,20238.363
57570,21222.346999999998
57571,20382.344999999998
57572,19371.347999999998
57573,19310.35
57574,19210.352
57575,19572.351
57576,17400.36
57577,15493.369
57578,15417.370000000003
57579,15047.379000000003
57580,12822.381000000003
57581,12551.391000000007
57582,12136.403000000006
57583,12540.414000000006
57584,13792.420000000007
57585,12605.42000000001
57586,12032.425000000007
57587,12942.426000000009
57588,12938.43400000001
57589,12490.435000000012
57590,14853.441000000015
57591,12955.452000000016
57592,13341.464000000016
57593,11164.483000000017
57594,9964.49100000002
57595,9592.50500000002
57596,8600.51800000002
57597,7967.53300000002
57598,6398.556000000024
57599,2377.6019999999953
57600,1457.4469999999965
57601,2785.437000000005
57602,3902.4290000000165
57603,5197.419000000021
57604,7290.407000000023
57605,7585.408000000021
57606,8095.407000000019
57607,8365.412000000018
57608,10024.40400000002
57609,10862.401000000016
57610,12750.391000000016
57611,12510.381000000012
57612,12850.37700000001
57613,12505.375000000011
57614,10839.372000000008
57615,11487.376000000007
57616,11592.37600000001
57617,11922.373000000005
57618,10739.368000000004
57619,10831.359000000004
57620,8831.353000000001
57621,10834.349
57622,11867.340000000004
57623,13102.335000000003
57624,14450.326000000001
57625,15160.319
57626,15990.313999999998
57627,16278.309999999998
57628,17403.306
57629,18003.303999999996
57630,18829.308999999997
57631,17969.316
57632,16822.32
57633,17862.315
57634,19825.310999999998
57635,18835.311999999998
57636,17750.321
57637,17705.322
57638,18255.323
57639,18632.325
57640,19082.326
57641,18504.325
57642,19857.321
57643,19367.32
57644,17467.312
57645,18430.313000000002
57646,19030.307
57647,19065.304
57648,18367.299
57649,17177.295000000002
57650,16192.289
57651,16667.286
57652,15728.281
57653,16733.272
57654,16913.267
57655,16315.265
57656,16168.250999999998
57657,16748.261
57658,16868.27
57659,16870.27
57660,17288.264
57661,16608.259
57662,16798.253
57663,16998.251
57664,17513.242
57665,15923.248000000001
57666,15855.247000000003
57667,15620.247000000003
57668,15600.240000000003
57669,16313.236000000003
57670,16073.237000000005
57671,16650.234000000004
57672,17225.228000000006
57673,17155.225000000002
57674,16607.217000000004
57675,17072.211000000003
57676,17439.209000000006
57677,17474.197000000004
57678,16875.193
57679,15830.192000000003
57680,15528.183
57681,15948.172
57682,15153.174
57683,14743.179000000002
57684,15688.181000000002
57685,16288.178000000002
57686,16309.178000000002
57687,16689.18
57688,17479.182000000004
57689,17659.187
57690,17117.184
57691,15537.187000000002
57692,16497.190000000002
57693,18272.190000000006
57694,17472.194000000003
57695,16847.201
57696,16821.202000000005
57697,17059.199
57698,16264.204000000003
57699,17239.204
57700,18634.198000000004
57701,18847.197000000004
57702,17627.207000000002
57703,17652.204000000005
57704,18057.201000000005
57705,18637.201000000005
57706,19032.200000000004
57707,19017.201000000005
57708,17252.203
57709,16492.2
57710,16707.197
57711,16714.197000000004
57712,16509.198000000004
57713,16314.200000000004
57714,15871.204000000005
57715,15069.206000000004
57716,15889.199000000004
57717,16087.200000000003
57718,17287.198000000004
57719,17672.198000000004
57720,17282.198
57721,16887.199
57722,16909.198000000004
57723,17497.200000000004
57724,17702.197000000004
57725,17897.197000000004
57726,17332.195000000003
57727,17169.191000000003
57728,17359.190000000002
57729,18124.191000000003
57730,18109.194000000003
57731,18309.193000000003
57732,17959.190000000002
57733,17997.186
57734,17574.191000000003
57735,17974.189000000002
57736,18397.186000000005
57737,18392.187000000005
57738,16209.188000000002
57739,15624.188000000002
57740,15566.194000000003
57741,15384.193000000003
57742,15584.192000000003
57743,16592.188000000002
57744,16592.186
57745,16612.182
57746,16797.184
57747,17362.185
57748,18144.185
57749,18329.187
57750,18367.186
57751,18159.187
57752,17767.189000000002
57753,18542.190000000006
57754,18959.185000000005
57755,19564.182000000004
57756,18939.188000000006
57757,18937.190000000006
57758,20132.185000000005
57759,20742.180000000004
57760,20352.180000000004
57761,20507.184000000005
57762,20522.182000000004
57763,20122.184000000005
57764,19909.186000000005
57765,19679.190000000006
57766,20064.191000000006
57767,19699.188000000006
57768,17336.191000000003
57769,16964.188000000002
57770,16424.184
57771,15979.190000000002
57772,15789.189000000002
57773,16379.187000000002
57774,16379.189
57775,16784.186999999998
57776,16179.19
57777,16574.187
57778,17369.185
57779,17609.183
57780,18204.183000000005
57781,18774.184000000005
57782,18774.184000000005
57783,19351.182000000004
57784,19176.182
57785,19202.182
57786,18792.183000000005
57787,18577.185000000005
57788,19162.184
57789,19917.187
57790,20504.187000000005
57791,20904.185000000005
57792,22517.177000000003
57793,22307.180000000004
57794,22072.182000000004
57795,22897.176000000003
57796,23272.177000000003
57797,23019.182000000004
57798,21259.182000000004
57799,20269.183000000005
57800,18469.186000000005
57801,18064.185000000005
57802,17479.183000000005
57803,18649.181000000004
57804,18629.183000000005
57805,18844.180000000004
57806,17672.182000000004
57807,17477.179000000004
57808,17872.178000000004
57809,18637.178000000004
57810,18822.178000000004
57811,18982.182000000004
57812,18582.184000000005
57813,18969.182000000004
57814,18756.180000000004
57815,18551.181000000004
57816,18934.181000000004
57817,18164.180000000004
57818,18161.180000000004
57819,18761.177000000003
57820,20179.172000000006
57821,21369.167000000005
57822,22157.168000000005
57823,21357.169000000005
57824,20772.171000000006
57825,21532.175000000007
57826,22507.175000000007
57827,23269.176000000007
57828,22662.178000000007
57829,22872.176000000007
57830,21512.175000000007
57831,20324.179000000004
57832,20319.178000000004
57833,20706.175000000003
57834,20526.174000000003
57835,20136.173000000003
57836,18986.171000000002
57837,18171.173000000003
57838,18736.177000000003
57839,19113.178000000004
57840,19323.178000000004
57841,18923.179000000004
57842,19123.181000000004
57843,20488.184000000005
57844,19904.185000000005
57845,19714.186000000005
57846,20537.183000000005
57847,19410.180000000004
57848,20050.175000000003
57849,21020.181000000004
57850,21592.184000000005
57851,22609.182000000004
57852,23184.186000000005
57853,22584.189000000006
57854,22389.189000000006
57855,23578.185000000005
57856,24548.187
57857,25574.189000000002
57858,24982.193000000003
57859,24624.190000000002
57860,23465.192000000006
57861,23505.190000000006
57862,23554.190000000006
57863,23520.194000000003
57864,23577.188000000006
57865,23359.191000000006
57866,22682.186000000005
57867,22930.183000000005
57868,22719.185000000005
57869,22713.186000000005
57870,22349.183000000005
57871,21416.183000000005
57872,21879.181000000004
57873,23428.178000000004
57874,22441.180000000004
57875,22606.181000000004
57876,22984.183000000005
57877,21982.188000000002
57878,22587.188000000002
57879,23189.189000000002
57880,23431.185000000005
57881,23850.187000000005
57882,23460.188000000006
57883,23071.187000000005
57884,23610.189000000006
57885,24439.184000000005
57886,25595.184000000005
57887,25615.184000000005
57888,25610.184000000005
57889,25814.185000000005
57890,26027.187000000005
57891,25834.189000000006
57892,26467.186000000005
57893,25895.188000000006
57894,25551.190000000002
57895,25690.196000000004
57896,25097.200000000004
57897,24762.197000000004
57898,25385.192000000003
57899,25347.196000000004
57900,25362.195000000003
57901,25159.193000000003
57902,24763.196000000004
57903,25923.194000000003
57904,25185.192000000003
57905,24964.196000000004
57906,25725.197000000004
57907,25193.196000000004
57908,25800.197000000004
57909,26199.200000000004
57910,25368.204
57911,25347.203999999998
57912,26137.207
57913,25409.207
57914,26434.202999999998
57915,26238.207
57916,27461.208
57917,27490.211
57918,27139.209
57919,27097.213
57920,27318.21
57921,27200.208
57922,27426.208
57923,27050.206000000002
57924,26517.21
57925,26644.215
57926,25917.218
57927,25985.219
57928,26075.217
57929,26526.216
57930,26002.21
57931,26031.209
57932,25522.21
57933,26478.213
57934,26195.21
57935,26490.207
57936,26563.202999999998
57937,26442.201999999997
57938,25759.207
57939,26638.201999999997
57940,26593.203999999998
57941,26780.208
57942,27167.208
57943,26631.206
57944,27161.213
57945,27317.214
57946,28260.213
57947,28243.215
57948,28158.212
57949,28557.213
57950,28779.212
57951,28951.215
57952,28744.215
57953,29285.209
57954,27555.21
57955,27489.214
57956,27293.216
57957,27749.212
57958,27962.21
57959,28137.214
57960,27653.208
57961,27204.214
57962,26731.207
57963,27427.202
57964,26294.201
57965,27110.193
57966,26058.198
57967,26679.194
57968,25802.187
57969,27175.193
57970,27460.199
57971,27084.202
57972,26558.203
57973,26462.208
57974,27219.213999999996
57975,27717.220999999998
57976,27875.226000000002
57977,27736.226999999995
57978,28270.227999999996
57979,28830.225000000002
57980,28904.220000000005
57981,28981.222000000005
57982,28592.230000000003
57983,28732.235000000004
57984,27874.240000000005
57985,27470.246000000003
57986,27291.250000000004
57987,27604.243000000006
57988,27123.253000000004
57989,27569.252000000004
57990,27023.250000000004
57991,27210.251000000004
57992,27772.251000000004
57993,27835.247000000003
57994,28113.246
57995,28091.257
57996,28509.255
57997,29351.251
57998,29178.253
57999,29806.255
58000,29760.253000000004
58001,29721.255000000005
58002,29591.255000000005
58003,29301.266000000003
58004,29865.269000000004
58005,29871.271000000004
58006,30465.269
58007,30417.264000000003
58008,30586.266000000003
58009,30632.265000000003
58010,30523.267000000003
58011,29393.266000000003
58012,29376.263000000003
58013,29767.258
58014,27706.266000000003
58015,28028.255
58016,26904.256
58017,27168.262000000002
58018,26778.267000000003
58019,27224.264000000003
58020,27595.267000000003
58021,27934.263000000003
58022,28392.271
58023,28940.271
58024,29786.260000000002
58025,29684.263
58026,30256.273
58027,30655.269000000004
58028,29900.270000000004
58029,30829.270000000004
58030,31333.271
58031,31335.258
58032,30722.259000000002
58033,30369.258
58034,30851.260000000002
58035,29242.263000000003
58036,29809.263000000003
58037,29615.257
58038,29747.256
58039,29137.241000000005
58040,29548.242000000002
58041,28927.24
58042,29107.237
58043,29537.234
58044,27346.216
58045,27982.210000000003
58046,27523.205
58047,28156.205
58048,28498.203
58049,29417.202
58050,29047.199
58051,29212.2
58052,29048.193000000003
58053,28793.195
58054,30174.186
58055,29952.18
58056,30380.175
58057,30509.175
58058,29687.169
58059,30163.163
58060,31056.163
58061,30675.164
58062,31002.16
58063,30757.167
58064,31712.161
58065,30664.160000000003
58066,31042.155000000002
58067,30451.149
58068,31363.142
58069,30823.133
58070,31297.124
58071,31432.124
58072,30848.126
58073,31585.123
58074,29240.124
58075,29935.129
58076,29387.126
58077,29631.12
58078,29961.116
58079,30626.116
58080,30682.11
58081,31469.109
58082,31646.108
58083,31648.105
58084,32594.107
58085,32249.103
58086,31865.103000000003
58087,32039.099000000002
58088,30872.097
58089,30658.101000000002
58090,30673.101000000002
58091,29544.103000000003
58092,30328.104000000003
58093,29328.101000000002
58094,30033.102000000003
58095,30331.094
58096,30756.094
58097,30914.093
58098,32134.091
58099,32204.085000000003
58100,32254.085000000003
58101,31821.089000000004
58102,31041.088000000003
58103,31635.088000000003
58104,30398.090000000004
58105,30981.089000000004
58106,29852.089000000004
58107,30113.088000000003
58108,30595.087000000003
58109,31492.077
58110,31253.08
58111,32017.077
58112,31970.078
58113,32562.074000000004
58114,32777.07400000001
58115,31716.079
58116,32281.078
58117,31283.076000000005
58118,30127.077000000005
58119,30350.076000000005
58120,30958.076000000005
58121,29566.080000000005
58122,30890.077000000005
58123,29851.079000000005
58124,30659.078
58125,31043.076
58126,31962.077
58127,31957.078
58128,32517.076
58129,31516.075
58130,31401.072
58131,30981.072
58132,30186.074
58133,31225.073
58134,30605.074
58135,31525.072
58136,30395.069
58137,31275.064
58138,31925.058000000005
58139,32175.057000000004
58140,31710.050000000003
58141,32285.051000000003
58142,32260.052000000003
58143,32675.052000000003
58144,32475.053000000004
58145,31950.051000000003
58146,32595.049000000003
58147,32175.050000000003
58148,31210.053000000004
58149,31015.054000000004
58150,31495.051000000003
58151,31500.050000000003
58152,32110.050000000007
58153,30780.050000000003
58154,31365.050000000003
58155,31625.047000000002
58156,32400.048000000006
58157,32470.044000000005
58158,32820.047000000006
58159,32040.047000000002
58160,32600.047000000002
58161,32070.047000000006
58162,30855.051000000007
58163,31795.053000000004
58164,31435.052000000007
58165,30865.054000000004
58166,29310.053000000004
58167,30085.055000000004
58168,29620.056000000004
58169,30200.059000000005
58170,29615.059000000005
58171,29645.058000000005
58172,30050.056000000004
58173,31220.056000000004
58174,31195.056000000004
58175,30250.056000000004
58176,30855.057000000004
58177,30475.055000000004
58178,30280.055000000004
58179,30450.056000000004
58180,30585.058000000005
58181,30970.059000000005
58182,32230.057000000004
58183,30875.056000000004
58184,31520.054000000004
58185,32100.056000000008
58186,32685.057000000004
58187,32745.055000000008
58188,32935.05600000001
58189,32325.058000000008
58190,32745.057000000004
58191,32250.054000000007
58192,31640.054000000007
58193,32585.055000000004
58194,32025.055000000004
58195,32190.056000000008
58196,30595.058000000008
58197,31380.057000000004
58198,31585.055000000004
58199,32365.055000000004
58200,31610.057000000004
58201,32035.055000000008
58202,31640.059000000005
58203,33045.05600000001
58204,32905.05600000001
58205,31530.059000000005
58206,32570.056000000008
58207,32125.058000000008
58208,31905.058000000008
58209,31460.060000000005
58210,32155.063000000006
58211,32570.064000000006
58212,32585.066000000006
58213,31190.067000000006
58214,31640.065000000006
58215,31290.067000000006
58216,31675.069000000007
58217,31685.068000000007
58218,32150.064000000006
58219,32185.063000000006
58220,31990.063000000006
58221,32095.066000000006
58222,31240.062000000005
58223,31965.06300000001
58224,31565.065000000006
58225,32765.06500000001
58226,31005.066000000006
58227,31815.065000000006
58228,31905.06200000001
58229,32655.063000000006
58230,32475.06000000001
58231,32710.057000000008
58232,33460.058000000005
58233,34235.05900000001
58234,33830.062000000005
58235,32345.06200000001
58236,33180.06100000001
58237,32430.06000000001
58238,32415.05900000001
58239,31665.06000000001
58240,33035.05900000001
58241,33310.058000000005
58242,32930.06100000001
58243,31910.06000000001
58244,32525.06000000001
58245,32390.058000000008
58246,32560.058000000008
58247,31995.06000000001
58248,32585.059000000005
58249,32190.06000000001
58250,31810.058000000008
58251,31325.053000000004
58252,30180.054000000007
58253,30725.057000000004
58254,30960.054000000007
58255,32165.052000000007
58256,30665.051000000007
58257,31240.053000000007
58258,30455.054000000007
58259,31430.054000000007
58260,31270.052000000007
58261,32310.049000000006
58262,33285.049000000006
58263,33680.049000000006
58264,33325.047000000006
58265,32455.052000000007
58266,33230.05300000001
58267,32615.054000000007
58268,32615.054000000007
58269,32265.051000000007
58270,33715.049000000006
58271,33675.05200000001
58272,34235.05300000001
58273,33815.05500000001
58274,34175.05600000001
58275,33580.058000000005
58276,33745.05900000001
58277,33525.05900000001
58278,33285.064000000006
58279,33095.064000000006
58280,32475.066000000006
58281,32250.068000000007
58282,30885.068000000007
58283,31310.066000000006
58284,31005.06400000001
58285,31735.064000000006
58286,30470.068000000007
58287,31420.069000000007
58288,30510.066000000006
58289,31855.065000000006
58290,31055.060000000005
58291,31665.061000000005
58292,32475.060000000005
58293,32840.060000000005
58294,33125.05700000001
58295,32560.058000000005
58296,33435.054000000004
58297,32485.054000000007
58298,33170.058000000005
58299,32410.05900000001
58300,33975.059
58301,34205.058000000005
58302,34365.060000000005
58303,33950.06100000001
58304,34380.058
58305,33860.055
58306,33950.052
58307,34185.049000000006
58308,34350.05
58309,34065.046
58310,33720.047000000006
58311,33550.047
58312,32185.047000000006
58313,32580.046000000006
58314,32585.045000000006
58315,33155.048
58316,32115.051000000007
58317,32865.05300000001
58318,31695.054000000004
58319,33230.056000000004
58320,31760.06200000001
58321,31565.06400000001
58322,32555.069000000007
58323,32990.06700000001
58324,32675.06700000001
58325,32450.06800000001
58326,33015.06700000001
58327,31790.068000000007
58328,32775.066000000006
58329,31995.067000000006
58330,32640.06600000001
58331,33355.06900000001
58332,34120.06800000001
58333,34060.07000000001
58334,33835.07200000001
58335,33245.073000000004
58336,33950.07000000001
58337,35480.067
58338,35540.06500000001
58339,34795.063
58340,35680.05800000001
58341,34675.059
58342,33375.058000000005
58343,33600.058000000005
58344,33500.064000000006
58345,33520.06500000001
58346,32400.06500000001
58347,33050.062000000005
58348,32310.05900000001
58349,33415.057
58350,32835.05600000001
58351,33285.054000000004
58352,34255.05500000001
58353,34420.058000000005
58354,34620.057
58355,34850.055
58356,34080.057
58357,32915.056000000004
58358,34200.058
58359,34615.054
58360,34990.053
58361,35715.054000000004
58362,36670.053
58363,36180.053
58364,35980.054
58365,35460.06
58366,36635.059
58367,37045.059
58368,36140.058999999994
58369,35165.059
58370,34995.059
58371,34075.058000000005
58372,32775.05500000001
58373,32095.05900000001
58374,32075.058000000008
58375,32455.06000000001
58376,31890.056000000008
58377,32375.051000000007
58378,31585.053000000007
58379,32595.050000000007
58380,32420.051000000007
58381,31930.052000000007
58382,32320.052000000007
58383,32815.05500000001
58384,33215.05700000001
58385,32610.056000000008
58386,33320.056000000004
58387,32515.056000000004
58388,33130.05500000001
58389,33130.05500000001
58390,33415.052
58391,33015.05700000001
58392,34815.054
58393,34810.055
58394,33970.06
58395,33870.059
58396,34655.058
58397,35090.056
58398,35260.056
58399,34485.056000000004
58400,34705.055
58401,34420.058
58402,32875.060000000005
58403,33100.061
58404,33040.065
58405,33880.063
58406,32990.062000000005
58407,34310.062
58408,33535.062
58409,34230.064000000006
58410,33817.064000000006
58411,33789.067
58412,33229.06800000001
58413,32704.075000000008
58414,33164.071
58415,32781.071
58416,32551.073000000008
58417,31246.072000000004
58418,32221.072000000007
58419,32446.071000000007
58420,32856.07200000001
58421,32681.075000000008
58422,33496.08000000001
58423,34132.08000000001
58424,33697.08400000001
58425,33327.08000000001
58426,33437.08200000001
58427,34058.079000000005
58428,34323.077000000005
58429,33582.07600000001
58430,33575.08000000001
58431,33045.08
58432,32330.078000000005
58433,32105.079000000005
58434,31884.081000000006
58435,33609.072
58436,33410.071
58437,34251.068999999996
58438,33506.068
58439,33501.071
58440,33544.067
58441,34069.071
58442,34888.07
58443,34698.068999999996
58444,34663.071
58445,34278.07
58446,34298.070999999996
58447,33008.075000000004
58448,33926.077
58449,34081.081
58450,34899.07800000001
58451,35514.078
58452,36324.077
58453,36693.077
58454,36198.075000000004
58455,35248.076
58456,34863.077000000005
58457,34665.079000000005
58458,35064.079000000005
58459,34674.08000000001
58460,34790.084
58461,34015.084
58462,32649.086000000007
58463,32615.086000000007
58464,32535.093000000008
58465,33355.100000000006
58466,33216.09700000001
58467,33917.09200000001
58468,32338.093000000008
58469,32843.09100000001
58470,32212.09400000001
58471,32297.092000000008
58472,32920.09000000001
58473,33042.092000000004
58474,33322.09100000001
58475,33387.088
58476,33667.08900000001
58477,32847.094000000005
58478,34040.09700000001
58479,33046.10100000001
58480,33091.09800000001
58481,33704.101
58482,35089.105
58483,35619.11
58484,34611.114
58485,33616.114
58486,33398.116
58487,33598.117
58488,33563.12
58489,33233.12
58490,34248.123
58491,33628.130000000005
58492,32013.133000000005
58493,31663.135000000006
58494,32444.133000000005
58495,33635.134
58496,32885.135
58497,33475.138
58498,32168.140000000007
58499,32843.14000000001
58500,32682.137000000006
58501,33227.133
58502,33385.13900000001
58503,34413.14000000001
58504,34273.143000000004
58505,34482.14200000001
58506,35322.14600000001
58507,34177.147000000004
58508,35497.149
58509,35718.149
58510,35490.153000000006
58511,35705.15800000001
58512,36563.15700000001
58513,36488.15700000001
58514,35122.16000000001
58515,34203.15800000001
58516,33972.164000000004
58517,33377.16700000001
58518,34740.16200000001
58519,34095.162000000004
58520,34030.171
58521,33644.172000000006
58522,32251.173000000006
58523,32626.174000000006
58524,33401.17800000001
58525,33306.183000000005
58526,32771.18600000001
58527,33492.19
58528,32599.188000000006
58529,33409.19200000001
58530,34111.194
58531,33273.196
58532,33707.200000000004
58533,34074.205
58534,34090.199
58535,35091.198
58536,36148.195
58537,36146.197
58538,37353.19900000001
58539,37088.201
58540,37113.201
58541,37925.201
58542,38578.201
58543,37713.204
58544,36958.207
58545,36754.211
58546,36498.203
58547,35981.19900000001
58548,36320.201
58549,35674.19900000001
58550,35788.19900000001
58551,35565.207
58552,35368.202000000005
58553,36432.206000000006
58554,37249.207
58555,37434.21200000001
58556,36570.21400000001
58557,37754.21600000001
58558,36695.22200000001
58559,37387.22200000001
58560,37705.223000000005
58561,36709.22400000001
58562,36839.23200000001
58563,37180.23600000001
58564,36650.244000000006
58565,36410.24600000001
58566,37702.24600000001
58567,37206.249
58568,37372.253000000004
58569,37656.25300000001
58570,37189.26100000001
58571,38528.263000000006
58572,38929.265000000014
58573,37847.26800000001
58574,37397.26700000001
58575,37290.27300000001
58576,36470.27700000001
58577,36095.28500000001
58578,36366.28200000001
58579,35937.28600000001
58580,36282.28200000001
58581,36373.286000000015
58582,36037.288000000015
58583,36172.29500000001
58584,36859.29800000001
58585,37662.29900000001
58586,36883.303000000014
58587,37599.31000000001
58588,36860.31900000001
58589,37187.31700000001
58590,37686.32300000001
58591,36082.32400000001
58592,36377.32300000001
58593,36897.32200000001
58594,37198.32700000001
58595,36884.33300000001
58596,37620.33700000001
58597,37541.33300000001
58598,38043.33800000001
58599,37913.34000000001
58600,37864.33800000001
58601,38893.335000000014
58602,40253.33300000001
58603,39770.33500000001
58604,38787.34400000001
58605,38821.34700000001
58606,38190.34900000001
58607,37251.349
58608,36825.35800000001
58609,36345.355
58610,36330.361000000004
58611,36277.365000000005
58612,36072.359000000004
58613,36303.36100000001
58614,36288.369000000006
58615,38069.36800000001
58616,37675.36800000001
58617,38465.372
58618,38221.378000000004
58619,38910.37600000001
58620,39077.37200000001
58621,37993.38400000001
58622,37625.386000000006
58623,38055.38900000001
58624,38944.384000000005
58625,38045.388000000006
58626,38672.398000000016
58627,38738.40300000001
58628,38531.396000000015
58629,38474.399000000005
58630,37735.40500000001
58631,39050.41000000002
58632,40406.41800000001
58633,39922.41400000001
58634,39419.41800000001
58635,39363.42100000001
58636,39497.42000000001
58637,38488.419000000016
58638,39324.41600000003
58639,39086.41600000002
58640,39947.41600000003
58641,39740.41900000002
58642,39391.41600000003
58643,39706.42300000002
58644,40254.43300000002
58645,41462.43500000001
58646,40716.432000000015
58647,43001.42900000001
58648,43165.42100000002
58649,43706.42100000003
58650,43634.42200000003
58651,42351.41600000003
58652,41522.419000000016
58653,42039.42400000002
58654,42223.423000000024
58655,41186.42600000002
58656,41093.43400000002
58657,40169.447000000015
58658,39968.44900000002
58659,40028.45500000002
58660,39939.45400000003
58661,41823.45500000002
58662,43362.453000000016
58663,42491.46100000002
58664,42552.45700000002
58665,42235.46500000002
58666,42259.47400000002
58667,41979.47200000001
58668,41072.485000000015
58669,41936.48700000002
58670,42492.49000000003
58671,42836.49200000002
58672,42969.48800000003
58673,43375.49300000003
58674,43861.49500000003
58675,44211.50500000003
58676,43354.50900000002
58677,43990.516000000025
58678,44620.50800000002
58679,43833.51100000002
58680,43856.52100000002
58681,42176.51700000002
58682,41376.51400000002
58683,41586.514000000025
58684,41488.520000000026
58685,40700.52800000003
58686,40906.53000000001
58687,40033.52600000003
58688,39681.531000000025
58689,39762.53700000002
58690,38299.54500000002
58691,40567.552000000025
58692,41248.55900000002
58693,40666.56600000001
58694,40560.56300000002
58695,40171.57100000002
58696,41025.56900000002
58697,40836.57700000002
58698,40408.57600000002
58699,40612.57600000002
58700,41296.57900000002
58701,41185.58800000002
58702,40887.593000000015
58703,42967.587000000014
58704,42870.59800000001
58705,44165.593000000015
58706,42966.59300000001
58707,44426.59000000002
58708,44531.59000000002
58709,44121.58900000002
58710,44086.59000000002
58711,42193.58900000002
58712,42139.58500000003
58713,40704.595000000016
58714,41048.59400000001
58715,39529.60100000002
58716,40905.60700000002
58717,39325.60300000002
58718,39801.59800000002
58719,39875.59300000001
58720,39818.59800000001
58721,41814.610000000015
58722,42645.607000000025
58723,41136.62300000002
58724,40885.62500000001
58725,41171.62000000002
58726,41628.62600000002
58727,41522.62100000002
58728,41352.62000000001
58729,42311.61200000002
58730,43524.61800000002
58731,43335.61900000002
58732,43739.61300000001
58733,45931.60200000001
58734,45520.604000000014
58735,46371.60800000002
58736,45579.60500000002
58737,46949.60000000002
58738,46415.60200000002
58739,47080.61200000002
58740,46069.611000000026
58741,43824.620000000024
58742,43870.62000000002
58743,43131.62700000002
58744,43366.625000000015
58745,42150.62100000002
58746,41990.63500000002
58747,40700.639000000025
58748,40924.641000000025
58749,39251.64500000002
58750,39686.63200000002
58751,41247.63500000002
58752,40402.62900000002
58753,39670.62300000003
58754,39364.62300000003
58755,39112.62500000003
58756,39101.61200000003
58757,39548.61000000003
58758,39265.614000000016
58759,40260.61000000002
58760,41034.616000000016
58761,41152.61300000002
58762,40875.615000000005
58763,42217.61900000001
58764,42296.61400000001
58765,42679.62000000001
58766,41804.615000000005
58767,42798.62000000002
58768,42558.62800000002
58769,43629.62600000002
58770,43032.62900000002
58771,41799.63200000001
58772,43071.62200000002
58773,42352.616000000016
58774,42991.61800000002
58775,41954.614000000016
58776,42570.605000000025
58777,41948.604000000014
58778,42042.60900000002
58779,40528.60500000002
58780,40957.607000000025
58781,42938.60000000002
58782,42787.60000000001
58783,42017.60500000002
58784,41465.601000000024
58785,40813.609000000026
58786,41167.608000000015
58787,40669.61400000001
58788,40156.60700000002
58789,40693.60600000003
58790,40917.61100000003
58791,40448.61700000003
58792,39653.61900000003
58793,41250.616000000016
58794,41699.612000000016
58795,41885.61900000001
58796,41273.610000000015
58797,41212.61800000001
58798,40787.613000000005
58799,42259.61300000001
58800,41168.61700000001
58801,40637.61500000002
58802,41060.61600000002
58803,40537.610000000015
58804,40441.61800000002
58805,39190.623000000014
58806,40242.620000000024
58807,40448.60500000002
58808,40425.60600000002
58809,40055.608000000015
58810,40071.60700000001
58811,40987.60100000002
58812,40214.606000000014
58813,39907.60000000002
58814,38850.59800000002
58815,38436.60100000001
58816,38734.602000000006
58817,39119.606000000014
58818,38505.60000000002
58819,37719.60000000001
58820,37393.60900000002
58821,37431.60000000001
58822,36785.60000000002
58823,37715.598
58824,38944.59800000001
58825,39441.59400000001
58826,38133.588
58827,38109.587
58828,38275.57900000001
58829,39593.567
58830,39839.56
58831,38803.55900000001
58832,40013.547000000006
58833,38793.55400000001
58834,38136.55800000002
58835,37512.56000000002
58836,37237.55800000002
58837,36245.56500000002
58838,36387.565000000024
58839,35386.57300000002
58840,34150.57200000001
58841,35051.57700000002
58842,33903.574000000015
58843,33994.582000000024
58844,33248.57600000002
58845,32866.57700000003
58846,33535.571000000025
58847,33960.57700000002
58848,32985.57600000002
58849,33421.574000000015
58850,34205.56900000002
58851,34671.566000000006
58852,35036.56300000002
58853,35344.56000000002
58854,35873.56300000002
58855,36030.57100000002
58856,35476.56200000001
58857,35880.55100000001
58858,36079.54900000001
58859,36243.54600000001
58860,36619.54400000001
58861,35777.54100000001
58862,35911.54000000001
58863,35152.54500000001
58864,34370.54800000001
58865,33072.55400000002
58866,33003.55400000002
58867,32638.55200000002
58868,32675.55400000002
58869,31863.55700000002
58870,30842.548000000017
58871,31332.553000000014
58872,30085.566000000013
58873,30603.571000000014
58874,30347.582000000013
58875,30377.579000000012
58876,29990.580000000013
58877,29505.580000000016
58878,28374.583000000017
58879,28538.582000000017
58880,29403.575000000015
58881,29388.573000000015
58882,30385.567000000014
58883,30849.57000000001
58884,31074.562000000016
58885,31341.556000000015
58886,30865.55400000001
58887,31396.55300000001
58888,31680.55200000001
58889,32482.54800000001
58890,32427.55100000001
58891,31771.55200000001
58892,31051.551000000014
58893,30518.543000000012
58894,30054.542000000012
58895,29839.54100000001
58896,30630.54700000001
58897,30022.551000000014
58898,29485.546000000013
58899,28665.54000000001
58900,28137.53200000001
58901,28321.525000000012
58902,27334.526000000013
58903,27106.527000000016
58904,27327.52000000001
58905,26489.518000000015
58906,25899.51100000001
58907,25506.520000000008
58908,25503.51300000001
58909,25189.51500000001
58910,25638.508000000013
58911,25983.506000000012
58912,26712.515000000014
58913,27450.51000000001
58914,27994.507000000012
58915,28266.51200000001
58916,28037.50700000001
58917,28985.501000000007
58918,28514.499000000007
58919,28807.492000000006
58920,28615.490000000005
58921,28915.49000000001
58922,29113.480000000007
58923,28902.47900000001
58924,28584.468000000008
58925,27951.46100000001
58926,28329.458000000006
58927,27580.455000000005
58928,27779.451000000005
58929,27334.457000000006
58930,27112.448000000008
58931,26857.440000000006
58932,26304.435000000005
58933,26735.429000000007
58934,26043.436000000005
58935,25313.438000000006
58936,25507.432000000008
58937,25052.43600000001
58938,24944.427000000007
58939,24601.42800000001
58940,25217.42600000001
58941,25112.43400000001
58942,25230.43700000001
58943,25129.428000000007
58944,25748.431000000008
58945,27082.430000000008
58946,25370.43800000001
58947,26571.44100000001
58948,26778.433000000008
58949,26772.42600000001
58950,26925.431000000008
58951,26905.42900000001
58952,26405.427000000007
58953,26153.428000000007
58954,25493.428000000007
58955,24788.428000000007
58956,24538.426000000007
58957,23873.426000000007
58958,23452.429000000004
58959,23311.421000000006
58960,22734.418000000005
58961,22075.419000000005
58962,21913.41600000001
58963,21920.409000000003
58964,21195.412000000004
58965,21104.41600000001
58966,20835.419000000005
58967,21559.416000000005
58968,22737.414000000004
58969,22878.412000000008
58970,22872.415000000005
58971,23716.407000000003
58972,24375.401000000005
58973,23669.405000000006
58974,24318.398000000005
58975,25666.394000000004
58976,24832.390000000003
58977,24204.39
58978,22547.393000000004
58979,22972.394000000004
58980,23551.390000000003
58981,22860.39
58982,22564.381
58983,22838.384000000002
58984,22423.384000000005
58985,21304.385000000002
58986,21071.393
58987,20300.402000000002
58988,20893.403000000002
58989,20000.407000000003
58990,19496.411
58991,19383.417999999998
58992,18870.418999999998
58993,18978.407999999996
58994,18866.410999999996
58995,18169.406
58996,18557.408
58997,19634.396999999997
58998,19353.399
58999,19339.394
59000,18502.393
59001,18507.387
59002,19075.382999999998
59003,19299.376
59004,20044.377999999997
59005,21131.380999999998
59006,20483.379999999997
59007,19863.379
59008,19737.363999999998
59009,20918.346999999994
59010,21670.338999999996
59011,21296.336999999996
59012,21314.341999999997
59013,22277.334
59014,21230.342999999997
59015,19665.338999999996
59016,19038.338999999996
59017,17632.340999999997
59018,16931.339
59019,15695.344000000003
59020,14562.348000000002
59021,13910.350000000002
59022,13343.354000000003
59023,13017.365000000003
59024,12802.362000000005
59025,12447.377000000004
59026,12898.379000000006
59027,13740.386000000006
59028,14177.393000000007
59029,15055.40300000001
59030,15812.40600000001
59031,15144.413000000013
59032,14419.428000000014
59033,12060.440000000013
59034,10885.468000000017
59035,10106.487000000017
59036,8890.49800000002
59037,8219.51700000002
59038,5004.554000000014
59039,1054.6159999999998
59040,1468.4389999999976
59041,3201.427000000011
59042,4570.416000000015
59043,5420.409000000012
59044,6343.402000000014
59045,7130.394000000013
59046,8210.397000000017
59047,9350.390000000018
59048,11000.383000000016
59049,11300.378000000015
59050,14621.368000000013
59051,13973.369000000013
59052,13213.37000000001
59053,13693.36500000001
59054,13603.364000000009
59055,14000.365000000007
59056,13915.358000000006
59057,13300.358000000006
59058,12148.355000000005
59059,12633.352000000004
59060,11141.352000000004
59061,11776.357000000002
59062,12911.352000000003
59063,13844.335000000003
59064,15029.323
59065,17051.314000000002
59066,17489.307999999997
59067,18479.301999999996
59068,19034.297999999995
59069,20199.296999999995
59070,18658.297999999995
59071,18161.302999999996
59072,18617.304999999997
59073,18405.306999999997
59074,18340.313
59075,17400.312999999995
59076,18390.307999999997
59077,19042.303999999996
59078,20502.307999999997
59079,19450.302999999996
59080,19800.296
59081,20110.289999999997
59082,19545.290999999997
59083,19860.291999999998
59084,18608.289999999997
59085,18718.284
59086,17983.278
59087,17265.274
59088,15650.269
59089,16230.265000000001
59090,17760.263
59091,17065.263000000003
59092,16275.263000000003
59093,16288.258000000003
59094,16158.258000000003
59095,16423.257000000005
59096,16290.260000000002
59097,16785.259000000002
59098,16860.257000000005
59099,17170.253000000004
59100,15548.250000000004
59101,15753.242000000004
59102,16918.239
59103,16333.237000000005
59104,16683.242000000006
59105,16723.230000000003
59106,17980.223
59107,17935.223
59108,16872.229000000003
59109,16482.225000000002
59110,16350.217000000004
59111,16982.213000000007
59112,15792.216000000004
59113,15757.212000000005
59114,16180.203000000005
59115,16128.203000000003
59116,15488.204000000003
59117,15855.201000000006
59118,15502.193000000005
59119,16325.190000000004
59120,17485.184000000005
59121,16715.179000000004
59122,16725.179000000004
59123,17130.178000000004
59124,16558.178000000007
59125,15378.180000000006
59126,15393.181000000006
59127,14623.181000000004
59128,15233.180000000004
59129,16213.180000000004
59130,14461.181000000004
59131,14889.177000000003
59132,15859.179000000004
59133,15859.182000000004
59134,16064.179000000004
59135,16469.180000000004
59136,16879.181000000004
59137,17864.182
59138,17909.177
59139,17924.177
59140,18154.176000000003
59141,19511.176
59142,19321.178
59143,18941.18
59144,18154.182
59145,18754.181999999997
59146,18754.179999999997
59147,18351.181
59148,17961.18
59149,18731.181
59150,19914.18
59151,18207.177
59152,16877.174000000003
59153,17454.174
59154,17789.179
59155,17604.179
59156,16396.183000000005
59157,16191.183000000003
59158,17944.182
59159,18139.182
59160,16151.185000000003
59161,16358.183000000003
59162,17133.182
59163,17703.185
59164,17668.189000000002
59165,17243.191000000003
59166,18208.191000000003
59167,18796.192000000003
59168,18031.188000000002
59169,17224.191000000003
59170,18194.191
59171,18614.189000000002
59172,19381.190000000002
59173,19366.190000000002
59174,18373.192000000003
59175,18576.191000000003
59176,18754.193000000003
59177,18759.192000000003
59178,18169.192000000003
59179,19144.193
59180,19542.192
59181,18942.194
59182,17172.196000000004
59183,17172.197000000004
59184,17554.197000000004
59185,17544.199000000004
59186,16569.199000000004
59187,15984.199000000004
59188,17362.199000000004
59189,17942.199
59190,17357.198000000004
59191,17362.198
59192,17577.198
59193,17764.2
59194,17939.202
59195,17959.201
59196,18909.202999999998
59197,20249.206
59198,18894.204999999998
59199,18527.202
59200,18517.204
59201,19122.201
59202,19872.202
59203,20072.201
59204,19512.197
59205,19902.197
59206,19882.197
59207,19844.2
59208,19669.198
59209,20484.193
59210,20679.193
59211,19919.192
59212,18129.196
59213,18893.196
59214,18265.2
59215,17649.203000000005
59216,17118.2
59217,16738.199
59218,17533.199000000004
59219,18916.196
59220,18716.197
59221,18924.196
59222,18284.202
59223,18727.198
59224,18737.196
59225,18702.2
59226,18892.201
59227,19482.201
59228,17879.208000000002
59229,17699.205
59230,17912.203
59231,18892.203
59232,19482.202
59233,19462.206000000002
59234,19687.204
59235,19672.206000000002
59236,19677.205
59237,20247.205
59238,19834.207000000002
59239,20247.204
59240,20844.197
59241,21414.198
59242,20034.198
59243,20252.193000000003
59244,19657.191000000003
59245,18897.188000000002
59246,19067.191000000003
59247,18887.190000000002
59248,18697.191000000003
59249,20267.185
59250,19089.184
59251,19074.186
59252,19264.187
59253,20429.185
59254,19839.183
59255,20394.186
59256,19809.186
59257,19819.187
59258,19227.186
59259,18847.181
59260,19029.180000000004
59261,19224.178000000004
59262,20004.177000000003
59263,20212.175000000003
59264,20409.175000000003
59265,20586.177000000003
59266,20604.175000000003
59267,20809.174000000003
59268,20234.176000000003
59269,21619.174000000003
59270,22374.176
59271,22764.177
59272,20619.178000000004
59273,20991.178000000004
59274,21394.175000000003
59275,21534.179
59276,21729.181
59277,21764.175
59278,22129.179
59279,22349.175
59280,21204.175
59281,21796.178
59282,21613.178
59283,22573.178999999996
59284,21383.182999999997
59285,21398.183999999997
59286,20834.184999999998
59287,22247.183999999997
59288,21663.185999999998
59289,21483.188
59290,21488.19
59291,21480.192
59292,21490.192
59293,21336.191
59294,20769.194
59295,20746.195
59296,20351.196
59297,20369.195
59298,19619.197
59299,21569.197
59300,23160.194
59301,22780.194
59302,21584.197
59303,22423.194
59304,22633.195
59305,23003.202
59306,23352.206000000002
59307,22796.207000000002
59308,23400.205
59309,23659.203
59310,21110.202
59311,21760.2
59312,21570.2
59313,22341.202
59314,22402.197
59315,22813.199
59316,22660.199
59317,23986.206000000002
59318,23586.207000000002
59319,23549.211000000003
59320,24323.212000000003
59321,24791.206000000002
59322,25181.207000000002
59323,24827.202
59324,23620.208000000002
59325,24030.206000000002
59326,23830.211000000003
59327,24232.209000000003
59328,23975.203
59329,24751.204000000005
59330,25367.200000000004
59331,25137.205
59332,23965.203000000005
59333,24130.206000000006
59334,24136.206000000006
59335,23756.204000000005
59336,23175.205
59337,23346.207000000002
59338,24135.203000000005
59339,24525.202
59340,23596.202000000005
59341,23205.210000000003
59342,23481.201000000005
59343,23934.199000000004
59344,23169.200000000004
59345,23360.201000000005
59346,23324.207000000006
59347,23882.209000000006
59348,24330.201000000005
59349,24954.199000000004
59350,25764.201000000005
59351,25999.201000000005
59352,26651.201000000005
59353,26836.202
59354,25653.204
59355,25985.196
59356,25975.2
59357,25814.199
59358,25898.190000000002
59359,26350.191
59360,26754.193
59361,26974.195
59362,25996.196
59363,26855.193000000003
59364,25718.189000000002
59365,26341.188000000002
59366,25540.187
59367,24915.186999999998
59368,24336.188
59369,25337.185999999998
59370,24889.186999999998
59371,25255.186999999998
59372,25254.186999999998
59373,26073.189
59374,26027.192
59375,26224.194
59376,25891.194
59377,26884.197
59378,26435.201
59379,26204.203
59380,25887.2
59381,25464.203
59382,27077.199
59383,27665.202
59384,26532.198
59385,26501.2
59386,26101.2
59387,26364.197000000004
59388,25961.202000000005
59389,25933.208000000002
59390,26348.204
59391,25975.203000000005
59392,25434.196000000004
59393,25843.198000000004
59394,25261.200000000004
59395,26575.202
59396,25927.196
59397,24305.196
59398,24553.192
59399,25574.193
59400,24922.188
59401,25293.189000000002
59402,25310.188000000002
59403,25310.187000000005
59404,26357.179000000004
59405,26565.173000000003
59406,26752.174000000003
59407,27498.177000000003
59408,27016.170000000002
59409,26428.176000000003
59410,25820.179000000004
59411,26354.181000000004
59412,28735.183
59413,29155.186
59414,28013.192000000003
59415,28203.193000000003
59416,28166.198000000004
59417,27616.197000000004
59418,27232.193000000003
59419,27277.191000000003
59420,27655.198000000004
59421,28647.199000000004
59422,27208.210000000003
59423,28315.222
59424,28747.219
59425,29551.219
59426,28635.218
59427,27147.216000000004
59428,27258.221
59429,28686.215
59430,27285.223
59431,27472.230000000003
59432,27522.234
59433,27897.239
59434,28343.241
59435,28225.236
59436,28018.24
59437,30204.24
59438,29232.242000000002
59439,28331.237000000005
59440,28951.241
59441,28545.245000000003
59442,30892.249000000003
59443,30994.246000000003
59444,29569.259000000005
59445,29090.261000000006
59446,28912.265000000007
59447,28418.275000000005
59448,27419.275
59449,27742.281000000003
59450,28307.282000000003
59451,28603.278000000002
59452,26855.272
59453,27510.269
59454,28444.277000000002
59455,28859.291
59456,28852.292
59457,27525.289000000004
59458,27348.29
59459,28124.293
59460,27391.288
59461,28245.281000000003
59462,28012.280000000002
59463,27270.280000000002
59464,27473.274
59465,27682.264
59466,28459.262000000002
59467,30335.263
59468,30092.266
59469,29248.262000000002
59470,29496.257
59471,29046.256
59472,30308.254
59473,30332.249
59474,30133.245000000003
59475,30619.239
59476,30467.227
59477,30261.225000000006
59478,30713.212000000003
59479,31428.213000000003
59480,31802.206000000002
59481,31360.208000000002
59482,29582.207000000002
59483,29321.205000000005
59484,29708.205
59485,30046.209000000003
59486,30048.204000000005
59487,29164.208000000002
59488,28590.205
59489,28216.205000000005
59490,27182.206000000006
59491,27853.201000000005
59492,27618.2
59493,27465.196
59494,27090.192000000006
59495,26722.189000000006
59496,28051.178
59497,29960.172000000002
59498,31498.167
59499,30488.165
59500,30676.154000000002
59501,30025.160000000003
59502,31389.152000000002
59503,31847.149
59504,32066.148
59505,33258.143
59506,32752.138000000003
59507,31750.136000000002
59508,31410.126000000004
59509,31953.125
59510,32995.114
59511,33252.114
59512,32686.114
59513,31846.114
59514,32602.115
59515,33174.118
59516,32178.119000000002
59517,31230.118000000002
59518,30176.123000000003
59519,30050.123000000003
59520,29795.116
59521,30234.11
59522,29570.112
59523,29730.111
59524,29224.105000000003
59525,28775.107000000004
59526,28810.108000000004
59527,29510.113
59528,30292.113000000005
59529,29279.117000000006
59530,29022.119000000002
59531,29198.121000000003
59532,30779.117000000002
59533,31428.117000000002
59534,30297.114
59535,30104.115
59536,30110.112
59537,29933.112
59538,29880.110000000004
59539,30100.110000000004
59540,31099.107000000004
59541,30621.109000000004
59542,30257.106000000003
59543,29874.101000000002
59544,31053.101000000002
59545,32038.097
59546,30493.097
59547,30340.093
59548,29839.097
59549,30281.097
59550,29620.101000000002
59551,30617.097
59552,30117.096
59553,30324.094
59554,30373.093
59555,29918.095
59556,30083.095
59557,30694.093
59558,32474.085000000003
59559,31357.083000000002
59560,31178.083000000002
59561,31212.083000000002
59562,31610.082000000002
59563,31820.079
59564,30647.077
59565,30765.081000000002
59566,29755.086000000003
59567,29387.086000000003
59568,29381.081000000002
59569,30001.079000000005
59570,30332.084000000003
59571,30162.081000000006
59572,30292.073000000004
59573,30234.073000000004
59574,31462.069000000003
59575,31622.070000000003
59576,30842.069000000003
59577,30909.064000000002
59578,29504.066000000006
59579,30939.060000000005
59580,29919.063000000006
59581,29675.063000000006
59582,29480.060000000005
59583,29650.061000000005
59584,29625.061000000005
59585,29195.064000000006
59586,29595.062000000005
59587,30350.062000000005
59588,32195.059000000005
59589,31195.059000000005
59590,30395.060000000005
59591,30780.062000000005
59592,31790.061000000005
59593,31195.063000000006
59594,30050.063000000006
59595,30420.062000000005
59596,30555.064000000002
59597,30395.062000000005
59598,29845.061000000005
59599,29470.058000000005
59600,31290.055000000004
59601,30830.059
59602,30335.056000000004
59603,30560.056000000004
59604,32125.055000000004
59605,32175.056000000004
59606,30990.060000000005
59607,30850.059000000005
59608,30080.058000000005
59609,31580.061000000005
59610,30790.065000000006
59611,30660.062
59612,30300.061000000005
59613,31580.055000000004
59614,31010.057000000004
59615,31020.055000000004
59616,30810.058000000005
59617,31655.055000000004
59618,33385.057
59619,32045.057000000004
59620,30810.061000000005
59621,31620.060000000005
59622,32440.058000000005
59623,32420.058000000005
59624,30575.059000000005
59625,31720.059000000005
59626,31855.061
59627,31685.062000000005
59628,30500.065000000006
59629,30110.065000000006
59630,31520.062000000005
59631,31210.062000000005
59632,31175.064000000006
59633,30620.063000000006
59634,31830.062000000005
59635,31890.061000000005
59636,31830.063000000006
59637,31125.063000000006
59638,30180.063000000006
59639,30985.063000000006
59640,30885.060000000005
59641,31290.057000000004
59642,30540.056000000004
59643,31580.053000000004
59644,31775.053000000004
59645,31125.056000000004
59646,30930.057000000004
59647,31445.062000000005
59648,33395.062000000005
59649,32590.062000000005
59650,31115.060000000005
59651,31700.060000000005
59652,32965.056000000004
59653,32150.058000000005
59654,30750.060000000005
59655,31500.061000000005
59656,31905.058000000005
59657,31520.058000000005
59658,30595.058000000005
59659,31380.057000000004
59660,32355.057000000004
59661,31615.054000000004
59662,31840.053000000004
59663,31075.056000000004
59664,31685.056000000004
59665,32100.056000000004
59666,32220.056000000004
59667,32415.056000000004
59668,31275.055000000008
59669,31750.053000000007
59670,31360.053000000007
59671,31280.059000000005
59672,30655.063000000006
59673,31055.061000000005
59674,31485.059000000005
59675,30920.060000000005
59676,30755.059000000005
59677,31705.059000000005
59678,33805.058
59679,32780.05500000001
59680,31600.058000000005
59681,32580.058000000005
59682,32540.061000000005
59683,31930.061000000005
59684,31910.060000000005
59685,31940.059000000005
59686,31575.059000000005
59687,30850.059000000005
59688,30715.057000000004
59689,32090.055000000004
59690,32705.054000000004
59691,32180.053000000004
59692,31925.057000000004
59693,32620.055000000004
59694,32975.057
59695,33600.054000000004
59696,33810.05300000001
59697,32690.055000000008
59698,31905.056000000004
59699,32155.055000000008
59700,31150.057000000004
59701,30745.060000000005
59702,30950.059000000005
59703,30860.062000000005
59704,30700.061000000005
59705,30310.061000000005
59706,30045.065000000006
59707,31390.065000000006
59708,32730.065000000006
59709,31425.063000000006
59710,30840.063000000006
59711,31060.065000000006
59712,31685.062000000005
59713,30735.062000000005
59714,30315.064000000006
59715,30255.066000000006
59716,30415.069000000007
59717,30805.069000000007
59718,30845.066000000006
59719,32450.062000000005
59720,33290.060000000005
59721,32870.061
59722,32445.064000000006
59723,33660.060000000005
59724,33170.06700000001
59725,33820.064000000006
59726,33100.062000000005
59727,32605.060000000005
59728,32390.060000000005
59729,33200.060000000005
59730,32875.057
59731,33495.05500000001
59732,34085.055
59733,33890.05500000001
59734,33880.057
59735,33455.060000000005
59736,33710.05900000001
59737,33935.059
59738,35455.059
59739,33370.061
59740,33150.061
59741,32965.064000000006
59742,32990.064000000006
59743,31165.068000000007
59744,30730.063000000006
59745,29725.064000000006
59746,30085.065000000006
59747,30980.067000000006
59748,29835.067000000006
59749,30645.066000000006
59750,31430.066000000006
59751,30875.06600000001
59752,30375.064000000006
59753,31940.06300000001
59754,32160.06300000001
59755,33530.06300000001
59756,32550.064000000006
59757,31780.06200000001
59758,32785.05700000001
59759,33800.055
59760,33865.05200000001
59761,34440.054000000004
59762,34050.054000000004
59763,34060.05300000001
59764,33815.058000000005
59765,33835.05900000001
59766,33835.06100000001
59767,34410.05900000001
59768,35520.062000000005
59769,34695.061
59770,33585.06300000001
59771,33590.062000000005
59772,34430.062000000005
59773,34010.064000000006
59774,33110.06300000001
59775,31975.06200000001
59776,32165.065000000006
59777,32585.065000000006
59778,31635.065000000006
59779,31665.06400000001
59780,32585.06600000001
59781,32110.06800000001
59782,31750.067000000006
59783,32855.066000000006
59784,34045.05800000001
59785,34770.05900000001
59786,33790.060000000005
59787,32650.06000000001
59788,32040.06100000001
59789,32620.06200000001
59790,32130.06800000001
59791,32885.068000000014
59792,33140.06700000001
59793,32725.06900000001
59794,32330.070000000007
59795,32530.06900000001
59796,32520.07000000001
59797,33110.06900000001
59798,34700.06800000001
59799,34120.067
59800,33620.06500000001
59801,32795.06900000001
59802,33005.07100000001
59803,33335.064000000006
59804,32610.06300000001
59805,31255.06100000001
59806,32050.05900000001
59807,32105.058000000008
59808,31755.055000000008
59809,32165.051000000007
59810,32130.053000000007
59811,32615.053000000007
59812,31660.054000000007
59813,32600.056000000008
59814,33295.058000000005
59815,34700.055
59816,34275.05700000001
59817,33550.05600000001
59818,32975.054000000004
59819,33635.058000000005
59820,33450.05600000001
59821,33540.05200000001
59822,33600.05
59823,32835.047000000006
59824,32965.04600000001
59825,33155.047000000006
59826,32735.048000000006
59827,33690.047
59828,34690.047000000006
59829,34525.046
59830,35440.048
59831,34545.04600000001
59832,35610.04400000001
59833,35410.045000000006
59834,34920.05000000001
59835,32935.05200000001
59836,32135.056000000008
59837,31535.05900000001
59838,31030.06300000001
59839,31200.06300000001
59840,30770.06900000001
59841,31930.06700000001
59842,31225.07100000001
59843,32535.072000000007
59844,32700.07600000001
59845,34065.077000000005
59846,34095.077000000005
59847,33090.07800000001
59848,32421.07800000001
59849,32951.08000000001
59850,31806.08100000001
59851,32471.075000000008
59852,31957.074000000008
59853,31147.07600000001
59854,31064.07800000001
59855,31749.073000000008
59856,31389.073000000008
59857,32544.07700000001
59858,33413.08000000001
59859,33228.07900000001
59860,34703.081000000006
59861,34448.083000000006
59862,34203.088
59863,33433.08900000001
59864,33468.08700000001
59865,32778.084
59866,32762.08500000001
59867,32602.084000000006
59868,31815.086000000007
59869,32175.08700000001
59870,32175.08700000001
59871,32565.088000000007
59872,32730.08900000001
59873,33840.092000000004
59874,34048.088
59875,34700.085
59876,34124.085
59877,33064.083000000006
59878,33262.083000000006
59879,33036.08700000001
59880,31336.087000000007
59881,32086.089000000007
59882,32071.088000000007
59883,31590.084000000006
59884,30945.086000000007
59885,30545.089000000007
59886,30635.091000000008
59887,31630.093000000008
59888,32779.094000000005
59889,33344.094000000005
59890,34834.098000000005
59891,34867.099
59892,34772.103
59893,34752.102
59894,34759.102000000006
59895,33954.102
59896,33634.101
59897,33735.10400000001
59898,33040.102000000006
59899,32875.103
59900,32655.103000000006
59901,32267.103000000006
59902,31637.107000000007
59903,31442.107000000007
59904,31771.10200000001
59905,32941.10400000001
59906,32496.105000000007
59907,31929.10800000001
59908,31044.10600000001
59909,30484.10600000001
59910,29899.10600000001
59911,30623.11000000001
59912,30884.10600000001
59913,31079.10700000001
59914,30314.11000000001
59915,29520.11100000001
59916,30505.118000000013
59917,30905.117000000013
59918,32909.114000000016
59919,33462.114000000016
59920,34670.11300000001
59921,33976.12200000001
59922,35254.11600000001
59923,35235.118
59924,35198.12100000001
59925,35038.119000000006
59926,34168.12700000001
59927,34621.12300000001
59928,34357.12700000001
59929,34476.131
59930,33701.13500000001
59931,33524.13900000001
59932,33341.13900000001
59933,33131.13300000001
59934,33736.130000000005
59935,34802.128000000004
59936,32909.12900000001
59937,32470.13300000001
59938,31319.13200000001
59939,30991.13100000001
59940,30829.13200000001
59941,30995.14000000001
59942,31175.13900000001
59943,31070.146000000008
59944,31915.145000000008
59945,31321.15000000001
59946,32819.14800000001
59947,33309.15000000001
59948,34378.163000000015
59949,34472.16
59950,35027.162000000004
59951,34698.16700000001
59952,35876.162000000004
59953,35801.16500000001
59954,35561.16700000001
59955,35698.16100000001
59956,35995.16300000001
59957,36211.16400000001
59958,35536.16900000001
59959,36092.16400000001
59960,35897.170000000006
59961,35518.175
59962,35387.176
59963,35314.177
59964,35173.182
59965,35479.182
59966,34180.182
59967,33165.18800000001
59968,32399.18700000001
59969,32894.186
59970,32045.18500000001
59971,32920.185000000005
59972,31940.188000000006
59973,31370.191000000006
59974,32084.194000000007
59975,30997.197000000007
59976,32223.197000000007
59977,33148.197
59978,34608.198000000004
59979,34762.202000000005
59980,35372.206000000006
59981,35775.211
59982,36165.216
59983,36164.21800000001
59984,36574.22
59985,37094.22
59986,37455.215000000004
59987,38055.214
59988,38054.21200000001
59989,37871.21200000001
59990,37991.207
59991,37561.21000000001
59992,37375.21600000001
59993,37305.217000000004
59994,37029.21600000001
59995,37640.21800000001
59996,35740.227000000006
59997,35563.227000000006
59998,34575.22900000001
59999,33768.240000000005
60000,33888.238000000005
60001,33628.24300000001
60002,32995.24200000001
60003,32537.24400000001
60004,32104.24900000001
60005,31215.24100000001
60006,32304.23800000001
60007,33285.240000000005
60008,35182.243
60009,34961.24800000001
60010,35731.251000000004
60011,36018.257000000005
60012,36891.254
60013,37371.255
60014,37772.259
60015,38651.254
60016,39027.25399999999
60017,39383.251
60018,38167.254
60019,39146.253000000004
60020,38769.261
60021,38756.263
60022,38342.268000000004
60023,38252.27
60024,38015.272000000004
60025,38483.27500000001
60026,37324.281
60027,37518.278000000006
60028,36303.28400000001
60029,35757.278000000006
60030,35455.274000000005
60031,35096.27900000001
60032,35046.27600000001
60033,34774.28600000001
60034,35071.289000000004
60035,34208.287000000004
60036,35099.28800000001
60037,35655.29200000001
60038,38226.293000000005
60039,38762.297000000006
60040,39106.30100000001
60041,39419.30800000001
60042,40464.314000000006
60043,40846.31100000001
60044,41201.31300000001
60045,40863.31600000001
60046,41302.31900000001
60047,40838.31900000001
60048,40121.322000000015
60049,40743.32000000001
60050,40384.325000000004
60051,40228.324
60052,39961.326
60053,39705.331000000006
60054,38440.334
60055,39484.328
60056,37641.331
60057,38003.334
60058,36769.336
60059,36627.336
60060,37186.342000000004
60061,36415.346
60062,35790.356999999996
60063,35821.359
60064,35961.356999999996
60065,35578.361
60066,37175.359
60067,38093.367
60068,39612.37899999999
60069,39440.38199999999
60070,39747.39199999999
60071,40195.4
60072,40860.40000000001
60073,41203.407
60074,41830.406
60075,42129.40900000001
60076,42361.414000000004
60077,41398.41500000001
60078,40567.41700000001
60079,40718.42700000001
60080,39667.43300000001
60081,40107.42900000001
60082,40231.42700000001
60083,39975.434000000016
60084,39451.43600000001
60085,40466.433000000005
60086,39015.434
60087,39473.441000000006
60088,39172.43700000001
60089,39550.430000000015
60090,40411.43300000001
60091,39523.43300000001
60092,39752.43400000001
60093,39772.42700000001
60094,39699.437000000005
60095,38685.43900000001
60096,40361.43700000001
60097,41396.44400000001
60098,41812.447000000015
60099,42081.44600000001
60100,42232.44700000001
60101,42908.452000000005
60102,43129.452000000005
60103,44154.45200000001
60104,44823.448000000004
60105,44481.45000000001
60106,44208.458000000006
60107,43224.455000000016
60108,42459.46100000001
60109,42685.46300000001
60110,42159.468000000015
60111,42619.46800000001
60112,43374.473000000005
60113,43163.46900000001
60114,42640.473000000005
60115,43710.47400000002
60116,42307.48200000002
60117,42647.48200000002
60118,41668.493000000024
60119,41449.500000000015
60120,41576.50400000001
60121,41330.49900000002
60122,40891.49200000001
60123,40591.49400000001
60124,40675.49300000002
60125,40842.48800000001
60126,40780.49600000001
60127,41941.49900000002
60128,42908.501000000004
60129,42168.50700000001
60130,42506.518000000004
60131,43610.52500000001
60132,44430.52000000001
60133,45546.526000000005
60134,46550.532000000014
60135,45901.53600000001
60136,46490.53300000001
60137,46518.53100000002
60138,46482.53200000003
60139,46218.534000000014
60140,46388.529000000024
60141,46169.53200000002
60142,45999.54500000003
60143,45069.54500000003
60144,43751.55100000003
60145,44490.55300000002
60146,43799.554000000026
60147,42813.56000000002
60148,41528.57000000002
60149,41158.57600000002
60150,40902.57600000002
60151,40484.58700000003
60152,39738.59800000003
60153,39469.60200000002
60154,39097.60400000002
60155,39311.60600000002
60156,39918.61000000002
60157,40982.61200000002
60158,42252.61300000002
60159,41735.62100000002
60160,41928.61900000003
60161,43048.61800000002
60162,43023.62300000002
60163,43539.63200000002
60164,45679.64800000002
60165,45191.64600000001
60166,44826.65000000001
60167,44417.66100000001
60168,44512.657000000014
60169,44241.66200000002
60170,44598.65700000002
60171,44440.65300000002
60172,44807.660000000025
60173,45007.657000000014
60174,43779.654000000024
60175,43486.66400000001
60176,43240.657000000014
60177,42087.663000000015
60178,40864.665000000015
60179,40768.65500000001
60180,41086.64400000001
60181,40239.63500000001
60182,39513.638000000006
60183,39242.64800000001
60184,37623.64200000001
60185,37392.64500000001
60186,38107.64200000001
60187,39771.63900000001
60188,40985.63100000001
60189,41943.63100000001
60190,41255.632000000005
60191,42604.633
60192,42325.636000000006
60193,42039.63500000001
60194,44122.637
60195,43641.64400000001
60196,43778.643000000004
60197,43488.64599999999
60198,44666.636000000006
60199,44287.634
60200,43934.63500000002
60201,43960.63900000002
60202,44844.638000000006
60203,44703.63800000001
60204,44365.64300000002
60205,43840.64300000001
60206,43070.65100000001
60207,42157.65400000001
60208,40362.63500000001
60209,39878.641
60210,40911.63700000002
60211,39959.640000000014
60212,39336.642000000014
60213,38277.64300000001
60214,37316.66000000001
60215,36988.66800000001
60216,37105.669000000016
60217,38277.67200000001
60218,39203.676000000014
60219,40545.66900000002
60220,39848.67300000002
60221,41443.66900000001
60222,41918.66000000001
60223,42917.656000000025
60224,43860.64900000001
60225,43651.65100000001
60226,44121.64500000002
60227,43297.65300000001
60228,44807.64900000001
60229,44423.640000000014
60230,43909.64800000001
60231,43943.64600000001
60232,43792.65100000002
60233,44298.648000000016
60234,43972.65100000001
60235,43964.65900000001
60236,42699.66
60237,42147.65600000001
60238,41436.65800000002
60239,41646.648000000016
60240,41820.64400000001
60241,41085.64000000001
60242,40149.63400000001
60243,38850.629000000015
60244,38606.62700000001
60245,38260.62600000001
60246,38855.63100000001
60247,40394.632000000005
60248,39788.64300000001
60249,40489.647000000004
60250,40725.643000000004
60251,40710.64400000001
60252,40732.63600000001
60253,40503.638000000006
60254,41100.62700000001
60255,40745.616000000016
60256,40986.614000000016
60257,39886.615000000005
60258,40252.62000000001
60259,39611.61800000001
60260,39081.62200000001
60261,39085.62000000001
60262,39429.629000000015
60263,38884.62900000001
60264,39253.62300000001
60265,39184.616000000016
60266,37089.61700000001
60267,35971.61600000001
60268,35365.61700000001
60269,34254.62400000002
60270,33758.62300000002
60271,33528.61400000003
60272,32628.612000000026
60273,32317.604000000025
60274,31356.60400000003
60275,32492.598000000024
60276,33434.588000000025
60277,34882.58100000002
60278,34144.575000000026
60279,36553.56700000002
60280,36210.570000000014
60281,36193.57400000002
60282,36263.56300000001
60283,36980.565
60284,37702.56500000001
60285,35938.57300000001
60286,35531.561000000016
60287,34011.561000000016
60288,34672.55900000001
60289,32461.56100000002
60290,32744.56800000002
60291,32966.563000000024
60292,34079.56200000001
60293,33809.56500000002
60294,33424.56000000001
60295,34191.55600000001
60296,32707.56200000002
60297,32546.55600000002
60298,33128.552000000025
60299,33184.54600000002
60300,32205.54900000002
60301,31923.54800000002
60302,31149.55400000002
60303,30088.55800000002
60304,29613.546000000017
60305,30726.54000000002
60306,31238.542000000016
60307,31907.546000000017
60308,31741.539000000015
60309,33706.538000000015
60310,34231.52700000002
60311,34246.52600000001
60312,33557.51800000002
60313,34086.515000000014
60314,34483.514
60315,32744.51400000002
60316,32753.51400000002
60317,32487.51300000002
60318,32337.512000000024
60319,30842.507000000023
60320,31515.50600000002
60321,31726.50500000002
60322,32035.497000000018
60323,31838.504000000015
60324,31398.509000000016
60325,32041.50800000002
60326,31299.499000000018
60327,30179.50300000002
60328,30650.497000000018
60329,30109.50700000002
60330,28997.50400000002
60331,28707.502000000022
60332,28856.49200000002
60333,28161.496000000017
60334,27455.492000000017
60335,28609.492000000017
60336,28287.49600000002
60337,29178.49700000002
60338,29284.49100000002
60339,30188.49100000002
60340,30027.48300000002
60341,30344.484000000022
60342,29727.48800000002
60343,29818.480000000018
60344,30568.489000000016
60345,29980.488000000016
60346,30803.48800000002
60347,29673.49600000002
60348,28795.49000000002
60349,26588.487000000016
60350,27417.479000000014
60351,28135.479000000014
60352,28630.467000000015
60353,28426.468000000015
60354,28490.46700000002
60355,29040.474000000013
60356,27819.48500000001
60357,27182.485000000015
60358,27933.490000000013
60359,27994.487000000012
60360,27122.491000000016
60361,25919.488000000016
60362,25666.486000000015
60363,25370.476000000017
60364,24102.476000000013
60365,24572.47700000001
60366,23730.474000000013
60367,24621.47200000001
60368,23951.470000000012
60369,25237.47300000001
60370,24735.475000000013
60371,25434.47300000001
60372,24767.47200000001
60373,24784.477000000006
60374,25110.47700000001
60375,24844.47300000001
60376,25578.47000000001
60377,25161.464000000007
60378,24692.461000000007
60379,22874.459000000006
60380,24018.445000000007
60381,25462.441000000006
60382,25685.43700000001
60383,26780.425000000007
60384,27597.42100000001
60385,27570.418000000005
60386,26510.420000000006
60387,26097.41800000001
60388,25878.41600000001
60389,25388.432000000008
60390,24542.431000000008
60391,22673.43500000001
60392,22163.438000000006
60393,21175.429000000007
60394,20104.422000000006
60395,20759.417000000005
60396,20964.414000000004
60397,21499.410000000003
60398,21244.406000000006
60399,21352.408000000007
60400,22057.417000000005
60401,22337.421000000006
60402,21211.426000000007
60403,21140.433000000005
60404,21504.428000000007
60405,21962.438000000006
60406,22951.433000000005
60407,22141.429000000004
60408,22699.428000000004
60409,22739.424000000003
60410,22328.421000000002
60411,22336.430000000004
60412,22745.422000000002
60413,23439.415
60414,23354.416000000005
60415,22773.418
60416,22212.422000000002
60417,22790.409000000007
60418,22732.410000000003
60419,21528.405000000002
60420,20545.404000000006
60421,19255.406000000006
60422,18938.407000000003
60423,18086.402000000002
60424,18588.401
60425,17121.395
60426,17437.397000000004
60427,17746.399
60428,16038.401999999998
60429,16923.404
60430,17761.401
60431,18955.394
60432,19009.393
60433,18585.392000000003
60434,18809.385000000002
60435,20560.384000000002
60436,20524.385000000002
60437,20409.388
60438,20571.389000000003
60439,20083.391000000003
60440,19684.387000000002
60441,19700.378
60442,20120.379
60443,19882.375
60444,18028.388
60445,17343.393000000004
60446,18043.393
60447,19168.387
60448,20803.375
60449,20810.369
60450,21591.352999999996
60451,20518.346999999994
60452,19468.347999999994
60453,18268.346999999994
60454,18787.347999999998
60455,18252.347
60456,17209.349000000002
60457,15642.356000000002
60458,13982.356000000002
60459,13416.364000000003
60460,12216.365000000003
60461,12423.372000000003
60462,12906.378000000004
60463,13870.380000000005
60464,13930.390000000007
60465,14075.397000000006
60466,14543.407000000007
60467,14218.414000000008
60468,14348.41900000001
60469,14315.418000000012
60470,14497.425000000012
60471,14066.435000000014
60472,12464.442000000014
60473,11661.453000000016
60474,10032.47300000002
60475,9023.494000000017
60476,7259.506000000016
60477,6519.534000000018
60478,4495.568000000018
60479,1170.6149999999957
60480,1683.452999999996
60481,4151.441000000018
60482,5679.431000000023
60483,6984.426000000022
60484,8549.410000000022
60485,9224.402000000024
60486,10565.390000000021
60487,11000.387000000022
60488,12082.388000000019
60489,12577.385000000017
60490,14711.388000000019
60491,13893.378000000015
60492,13523.376000000015
60493,13220.372000000012
60494,12617.37100000001
60495,13224.371000000012
60496,12732.37000000001
60497,13522.36700000001
60498,13292.373000000009
60499,13467.371000000006
60500,11203.371000000005
60501,11883.367000000006
60502,13348.355000000003
60503,14446.353000000005
60504,15583.354000000003
60505,17028.348
60506,18891.341
60507,19096.338
60508,19031.333
60509,19287.336
60510,20022.332
60511,21045.329999999998
60512,19812.338
60513,18657.345
60514,18977.353000000003
60515,16690.354000000003
60516,16390.350000000002
60517,16775.346
60518,16467.349000000006
60519,17315.331
60520,17605.325
60521,16815.324
60522,17765.319000000003
60523,17600.312
60524,16250.309000000003
60525,16845.31
60526,16058.305000000002
60527,16555.301
60528,17707.300000000003
60529,17252.301
60530,15375.301000000001
60531,14755.295000000002
60532,14770.297000000002
60533,14950.298000000004
60534,14745.300000000005
60535,16305.295000000004
60536,16377.292000000003
60537,16407.292000000005
60538,16277.284000000005
60539,15629.284000000007
60540,17177.282000000007
60541,17367.278000000002
60542,16252.270000000006
60543,16675.263000000003
60544,17858.254
60545,15548.248000000005
60546,16308.247000000005
60547,16633.244000000006
60548,16043.244000000004
60549,17383.242000000002
60550,17961.234000000004
60551,17711.233000000004
60552,18071.230000000003
60553,17671.228000000006
60554,17691.222000000005
60555,17706.215000000004
60556,17151.208000000006
60557,17504.206000000006
60558,17309.203000000005
60559,17156.198000000004
60560,16226.188000000004
60561,16016.184000000003
60562,16221.183000000003
60563,16636.182000000004
60564,15806.189000000004
60565,17784.186000000005
60566,17209.186
60567,17773.192000000006
60568,17358.194000000007
60569,16186.195000000002
60570,16991.193000000003
60571,17218.192000000006
60572,17218.195000000003
60573,17008.200000000004
60574,17781.205000000005
60575,16408.208000000006
60576,16798.204000000005
60577,16585.208000000006
60578,16828.206000000006
60579,17456.202000000005
60580,18251.199000000008
60581,18646.199000000008
60582,18434.202000000005
60583,17454.205000000005
60584,17484.203000000005
60585,17074.210000000003
60586,17074.212000000003
60587,17474.212000000007
60588,18044.216000000008
60589,18221.216000000008
60590,16246.219000000006
60591,16626.220000000005
60592,15461.218000000006
60593,16269.214000000005
60594,16321.209000000004
60595,16896.210000000003
60596,16311.210000000003
60597,17291.209000000006
60598,17676.210000000006
60599,17861.210000000003
60600,18851.208000000002
60601,18636.210000000006
60602,18829.209000000006
60603,18614.213000000007
60604,19779.213000000007
60605,18994.214000000007
60606,18579.216000000008
60607,18804.212000000007
60608,17444.211000000003
60609,17254.210000000006
60610,17451.209000000003
60611,17471.208000000006
60612,18456.206000000006
60613,17836.208000000006
60614,17441.209000000006
60615,17254.208000000002
60616,17039.208000000002
60617,17444.207000000002
60618,18416.206000000006
60619,18816.205000000005
60620,18289.199000000008
60621,18879.198000000008
60622,17139.196000000004
60623,18514.194000000007
60624,18494.197000000007
60625,18724.196000000004
60626,18501.198000000008
60627,18711.199000000008
60628,18936.194000000007
60629,18171.194000000007
60630,18376.193000000007
60631,18569.194000000007
60632,18984.190000000006
60633,17594.193000000003
60634,17991.193000000007
60635,17596.195000000003
60636,17036.193000000003
60637,17633.191000000003
60638,17578.195000000003
60639,17776.191000000003
60640,17961.192000000003
60641,17941.194000000003
60642,18364.191000000003
60643,17794.188000000002
60644,17584.189000000002
60645,17764.190000000002
60646,17574.190000000002
60647,17759.191000000003
60648,18559.188000000002
60649,18754.188000000002
60650,18384.187
60651,18934.192000000003
60652,17779.191000000003
60653,18551.194000000003
60654,18571.193000000007
60655,18959.193000000007
60656,19744.193000000007
60657,20296.196000000007
60658,20341.189000000006
60659,20536.187000000005
60660,20344.188000000006
60661,19891.191000000003
60662,20111.188000000002
60663,19726.187000000005
60664,20719.186000000005
60665,21127.184000000005
60666,20157.185000000005
60667,20542.187000000005
60668,20142.186000000005
60669,19957.185000000005
60670,20344.186000000005
60671,19762.187000000005
60672,19372.189000000006
60673,18772.190000000006
60674,18397.187000000005
60675,18172.189000000006
60676,18182.186000000005
60677,17627.184
60678,18179.186000000005
60679,17934.189000000006
60680,17747.188000000006
60681,19324.184000000005
60682,18942.181000000004
60683,19122.184000000005
60684,19317.184000000005
60685,19307.184000000005
60686,19857.185000000005
60687,20852.180000000008
60688,21627.182000000008
60689,21852.177000000007
60690,20839.179000000007
60691,20034.179000000007
60692,20234.176000000007
60693,20817.176000000007
60694,21022.177000000007
60695,21207.177000000007
60696,20957.18400000001
60697,21562.180000000008
60698,20792.179000000004
60699,21194.175000000007
60700,21741.176000000007
60701,21938.174000000006
60702,21376.175000000007
60703,20741.179000000007
60704,19571.180000000008
60705,19584.176000000007
60706,19361.179000000007
60707,19556.180000000008
60708,19757.176000000007
60709,19367.176000000007
60710,19347.179000000007
60711,20157.175000000007
60712,19934.180000000008
60713,21332.174000000006
60714,21507.176000000007
60715,21687.177000000007
60716,21917.176000000007
60717,22502.176000000007
60718,22492.177000000007
60719,22292.181000000008
60720,21532.179000000007
60721,20937.18400000001
60722,20937.185000000005
60723,21497.192000000003
60724,22084.192000000006
60725,21889.194000000007
60726,21489.196000000007
60727,20937.198000000008
60728,20562.197000000007
60729,21137.199000000008
60730,20912.200000000008
60731,20551.195000000007
60732,20556.193000000007
60733,19956.197000000007
60734,19756.199000000008
60735,19781.200000000008
60736,20551.202000000005
60737,20743.20300000001
60738,19790.20100000001
60739,19970.20700000001
60740,19812.20300000001
60741,19998.20900000001
60742,20026.20800000001
60743,21188.211000000007
60744,20802.20600000001
60745,20859.205000000005
60746,22630.20600000001
60747,23825.210000000006
60748,24436.208000000006
60749,24869.209000000006
60750,24476.20900000001
60751,23906.211000000007
60752,23660.218000000008
60753,24207.21900000001
60754,24617.218000000008
60755,25022.22000000001
60756,24598.22200000001
60757,24608.22300000001
60758,24036.22000000001
60759,24029.22000000001
60760,24239.216000000008
60761,22903.216000000008
60762,21932.215000000007
60763,21594.212000000007
60764,22398.209000000006
60765,22606.214000000007
60766,22967.21900000001
60767,23358.22100000001
60768,23010.22000000001
60769,23104.213000000007
60770,22737.212000000007
60771,23325.212000000007
60772,22571.209000000006
60773,22781.212000000007
60774,22640.216000000008
60775,23095.210000000006
60776,25090.209000000006
60777,26130.209000000006
60778,26871.212000000007
60779,26895.209000000006
60780,26705.209000000006
60781,25963.207000000006
60782,25566.210000000006
60783,26739.210000000006
60784,26932.215000000007
60785,27322.216000000008
60786,26113.219000000005
60787,27354.215000000004
60788,26772.216000000004
60789,26933.219
60790,27197.216000000004
60791,26432.214000000004
60792,26046.213000000003
60793,25296.212000000003
60794,25554.211000000003
60795,25962.210000000003
60796,26283.216000000004
60797,27117.211000000003
60798,26349.211000000003
60799,25733.211000000003
60800,24826.209000000003
60801,25763.211000000003
60802,24361.213000000003
60803,24360.218000000004
60804,24373.219000000005
60805,24205.219000000005
60806,25769.218000000004
60807,26622.214000000004
60808,27574.217000000004
60809,26883.212000000003
60810,26895.206000000002
60811,25761.206000000002
60812,26224.2
60813,26984.203
60814,27896.211000000003
60815,28575.203
60816,26628.205
60817,27003.205
60818,25683.204
60819,26451.211
60820,26736.202
60821,26600.199
60822,26676.191
60823,25964.196
60824,25959.199
60825,26942.197
60826,27275.199
60827,27983.199
60828,27412.201
60829,26562.203999999998
60830,26311.207
60831,27340.206
60832,26651.207
60833,27440.202
60834,27231.203
60835,28113.2
60836,29161.198
60837,28620.197
60838,28996.201
60839,28497.202
60840,28199.195
60841,27214.195
60842,27285.191000000003
60843,27736.191000000003
60844,28290.192
60845,28468.191000000003
60846,27839.192000000003
60847,27869.189000000002
60848,26552.188000000002
60849,26823.189000000002
60850,26569.199000000004
60851,26192.207000000006
60852,26630.210000000006
60853,25581.218000000004
60854,25685.221000000005
60855,25920.221000000005
60856,25944.222000000005
60857,26326.225000000002
60858,26387.223
60859,25998.222000000005
60860,25422.227000000003
60861,25241.232000000004
60862,24819.232000000004
60863,26030.232000000004
60864,26597.233000000004
60865,28007.231000000003
60866,29484.228000000003
60867,28813.226000000002
60868,29749.225000000002
60869,29659.229000000003
60870,29736.228000000003
60871,29253.233000000004
60872,30362.24
60873,30549.239
60874,31718.244000000002
60875,32095.249000000003
60876,31932.249000000003
60877,31752.248000000003
60878,29756.261000000002
60879,29335.261000000002
60880,29391.260000000002
60881,29334.272000000004
60882,29968.267000000003
60883,29363.271000000004
60884,29823.267000000003
60885,28129.267000000007
60886,28015.269000000004
60887,28579.276000000005
60888,29311.276000000005
60889,28519.283000000007
60890,28116.282000000007
60891,28019.286000000004
60892,28576.287000000004
60893,29320.278000000002
60894,29804.272000000004
60895,29797.267000000003
60896,30847.257
60897,31264.254
60898,33099.255
60899,32350.257
60900,33363.258
60901,38912.261
60902,38265.255000000005
60903,38289.249
60904,38125.259000000005
60905,38270.268000000004
60906,32121.273000000005
60907,31321.281000000003
60908,29846.272000000004
60909,30019.267000000003
60910,30840.258000000005
60911,30953.251000000004
60912,30146.245000000003
60913,29349.243000000002
60914,29704.241
60915,27892.238000000005
60916,27901.241000000005
60917,29040.240000000005
60918,29670.228000000006
60919,29676.224000000006
60920,29528.223000000005
60921,29524.227000000006
60922,30691.219000000005
60923,29890.231000000003
60924,30508.226000000002
60925,30522.224000000006
60926,31326.223000000005
60927,31134.218000000004
60928,32587.207000000006
60929,32187.202000000005
60930,31829.201000000005
60931,32486.205000000005
60932,32444.202000000005
60933,33994.197
60934,33921.194
60935,33639.197
60936,33263.194
60937,32491.187000000005
60938,31374.179000000004
60939,31790.176000000003
60940,31088.177000000003
60941,31860.174000000003
60942,30428.169000000005
60943,29842.164000000004
60944,29819.165000000005
60945,29383.159000000003
60946,29722.148000000005
60947,30804.142000000003
60948,30396.143000000004
60949,30729.138000000003
60950,30569.134000000005
60951,30761.129000000004
60952,32786.125
60953,32198.125000000004
60954,33150.123
60955,33554.124
60956,34457.130999999994
60957,34002.131
60958,35141.130999999994
60959,34637.127
60960,34412.129
60961,34723.127
60962,34758.122
60963,36063.119
60964,35838.121999999996
60965,35524.127
60966,34551.126000000004
60967,34003.126000000004
60968,33204.127
60969,33011.126000000004
60970,32756.124000000003
60971,33357.122
60972,32292.119000000002
60973,31986.114000000005
60974,31967.116000000005
60975,32154.118000000006
60976,32045.122000000003
60977,31441.121000000003
60978,31041.122000000003
60979,31631.120000000003
60980,31389.123000000003
60981,31595.121000000003
60982,32121.125000000004
60983,32117.124000000003
60984,31926.125000000004
60985,32363.122000000003
60986,33596.117
60987,33766.117
60988,33724.12
60989,33892.119
60990,34225.119000000006
60991,36760.109
60992,36815.106999999996
60993,38040.104
60994,37060.104
60995,37188.104999999996
60996,36870.107
60997,37116.104
60998,36185.104999999996
60999,36087.103
61000,37068.096999999994
61001,38112.095
61002,37612.092000000004
61003,36755.095
61004,37489.094
61005,37329.092
61006,37336.091
61007,34931.092000000004
61008,34771.087
61009,34790.083
61010,34610.079
61011,33790.083000000006
61012,34451.08
61013,34261.076
61014,34481.074
61015,34236.079000000005
61016,34427.075000000004
61017,35527.075000000004
61018,35562.072
61019,35665.078
61020,35465.076
61021,35280.075
61022,35265.077
61023,36735.071
61024,36040.065
61025,36015.065
61026,36195.07000000001
61027,35790.073000000004
61028,35465.07000000001
61029,35055.069
61030,35635.071
61031,35435.072
61032,35670.071
61033,35845.072
61034,37105.07000000001
61035,36735.071
61036,36875.072
61037,36880.071
61038,35810.07400000001
61039,33830.07800000001
61040,33105.07800000001
61041,31930.07900000001
61042,31780.08000000001
61043,31325.07800000001
61044,31515.07900000001
61045,31320.07900000001
61046,31705.08000000001
61047,31740.07800000001
61048,31385.07700000001
61049,31820.073000000008
61050,31760.075000000008
61051,32190.072000000007
61052,32020.072000000007
61053,33025.071
61054,31625.073000000008
61055,31360.07800000001
61056,31340.07700000001
61057,31720.074000000008
61058,30975.072000000007
61059,30610.072000000007
61060,30995.073000000008
61061,31780.073000000008
61062,32640.069000000007
61063,32810.069
61064,32705.068000000007
61065,32205.067000000006
61066,32630.065000000006
61067,32850.065
61068,33595.067
61069,34830.06399999999
61070,34795.066
61071,33420.069
61072,33835.07
61073,33895.068
61074,34505.068999999996
61075,34165.068999999996
61076,35210.064999999995
61077,34080.067
61078,33690.067
61079,33080.06700000001
61080,32695.06900000001
61081,32760.06600000001
61082,32200.06600000001
61083,32395.06700000001
61084,31615.06800000001
61085,31325.07200000001
61086,31170.06900000001
61087,30965.07100000001
61088,30000.06900000001
61089,31825.06400000001
61090,32160.06400000001
61091,33345.061
61092,33990.059
61093,33955.061
61094,34630.059
61095,34490.058000000005
61096,34460.059
61097,34025.062000000005
61098,35200.061
61099,35570.066000000006
61100,36200.063
61101,35615.063
61102,35615.063
61103,36395.064000000006
61104,37180.063
61105,36855.060000000005
61106,37435.061
61107,36835.064000000006
61108,36590.065
61109,35980.06500000001
61110,35658.06100000001
61111,35178.06500000001
61112,34393.066000000006
61113,34263.06400000001
61114,33313.06400000001
61115,33693.066000000006
61116,32878.07000000001
61117,33023.07000000001
61118,32273.06900000001
61119,31448.07300000001
61120,32123.07000000001
61121,32933.07000000001
61122,34223.068000000014
61123,34418.068000000014
61124,34528.07000000001
61125,34553.069
61126,35018.065
61127,35498.062000000005
61128,36288.061
61129,36873.061
61130,36680.061
61131,36655.061
61132,36120.062
61133,36695.064000000006
61134,37570.061
61135,37590.062
61136,38535.064999999995
61137,38570.063
61138,38430.063
61139,38685.060999999994
61140,37900.062
61141,37310.062999999995
61142,36850.058000000005
61143,35700.059
61144,35340.058
61145,36155.058
61146,35185.058
61147,34365.063
61148,33600.065
61149,33270.064000000006
61150,35780.062000000005
61151,35970.063
61152,36895.069
61153,37675.069
61154,36930.067
61155,36640.062
61156,36605.064
61157,37100.066999999995
61158,36650.069
61159,37050.066999999995
61160,35870.06999999999
61161,36680.065
61162,35450.066999999995
61163,35865.068
61164,36815.06800000001
61165,36920.071
61166,38510.07
61167,38540.07
61168,39095.071
61169,39255.073000000004
61170,39845.073000000004
61171,39600.073000000004
61172,39060.075000000004
61173,38345.073000000004
61174,38545.072
61175,39095.07400000001
61176,38715.07200000001
61177,38365.069
61178,38195.069
61179,37825.07000000001
61180,38640.06800000001
61181,38725.066000000006
61182,38500.073000000004
61183,39125.07000000001
61184,38275.069
61185,37770.07200000001
61186,37380.073000000004
61187,37955.07600000001
61188,38245.07200000001
61189,37955.07200000001
61190,37805.06800000001
61191,38445.067
61192,37305.066
61193,37298.06700000001
61194,37858.06700000001
61195,39333.06600000001
61196,39738.06800000001
61197,39198.069
61198,39013.067
61199,39388.062000000005
61200,39983.064
61201,39573.063
61202,39383.062999999995
61203,44518.062999999995
61204,44908.064
61205,44115.066999999995
61206,43735.066000000006
61207,43290.068
61208,42145.072
61209,42145.073000000004
61210,41140.073000000004
61211,42110.065
61212,42545.06700000001
61213,42980.06300000001
61214,42395.064
61215,41735.066000000006
61216,41718.06300000001
61217,42823.066000000006
61218,42203.068000000014
61219,42038.06700000001
61220,42208.068000000014
61221,42708.06500000002
61222,41693.06900000002
61223,42071.07100000001
61224,42616.075
61225,43751.076
61226,44751.077000000005
61227,44951.076
61228,44881.06999999999
61229,45911.06599999999
61230,46391.06899999999
61231,44956.073000000004
61232,44631.06999999999
61233,44881.069
61234,44046.06999999999
61235,43371.073000000004
61236,42268.07000000001
61237,40958.06900000002
61238,41813.068
61239,41418.068
61240,41273.06300000001
61241,40988.066000000006
61242,42218.064
61243,41323.062000000005
61244,38680.06300000001
61245,38325.061000000016
61246,32995.062000000005
61247,34170.06100000001
61248,33490.06500000001
61249,33780.06100000001
61250,34295.056000000004
61251,34860.05600000001
61252,34045.05800000001
61253,34655.058000000005
61254,35100.057
61255,36475.05499999999
61256,37670.05499999999
61257,37665.056
61258,36740.06
61259,37485.062
61260,37190.066999999995
61261,37015.068
61262,36460.066
61263,36645.066999999995
61264,36260.066
61265,36325.062999999995
61266,34525.06700000001
61267,33375.06800000001
61268,33930.06900000001
61269,33350.06800000001
61270,34163.062000000005
61271,34388.06100000001
61272,36663.06100000001
61273,36303.060000000005
61274,36143.058000000005
61275,35008.059000000016
61276,34983.05700000001
61277,35248.056000000004
61278,35113.054000000004
61279,37448.052
61280,37423.054000000004
61281,36943.057
61282,36758.05500000001
61283,37503.058000000005
61284,38253.05900000001
61285,39013.058999999994
61286,40003.060999999994
61287,39903.066999999995
61288,39493.066000000006
61289,40638.066999999995
61290,40441.068
61291,40076.069
61292,38671.075000000004
61293,39098.074
61294,38508.076
61295,38043.084
61296,36924.081
61297,36154.079
61298,36879.08
61299,36102.079000000005
61300,36062.082
61301,36917.077
61302,37872.076
61303,37247.079
61304,37277.08
61305,36711.077
61306,37751.075000000004
61307,38576.076
61308,37961.077
61309,37721.072
61310,37566.068999999996
61311,37428.068
61312,37795.068
61313,37820.068
61314,37980.072
61315,38636.073000000004
61316,40287.068
61317,40461.06999999999
61318,39721.068
61319,40366.068
61320,40091.07599999999
61321,39024.079
61322,37654.083
61323,38829.081999999995
61324,37779.088
61325,38112.09
61326,36742.092000000004
61327,36233.09
61328,36808.092
61329,36470.09299999999
61330,36820.091
61331,37745.091
61332,38660.09299999999
61333,37080.098
61334,37295.102
61335,36165.099
61336,35745.101
61337,35955.098000000005
61338,35432.098000000005
61339,35576.1
61340,35771.1
61341,36155.099
61342,35865.104
61343,36425.105
61344,37084.102000000006
61345,38477.102000000006
61346,39786.105
61347,40405.098999999995
61348,37110.106
61349,36897.106999999996
61350,36527.11
61351,35675.105
61352,34551.105
61353,35705.107
61354,34772.107
61355,34888.113000000005
61356,33341.11600000001
61357,34326.117000000006
61358,34693.119
61359,34776.121
61360,34530.127
61361,34865.129
61362,36251.131
61363,34976.132999999994
61364,35798.134999999995
61365,34440.135
61366,32883.14200000001
61367,32713.14400000001
61368,31745.14400000001
61369,32310.14400000001
61370,32654.14700000001
61371,33815.154
61372,33469.15700000001
61373,33895.15900000001
61374,34455.16300000001
61375,36161.166999999994
61376,37441.17
61377,37076.164
61378,36926.166
61379,37001.166999999994
61380,36530.16599999999
61381,35241.16499999999
61382,34301.164
61383,35561.16499999999
61384,35029.164
61385,35196.167
61386,34159.165
61387,34601.164
61388,34733.170000000006
61389,33797.172
61390,33961.179
61391,33917.181
61392,35431.187
61393,34968.183
61394,35049.18199999999
61395,33259.18200000001
61396,33286.185000000005
61397,33322.18400000001
61398,32222.18400000001
61399,32092.18700000001
61400,32690.18600000001
61401,34484.18699999999
61402,33944.187
61403,35381.187
61404,35781.189
61405,37642.189999999995
61406,38728.187999999995
61407,38582.193
61408,38457.19499999999
61409,38323.19499999999
61410,37736.19499999999
61411,36946.198
61412,36411.19699999999
61413,35828.20399999999
61414,35139.20799999999
61415,35364.20999999999
61416,33837.208999999995
61417,34223.210999999996
61418,33906.217
61419,33932.221
61420,34182.223
61421,39125.224
61422,39636.22200000001
61423,39290.22
61424,39651.22
61425,38196.22700000001
61426,39306.231
61427,39379.235
61428,38409.23800000001
61429,35846.241
61430,36257.24
61431,37353.240999999995
61432,36992.244
61433,38829.24
61434,39319.236
61435,40580.238
61436,42001.238999999994
61437,41717.24199999999
61438,42109.244999999995
61439,41857.24399999999
61440,41297.244
61441,40085.253
61442,40795.246999999996
61443,40653.246
61444,40448.242999999995
61445,40671.245
61446,38040.253
61447,38424.255
61448,38756.253
61449,38520.257
61450,39832.255999999994
61451,39942.258
61452,39640.264
61453,39495.268000000004
61454,40165.266
61455,38827.270000000004
61456,39702.274
61457,39186.27300000001
61458,38996.276999999995
61459,40036.275
61460,40290.27600000001
61461,45837.284
61462,45636.284
61463,47023.292
61464,46867.295
61465,47773.304000000004
61466,49478.306
61467,49115.30499999999
61468,49140.308000000005
61469,48634.31
61470,47769.31
61471,47346.316000000006
61472,47495.32000000001
61473,47813.32400000001
61474,47168.32500000001
61475,47913.323000000004
61476,46151.32300000002
61477,45830.326000000015
61478,45780.329
61479,46155.323000000004
61480,46693.32100000001
61481,47382.32000000001
61482,47161.327000000005
61483,45978.327999999994
61484,45657.345
61485,44639.348
61486,45223.35400000001
61487,45893.361000000004
61488,45282.36800000002
61489,46560.36900000002
61490,47440.36800000002
61491,47708.36700000001
61492,46982.36200000002
61493,48277.364000000016
61494,49374.359000000026
61495,50536.359000000026
61496,51309.36100000002
61497,52218.359000000004
61498,51978.36900000001
61499,51421.366
61500,50481.37000000002
61501,50137.37000000002
61502,50876.366000000016
61503,51380.37900000002
61504,49998.38700000002
61505,50391.38700000002
61506,49662.388000000006
61507,49050.38900000001
61508,48717.40600000002
61509,48539.409000000014
61510,48069.42000000001
61511,49078.41900000001
61512,49740.427
61513,48992.42700000001
61514,48973.42600000002
61515,47999.428000000014
61516,48327.42700000002
61517,49110.42400000002
61518,48534.425000000025
61519,48842.42900000001
61520,49703.426000000014
61521,50175.43200000002
61522,44003.43100000001
61523,44541.438
61524,45681.448
61525,46523.45500000001
61526,47569.45500000001
61527,48202.453000000016
61528,48620.45900000001
61529,48370.465000000004
61530,48233.46100000002
61531,46713.46000000001
61532,46845.463
61533,46477.48000000001
61534,45464.47800000002
61535,45623.48300000001
61536,43974.49400000002
61537,43675.49300000002
61538,43858.49600000001
61539,44465.498
61540,44949.50100000001
61541,46520.49600000001
61542,47396.495
61543,46572.49300000001
61544,47640.49600000001
61545,46743.50000000001
61546,47112.504000000015
61547,46324.513000000006
61548,45593.52200000001
61549,45434.52300000001
61550,46551.525
61551,46980.525
61552,46036.524
61553,47375.52100000002
61554,48493.52300000003
61555,49743.527000000024
61556,50541.52600000002
61557,50458.53000000002
61558,51574.52600000003
61559,52110.52900000004
61560,50634.53600000002
61561,49377.54400000002
61562,47914.54500000003
61563,47659.544000000016
61564,46215.54600000003
61565,46687.54500000003
61566,46115.54500000003
61567,46762.54300000002
61568,47343.53900000002
61569,47845.534000000014
61570,47139.53800000002
61571,48839.53100000001
61572,49700.54100000002
61573,48800.54600000002
61574,48740.55000000002
61575,47861.54800000001
61576,45781.54100000001
61577,44958.53900000001
61578,44448.54400000002
61579,44054.548000000024
61580,45080.54900000002
61581,45045.561000000016
61582,43784.56600000001
61583,44935.570000000014
61584,45572.573000000026
61585,46367.57900000003
61586,46194.57900000003
61587,46211.59800000002
61588,46824.60300000001
61589,48255.60600000002
61590,47489.616000000016
61591,46284.616000000016
61592,46179.614000000016
61593,44293.621000000014
61594,43271.62300000001
61595,43883.61200000001
61596,42760.614
61597,43408.60400000001
61598,43472.612000000016
61599,43473.60900000001
61600,43494.62400000001
61601,44689.62200000001
61602,46700.61600000001
61603,45215.61800000001
61604,45458.62200000001
61605,44833.609000000004
61606,45251.608
61607,44507.612
61608,43627.613
61609,43027.617999999995
61610,43455.613000000005
61611,43297.615000000005
61612,42504.60700000001
61613,43887.60700000001
61614,43831.61300000002
61615,44656.61500000001
61616,44607.616000000016
61617,44321.61700000002
61618,45216.62100000002
61619,45928.61700000002
61620,45692.61700000001
61621,44513.61600000002
61622,44017.61600000002
61623,43157.623000000014
61624,41662.62600000001
61625,42049.62200000001
61626,41331.63000000001
61627,41504.62900000001
61628,40494.64200000001
61629,40272.64200000001
61630,40447.641
61631,42471.644000000015
61632,44021.643000000004
61633,43355.642000000014
61634,43349.64400000001
61635,41944.65200000001
61636,42112.655000000006
61637,42345.651000000005
61638,41886.646
61639,41636.65000000001
61640,41800.643000000004
61641,43518.63200000001
61642,42200.62400000001
61643,42909.640000000014
61644,43074.648000000016
61645,44395.64900000001
61646,45092.639
61647,45678.639
61648,45893.646000000015
61649,47351.649
61650,47270.659999999996
61651,45651.668999999994
61652,45588.66500000001
61653,46228.659
61654,45539.653
61655,46295.649
61656,45879.65000000001
61657,44904.653999999995
61658,44940.658
61659,43851.667
61660,43887.66100000001
61661,45425.659
61662,46751.67
61663,46404.659
61664,45794.66500000001
61665,44735.661
61666,45550.672000000006
61667,45472.663
61668,45223.659000000014
61669,45460.649
61670,45553.64600000001
61671,44934.65
61672,43916.65
61673,43419.64800000001
61674,43946.647000000004
61675,44447.64900000001
61676,44062.640999999996
61677,45350.645
61678,45266.64700000001
61679,46057.64800000001
61680,45183.64400000001
61681,43940.64900000002
61682,43188.65800000002
61683,43791.638000000006
61684,42674.63700000001
61685,42991.642000000014
61686,39183.657000000014
61687,38682.654000000024
61688,38654.66900000002
61689,37919.67100000002
61690,37758.66400000001
61691,39263.661000000015
61692,39429.661000000015
61693,39706.66000000001
61694,38778.66
61695,38061.666000000005
61696,37858.663
61697,38089.655
61698,37501.651000000005
61699,37252.64700000001
61700,36909.644000000015
61701,36218.636000000006
61702,35584.64100000001
61703,36668.63700000001
61704,37523.631
61705,37940.63500000001
61706,37457.63700000001
61707,37763.63600000001
61708,38134.63900000001
61709,39425.62600000001
61710,39334.62600000001
61711,38848.62500000002
61712,38564.625000000015
61713,37198.63500000001
61714,36453.63600000001
61715,36569.628000000004
61716,36504.630000000005
61717,35952.62800000001
61718,35138.63100000001
61719,33989.62400000001
61720,33972.60700000001
61721,36019.595000000016
61722,36389.59200000001
61723,36388.59300000001
61724,35991.60000000001
61725,34483.596000000005
61726,34567.58800000001
61727,34807.58
61728,33982.58700000001
61729,33572.58300000001
61730,33231.57700000002
61731,31634.57200000002
61732,31548.57200000002
61733,32172.57700000002
61734,32256.57400000002
61735,33475.57900000002
61736,33267.57000000002
61737,33787.57300000002
61738,34348.571
61739,34870.57800000001
61740,34760.584
61741,34867.582
61742,34966.576
61743,39552.576000000015
61744,45011.58100000002
61745,44995.57800000001
61746,45200.58400000002
61747,44507.58600000002
61748,42759.59200000002
61749,42697.58900000002
61750,41913.593000000015
61751,42856.59400000001
61752,43789.58900000002
61753,44303.58300000001
61754,42970.576000000015
61755,41547.57300000002
61756,40914.576000000015
61757,40546.57500000001
61758,39713.572000000015
61759,39294.56400000001
61760,33780.572000000015
61761,32924.557000000015
61762,32418.553000000018
61763,32461.558000000023
61764,33586.54700000002
61765,35399.54100000002
61766,35409.53200000002
61767,35859.53300000002
61768,36918.523000000016
61769,37066.517000000014
61770,37603.517000000014
61771,38444.519000000015
61772,38011.52400000002
61773,36739.52000000002
61774,36876.51600000002
61775,36206.51400000002
61776,36766.515000000014
61777,36487.517000000014
61778,37662.504000000015
61779,37197.51200000002
61780,35860.517000000014
61781,35937.52200000001
61782,36581.52100000001
61783,36888.52000000001
61784,36433.51600000002
61785,35425.51700000001
61786,35124.51400000001
61787,35207.51400000001
61788,34156.509000000005
61789,33272.51000000001
61790,33459.51200000001
61791,33133.50600000001
61792,32618.509000000013
61793,32888.50900000001
61794,32413.509000000013
61795,33307.50900000001
61796,27104.512000000013
61797,28081.505000000012
61798,28853.49600000001
61799,29113.49100000001
61800,29686.483000000007
61801,29703.47700000001
61802,29069.47700000001
61803,28356.47100000001
61804,28880.46400000001
61805,28953.46000000001
61806,29493.455000000013
61807,28231.447000000015
61808,28653.449000000015
61809,28209.455000000013
61810,27488.45700000001
61811,27981.45700000001
61812,29175.45000000001
61813,29120.45200000001
61814,28589.462000000007
61815,27715.46200000001
61816,27163.457000000013
61817,26006.454000000012
61818,25509.45500000001
61819,25222.454000000012
61820,24988.448000000008
61821,24641.44500000001
61822,23564.44800000001
61823,24539.441000000013
61824,24540.442000000014
61825,25427.44500000001
61826,25215.44400000001
61827,26667.447000000007
61828,27072.43900000001
61829,26763.44100000001
61830,27637.435000000012
61831,27685.43800000001
61832,28125.43400000001
61833,26804.432000000004
61834,26211.432000000004
61835,25930.429000000004
61836,26228.431000000004
61837,25532.423000000006
61838,25111.435000000005
61839,25177.440000000006
61840,24729.436000000005
61841,25163.427000000003
61842,25378.436000000005
61843,25470.428000000007
61844,25590.425000000007
61845,25294.423000000006
61846,25045.422000000006
61847,24115.426000000007
61848,23674.418
61849,22825.423000000003
61850,22334.422000000006
61851,22256.422000000006
61852,21899.414000000004
61853,22486.415000000005
61854,23191.405000000006
61855,23310.416000000005
61856,22761.417000000005
61857,23207.420000000006
61858,23186.41700000001
61859,22740.41600000001
61860,23665.41700000001
61861,23009.419
61862,23104.410000000003
61863,22168.415000000005
61864,21794.420000000006
61865,20995.420000000006
61866,21417.426000000007
61867,20850.428000000004
61868,21193.429000000004
61869,20398.437000000005
61870,19589.436000000005
61871,20520.433000000005
61872,20979.429000000004
61873,20464.421000000002
61874,20182.418
61875,19859.417000000005
61876,20032.414000000004
61877,18952.410000000003
61878,18714.409
61879,19128.405000000002
61880,20077.403000000002
61881,19361.408000000003
61882,18926.408000000003
61883,19781.399000000005
61884,20017.392000000003
61885,20603.384000000002
61886,19713.374
61887,19959.377
61888,19702.381
61889,19739.382999999998
61890,21015.372999999996
61891,20678.375999999997
61892,20606.377999999997
61893,19999.378999999997
61894,20035.387
61895,18986.392
61896,18912.398
61897,18159.409
61898,17985.406
61899,16451.399
61900,13953.407000000001
61901,13351.415000000003
61902,13357.422000000002
61903,12644.427000000003
61904,11916.429000000006
61905,12382.436000000007
61906,12394.44700000001
61907,11720.445000000009
61908,12055.445000000009
61909,12365.452000000012
61910,12819.461000000014
61911,12034.461000000016
61912,10436.477000000015
61913,10388.493000000019
61914,8605.507000000016
61915,8066.518000000021
61916,6421.538000000018
61917,5742.56000000002
61918,4688.584000000021
61919,1299.6249999999961
61920,1952.4469999999963
61921,4635.429000000018
61922,5527.42300000002
61923,7055.41400000002
61924,9328.405000000019
61925,10041.394000000018
61926,10840.379000000019
61927,11960.371000000016
61928,12875.371000000014
61929,14105.366000000013
61930,16724.36500000001
61931,14655.36600000001
61932,15527.362000000014
61933,16072.35300000001
61934,14527.356000000009
61935,14407.357000000009
61936,14331.35100000001
61937,14663.348000000005
61938,14360.344000000005
61939,14190.337000000005
61940,11615.344000000001
61941,13700.337000000001
61942,14367.329000000003
61943,13591.329000000003
61944,14596.328000000001
61945,15934.326000000001
61946,17860.324
61947,18005.325
61948,18539.318
61949,17934.310999999998
61950,18049.315
61951,17709.317
61952,17329.311999999998
61953,18301.315
61954,19056.311999999998
61955,18366.313
61956,17001.315
61957,16668.32
61958,18080.309
61959,19307.304
61960,20907.297
61961,19897.301
61962,21642.291
61963,21088.286
61964,19638.291
61965,19341.291
61966,19396.284000000003
61967,19836.286000000004
61968,18174.289000000004
61969,18129.284000000003
61970,15834.284000000005
61971,16419.281000000003
61972,15786.275000000005
61973,15144.267000000005
61974,16914.268000000004
61975,16824.265000000003
61976,16373.266000000005
61977,16590.261000000006
61978,16323.262000000004
61979,16913.253000000004
61980,17858.249000000003
61981,16758.242000000002
61982,15973.235000000004
61983,16723.229000000003
61984,15571.227000000004
61985,15666.226000000004
61986,15501.221000000005
61987,15236.216000000006
61988,16578.212000000003
61989,15968.210000000005
61990,17381.207000000002
61991,17584.204000000005
61992,17434.202000000005
61993,17569.200000000004
61994,17381.195000000003
61995,17151.195000000003
61996,18344.186000000005
61997,17446.187
61998,16866.183000000008
61999,16106.181000000004
62000,14133.182000000004
62001,15090.179000000004
62002,16075.180000000006
62003,15295.183000000006
62004,17073.182000000004
62005,16863.186000000005
62006,16071.195000000005
62007,17238.195000000003
62008,15876.197000000006
62009,16451.199000000004
62010,18064.195000000007
62011,17087.194000000003
62012,17087.195000000007
62013,17259.198000000004
62014,16869.201000000005
62015,16869.202
62016,17831.203000000005
62017,17869.201000000005
62018,18457.204000000005
62019,19072.199
62020,19062.202000000005
62021,19657.201
62022,18702.202000000005
62023,19332.198000000004
62024,18727.205
62025,18527.205000000005
62026,17947.207000000006
62027,17734.209000000003
62028,17739.208000000002
62029,16774.207000000002
62030,16162.210000000003
62031,15954.209000000004
62032,16736.208000000002
62033,16341.209000000004
62034,16334.208000000004
62035,16359.206000000004
62036,16359.206000000004
62037,16959.206000000006
62038,16369.205000000004
62039,17168.202000000005
62040,18336.2
62041,18111.201000000005
62042,17098.206000000002
62043,17306.207000000002
62044,17106.206000000002
62045,19087.197000000004
62046,19277.198
62047,19267.2
62048,20232.202000000005
62049,20022.203
62050,20822.199
62051,21447.196000000004
62052,21857.193
62053,21685.19
62054,21647.194000000003
62055,20470.194000000007
62056,20085.193000000003
62057,20120.189000000006
62058,20090.192000000003
62059,19660.199
62060,18685.199000000004
62061,18837.203000000005
62062,19042.203000000005
62063,18612.206000000006
62064,18217.208000000006
62065,18245.202000000005
62066,17650.205000000005
62067,17627.207000000002
62068,17432.207000000002
62069,17427.208000000002
62070,18417.208000000002
62071,17862.203000000005
62072,16895.203000000005
62073,17640.204
62074,18235.206000000006
62075,18450.203000000005
62076,18445.204
62077,18612.208000000002
62078,19635.200000000004
62079,19020.203
62080,20170.204000000005
62081,21145.204000000005
62082,21507.207000000006
62083,21542.205000000005
62084,22297.205000000005
62085,21325.206000000006
62086,21130.206000000002
62087,21485.206000000002
62088,20540.203000000005
62089,20537.201
62090,19579.200000000004
62091,20189.197000000007
62092,20574.197000000007
62093,20017.196000000007
62094,19817.197000000004
62095,19609.197000000007
62096,19034.197000000004
62097,19019.199000000004
62098,20192.198
62099,19452.194
62100,20602.196
62101,19817.198
62102,18647.201000000005
62103,19999.200000000004
62104,20169.205
62105,20589.201
62106,20729.205
62107,21524.204000000005
62108,21896.205000000005
62109,21724.205
62110,22704.202000000005
62111,23109.201
62112,22679.205
62113,22162.200000000004
62114,22554.199000000004
62115,21799.196
62116,21224.194000000007
62117,22237.187000000005
62118,20702.186000000005
62119,19924.186000000005
62120,18754.185
62121,19757.181000000004
62122,20757.175000000003
62123,19922.181000000004
62124,19932.181000000004
62125,20467.181
62126,20472.182000000004
62127,20224.185000000005
62128,21612.183000000005
62129,21386.183000000005
62130,22906.188000000002
62131,22521.184999999998
62132,21359.183999999997
62133,22529.184000000005
62134,22889.185999999998
62135,23471.185000000005
62136,23266.186
62137,22286.186
62138,22486.185000000005
62139,22286.181000000004
62140,22636.185000000005
62141,24004.183
62142,23394.182000000004
62143,22599.180000000004
62144,22559.184000000005
62145,21594.183
62146,21563.186000000005
62147,23164.180000000004
62148,22589.180000000004
62149,22376.182000000008
62150,21014.183000000008
62151,20611.18400000001
62152,21989.181000000008
62153,21814.178000000004
62154,22399.176000000003
62155,21224.174000000003
62156,20669.169000000005
62157,20674.169000000005
62158,21829.174000000003
62159,21624.176000000003
62160,22234.175000000003
62161,22069.175000000003
62162,21294.179000000004
62163,22679.179
62164,22660.184000000005
62165,23650.185000000005
62166,23292.182000000004
62167,23272.185
62168,23335.180000000008
62169,22747.179
62170,23707.184000000005
62171,25071.185
62172,24858.188000000002
62173,24881.185000000005
62174,24878.187
62175,24280.19
62176,24490.190000000006
62177,24724.190000000006
62178,23689.2
62179,22516.2
62180,21541.203
62181,21310.207000000002
62182,22108.210000000006
62183,21320.208000000006
62184,22716.203000000005
62185,20638.203000000005
62186,20088.203000000005
62187,20288.200000000004
62188,21875.198
62189,22471.2
62190,23622.199000000004
62191,23634.195000000003
62192,23088.192000000003
62193,24879.192000000003
62194,25469.192000000003
62195,25455.195000000003
62196,26060.191000000006
62197,25075.195000000007
62198,24919.193000000007
62199,24171.192000000003
62200,26150.186
62201,27143.185
62202,26975.185000000005
62203,25548.196000000004
62204,25784.196000000007
62205,26237.195000000003
62206,25855.193000000003
62207,26836.196000000004
62208,25100.196000000007
62209,24928.196000000004
62210,24299.202000000005
62211,24134.20100000001
62212,24877.206000000006
62213,25090.203000000005
62214,25714.202000000005
62215,24210.201
62216,23604.207
62217,23635.206000000002
62218,24875.198000000004
62219,25360.194000000003
62220,26151.193000000007
62221,25596.194000000003
62222,24697.191000000006
62223,26323.189000000006
62224,27106.191000000006
62225,26528.191000000006
62226,27266.193000000003
62227,26674.194000000003
62228,26457.195
62229,26183.192000000003
62230,28371.191
62231,28561.192000000003
62232,28376.189000000002
62233,27475.198
62234,27828.203
62235,28992.204
62236,28615.210000000003
62237,29549.215000000004
62238,28603.215
62239,27519.211000000003
62240,26318.214000000004
62241,26091.22
62242,26928.219
62243,26561.221
62244,26690.215000000004
62245,24784.212000000003
62246,24980.215000000004
62247,24653.207000000002
62248,25392.208000000006
62249,26203.206000000002
62250,25994.206000000006
62251,25390.204000000005
62252,24674.203000000005
62253,25507.199000000004
62254,26302.192000000003
62255,25332.196000000004
62256,25189.194000000003
62257,24627.190000000002
62258,24988.190000000002
62259,24048.186
62260,25984.185
62261,26158.183
62262,26539.185
62263,25753.190000000002
62264,26363.187000000005
62265,26914.192000000003
62266,26944.194000000003
62267,27714.198000000004
62268,27939.199000000004
62269,27966.200000000004
62270,27616.196000000004
62271,28261.197000000004
62272,29109.192000000003
62273,28531.194000000003
62274,28982.189000000002
62275,27415.190000000002
62276,27051.195000000003
62277,26816.196000000004
62278,27421.193000000003
62279,27686.189000000006
62280,28270.187000000005
62281,27162.188000000006
62282,26236.186
62283,25800.189000000002
62284,25206.188000000002
62285,25351.183
62286,25290.184
62287,24483.184
62288,24934.18
62289,24565.188000000002
62290,26383.188000000002
62291,27212.191000000003
62292,26813.195000000003
62293,26347.192000000003
62294,27692.2
62295,28632.209000000003
62296,28298.211000000003
62297,29071.212000000003
62298,29175.212000000003
62299,29786.214
62300,28602.219
62301,28167.224000000002
62302,29213.22
62303,29039.221
62304,28056.225000000002
62305,26934.221000000005
62306,26531.227000000003
62307,26494.230000000003
62308,27844.226000000002
62309,27917.22
62310,27256.227000000003
62311,27189.216
62312,27968.219
62313,28583.219
62314,27359.224000000002
62315,27371.222
62316,28580.226000000002
62317,28035.226000000002
62318,28263.234000000004
62319,27852.24
62320,29598.244000000002
62321,30476.239
62322,30193.253000000004
62323,29630.252000000004
62324,30629.252000000004
62325,32291.248000000003
62326,31532.249000000003
62327,32298.247000000003
62328,30705.251000000004
62329,31341.246000000003
62330,30034.250000000004
62331,29173.255000000005
62332,29360.258000000005
62333,29531.264000000003
62334,28381.260000000002
62335,27561.249000000003
62336,26833.260000000006
62337,27039.262000000002
62338,27969.260000000002
62339,29617.256
62340,29543.254
62341,29150.252000000004
62342,28600.253000000008
62343,29277.261000000002
62344,30114.266000000003
62345,30092.264000000003
62346,32013.260000000002
62347,31590.267000000003
62348,32186.265000000003
62349,31301.267000000003
62350,32463.264000000003
62351,32623.254000000004
62352,32448.250000000004
62353,31617.248000000003
62354,31421.245000000003
62355,32400.24
62356,32233.232000000004
62357,33307.228
62358,32469.226000000002
62359,31576.226000000002
62360,30233.234000000004
62361,29563.237000000005
62362,30152.230000000003
62363,30649.220000000005
62364,29656.214000000004
62365,29457.207000000002
62366,29242.209000000003
62367,28658.204000000005
62368,28569.203000000005
62369,29743.199000000004
62370,29305.200000000004
62371,29901.194000000003
62372,28678.189000000002
62373,28823.184000000005
62374,29522.187
62375,29110.183
62376,29685.178000000004
62377,29435.163
62378,29464.161000000004
62379,28987.164000000004
62380,29632.160000000003
62381,30339.156000000003
62382,30524.147000000004
62383,30019.140000000003
62384,30609.138000000003
62385,32307.137000000002
62386,31937.134000000002
62387,33469.129
62388,32566.128000000004
62389,32074.134000000005
62390,31324.128000000004
62391,31352.119000000006
62392,31397.129000000004
62393,31509.131000000005
62394,30476.133000000005
62395,30427.134000000005
62396,31067.125000000004
62397,30840.124000000003
62398,32228.112000000005
62399,32216.113000000005
62400,31333.111000000004
62401,31202.101000000002
62402,30245.102000000003
62403,31549.101000000002
62404,32163.103000000003
62405,30745.103000000003
62406,30750.100000000006
62407,29381.101000000006
62408,29564.103000000006
62409,29363.100000000006
62410,30377.101000000006
62411,31123.104000000007
62412,31543.100000000006
62413,31555.096000000005
62414,31712.100000000006
62415,32878.1
62416,32465.098
62417,32864.097
62418,30730.097000000005
62419,30955.093000000004
62420,30760.093000000004
62421,30967.091000000004
62422,31377.092000000004
62423,30863.096000000005
62424,29998.102000000006
62425,30024.097000000005
62426,30650.094000000005
62427,30629.093000000004
62428,31292.089000000004
62429,31710.085000000003
62430,31133.087000000003
62431,30661.090000000004
62432,35990.084
62433,36561.083
62434,37351.077000000005
62435,36582.077000000005
62436,36712.08
62437,36478.081000000006
62438,37158.075
62439,36338.078
62440,36953.077000000005
62441,37592.072
62442,37380.07400000001
62443,36422.079000000005
62444,36487.077000000005
62445,36800.08
62446,36235.073000000004
62447,36530.073000000004
62448,35880.066000000006
62449,35870.068
62450,35491.06800000001
62451,35512.065
62452,36078.066000000006
62453,35669.067
62454,35649.066000000006
62455,35454.062000000005
62456,36044.060000000005
62457,35082.058000000005
62458,35672.05600000001
62459,37219.05500000001
62460,37005.056000000004
62461,36033.054000000004
62462,35838.053
62463,35838.053
62464,30783.053000000007
62465,30585.054000000007
62466,30275.053000000007
62467,30505.052000000007
62468,31100.050000000007
62469,29910.049000000006
62470,31290.047000000006
62471,32625.048000000006
62472,32645.049000000006
62473,33065.048
62474,32310.048000000006
62475,32830.05100000001
62476,32410.052000000003
62477,32395.055000000008
62478,31025.057000000004
62479,30980.057000000004
62480,30390.060000000005
62481,30620.059000000005
62482,30410.062000000005
62483,29790.064000000006
62484,30010.065000000006
62485,29420.068000000007
62486,30210.069000000007
62487,29365.073000000008
62488,30075.069000000007
62489,31595.071000000007
62490,31065.070000000007
62491,30710.068000000007
62492,30490.068000000007
62493,30950.064000000006
62494,31390.065000000006
62495,30650.06200000001
62496,30905.06000000001
62497,32355.053000000007
62498,33005.05100000001
62499,31435.054000000007
62500,32690.052000000007
62501,33410.05500000001
62502,34195.05300000001
62503,34730.053
62504,35120.053
62505,36310.05
62506,35950.049
62507,36055.051999999996
62508,35110.05099999999
62509,34675.056000000004
62510,33700.057
62511,33400.054000000004
62512,34375.054000000004
62513,33920.053
62514,33935.05100000001
62515,33935.05300000001
62516,33845.05100000001
62517,32275.053000000007
62518,32585.059000000005
62519,33560.05900000001
62520,33285.058000000005
62521,34235.058000000005
62522,33455.05300000001
62523,34015.054000000004
62524,34255.056000000004
62525,33690.058000000005
62526,33465.05900000001
62527,34165.060000000005
62528,34355.06100000001
62529,32780.064000000006
62530,34345.06300000001
62531,34400.06300000001
62532,35020.061
62533,34620.06300000001
62534,34815.063
62535,34250.064000000006
62536,34090.06800000001
62537,34520.066000000006
62538,33305.071
62539,32930.073000000004
62540,32730.069000000007
62541,32100.068000000007
62542,32430.070000000007
62543,31675.070000000007
62544,31700.070000000007
62545,31590.069000000007
62546,31195.070000000007
62547,29930.067000000006
62548,31140.064000000006
62549,32125.062000000005
62550,32545.062000000005
62551,33730.059
62552,32255.057000000008
62553,32185.060000000005
62554,32605.060000000005
62555,33455.05700000001
62556,32865.05900000001
62557,33030.061
62558,33590.062
62559,33085.065
62560,33605.068999999996
62561,33855.068
62562,34530.065
62563,34955.062999999995
62564,34460.06
62565,34650.060999999994
62566,34615.062999999995
62567,34215.066
62568,33080.064000000006
62569,32825.066000000006
62570,31760.06500000001
62571,31365.065000000006
62572,32545.063000000006
62573,31755.060000000005
62574,32135.059000000005
62575,31390.057000000004
62576,31240.058000000008
62577,31020.058000000008
62578,31890.057000000004
62579,33020.060000000005
62580,32810.063
62581,33855.064000000006
62582,32185.06300000001
62583,33350.06500000001
62584,33730.062000000005
62585,34065.065
62586,33945.060000000005
62587,33955.06300000001
62588,34400.062000000005
62589,33545.062000000005
62590,33875.066000000006
62591,34055.064000000006
62592,35205.063
62593,35375.063
62594,34985.063
62595,34185.06800000001
62596,34575.068
62597,34790.065
62598,34380.06300000001
62599,34610.064
62600,33495.06300000001
62601,33565.05900000001
62602,34175.05900000001
62603,32575.06400000001
62604,33085.060000000005
62605,32790.056000000004
62606,32760.058000000008
62607,33625.054000000004
62608,33985.05500000001
62609,35000.052
62610,35205.055
62611,36145.058000000005
62612,34630.05500000001
62613,35280.051999999996
62614,35270.054000000004
62615,36030.05299999999
62616,34090.05900000001
62617,33500.062000000005
62618,34110.062000000005
62619,33165.06100000001
62620,33725.06300000001
62621,33020.060000000005
62622,34330.061
62623,33955.064
62624,33180.06300000001
62625,32815.064000000006
62626,33485.06300000001
62627,34480.059
62628,34095.059
62629,34260.06
62630,33105.062000000005
62631,32490.06400000001
62632,33210.066000000006
62633,32830.06500000001
62634,33415.06500000001
62635,33525.06500000001
62636,33165.064000000006
62637,33165.06500000001
62638,33525.066000000006
62639,34645.066000000006
62640,36040.062
62641,37140.062
62642,35420.064000000006
62643,41140.06300000001
62644,41915.05499999999
62645,42300.056
62646,42070.058999999994
62647,40950.062000000005
62648,41440.062000000005
62649,40440.062000000005
62650,40015.067
62651,39755.07000000001
62652,40440.07
62653,40065.06800000001
62654,39740.065
62655,39515.066000000006
62656,39770.064000000006
62657,40420.061
62658,40110.061
62659,40200.058
62660,39200.05900000001
62661,38710.05900000001
62662,39355.058000000005
62663,39745.060000000005
62664,40225.064
62665,39865.063
62666,39230.06800000001
62667,38680.066000000006
62668,39265.066000000006
62669,40375.068
62670,41275.06399999999
62671,41105.06399999999
62672,39930.066
62673,39880.064
62674,39660.064
62675,39630.064999999995
62676,39720.062
62677,39325.063
62678,39325.06300000001
62679,38680.06500000001
62680,39410.066000000006
62681,39840.063
62682,40075.064
62683,40255.062000000005
62684,39900.060000000005
62685,39580.05900000001
62686,39605.05900000001
62687,40705.05900000001
62688,41480.056
62689,40775.056
62690,39685.054000000004
62691,39910.053
62692,34830.053
62693,34580.054
62694,34805.057
62695,34715.06
62696,35585.058
62697,35365.058
62698,35360.059
62699,35740.060999999994
62700,35730.06299999999
62701,35235.06799999999
62702,34690.065
62703,33720.067
62704,33435.07000000001
62705,33710.073000000004
62706,33575.071
62707,32445.06800000001
62708,32015.07100000001
62709,31490.06900000001
62710,32705.06500000001
62711,33160.062000000005
62712,33900.065
62713,34950.065
62714,34590.065
62715,34340.066
62716,34550.064000000006
62717,35635.062000000005
62718,35565.060999999994
62719,35175.06
62720,34390.061
62721,34625.058999999994
62722,34120.059
62723,34100.057
62724,34630.059
62725,34660.058
62726,35440.06
62727,35245.06
62728,35005.064999999995
62729,36170.066
62730,35540.071
62731,34985.07
62732,34655.068999999996
62733,34605.068999999996
62734,34185.07
62735,34585.068999999996
62736,34024.071
62737,32404.074000000008
62738,31984.075000000008
62739,31174.07700000001
62740,31674.07900000001
62741,31894.08000000001
62742,32524.08100000001
62743,33079.08400000001
62744,33171.08200000001
62745,33156.08400000001
62746,33496.08400000001
62747,35656.085
62748,36406.079
62749,35686.078
62750,36086.081
62751,36866.081
62752,35866.082
62753,34456.087
62754,34291.086
62755,33464.090000000004
62756,33509.092000000004
62757,33429.094000000005
62758,33985.096000000005
62759,35290.099
62760,35325.098
62761,34880.099
62762,35245.10100000001
62763,35290.10100000001
62764,34475.10300000001
62765,34742.09900000001
62766,34543.098000000005
62767,33003.094000000005
62768,32143.09500000001
62769,31857.091000000008
62770,32482.088000000007
62771,32647.087000000007
62772,33592.088
62773,34402.08700000001
62774,35327.088
62775,35511.08700000001
62776,35646.089
62777,37816.09
62778,44171.091
62779,43400.092000000004
62780,43270.090000000004
62781,42905.091
62782,42070.093
62783,41095.09300000001
62784,41290.093
62785,41154.09100000001
62786,41216.08900000001
62787,40886.08700000001
62788,41789.082
62789,42874.084
62790,37005.085
62791,37300.090000000004
62792,37075.092000000004
62793,37070.094
62794,35829.094
62795,36813.094
62796,37008.096
62797,34926.105
62798,33367.10800000001
62799,32468.108000000007
62800,32933.105
62801,32383.108000000007
62802,32750.111000000008
62803,33440.11800000001
62804,34425.12200000001
62805,34027.128000000004
62806,34725.13100000001
62807,35977.13
62808,36567.123999999996
62809,36547.123999999996
62810,36417.128
62811,36100.130000000005
62812,36022.132
62813,35358.138000000006
62814,36028.135
62815,35678.13700000001
62816,35464.141
62817,35878.143000000004
62818,36428.14800000001
62819,37918.147000000004
62820,37503.151000000005
62821,38118.154
62822,38046.152
62823,38141.151
62824,37224.154
62825,38143.155
62826,37735.158
62827,37453.155000000006
62828,36812.157
62829,36128.156
62830,35802.165
62831,35071.165
62832,35493.168000000005
62833,35128.17100000001
62834,34746.173
62835,35174.173
62836,35492.175
62837,35801.183000000005
62838,36166.187000000005
62839,35656.189000000006
62840,36541.187
62841,36393.187999999995
62842,36196.187999999995
62843,36173.193
62844,35595.195
62845,35814.191999999995
62846,36823.191
62847,37108.191
62848,37896.189999999995
62849,39229.19
62850,37933.198
62851,38583.19899999999
62852,37876.201
62853,37946.202999999994
62854,38094.202
62855,37854.20799999999
62856,37322.21599999999
62857,36688.21899999999
62858,36442.223999999995
62859,35447.22699999999
62860,35319.228
62861,34595.233
62862,35513.236999999994
62863,36138.237
62864,36511.235
62865,36106.24
62866,35497.243
62867,36127.245
62868,36457.246
62869,35834.24600000001
62870,36879.248
62871,36379.259
62872,36545.26
62873,36085.26
62874,36310.262
62875,36729.264
62876,37951.264
62877,38288.259
62878,38985.263
62879,41257.256
62880,40358.257000000005
62881,41211.258
62882,39873.256
62883,39923.257000000005
62884,39561.259000000005
62885,39485.258
62886,39070.262
62887,38559.265
62888,37855.263000000006
62889,36905.26900000001
62890,37764.271
62891,37818.272000000004
62892,38686.272000000004
62893,38938.270000000004
62894,38126.273
62895,38001.274000000005
62896,37214.278000000006
62897,36999.280000000006
62898,37223.28300000001
62899,35898.288000000015
62900,35702.28900000001
62901,35662.29200000001
62902,36825.29700000001
62903,37330.29800000001
62904,37378.30600000001
62905,37283.31400000001
62906,38270.31900000001
62907,38427.31600000001
62908,39839.311000000016
62909,42338.30600000001
62910,42685.30000000002
62911,42302.298000000024
62912,42068.29900000002
62913,42182.30400000002
62914,42592.30400000001
62915,42280.305000000015
62916,42296.30400000001
62917,42722.29900000001
62918,42086.29600000001
62919,41953.29500000001
62920,43029.29700000001
62921,42862.29600000001
62922,41531.30200000001
62923,41654.30100000001
62924,41274.30300000001
62925,41475.30800000001
62926,41363.309
62927,41325.31800000001
62928,41467.313
62929,40213.31300000001
62930,38818.32000000001
62931,39144.327000000005
62932,40549.33400000001
62933,40506.34000000001
62934,39995.348000000005
62935,40591.34300000001
62936,40375.349
62937,40786.349
62938,41370.352000000006
62939,42428.36000000001
62940,41291.36400000001
62941,41064.36800000002
62942,40430.37600000001
62943,40091.38100000001
62944,40736.38500000001
62945,40056.38800000001
62946,40087.39300000002
62947,39934.38700000002
62948,39351.38500000002
62949,39953.38800000001
62950,41086.38700000001
62951,41425.39100000001
62952,39673.40100000002
62953,39891.40500000002
62954,39743.41300000002
62955,40148.419000000016
62956,39872.42000000002
62957,39955.42500000002
62958,40540.427000000025
62959,40152.42900000002
62960,40437.42900000002
62961,39801.43700000002
62962,40733.44100000002
62963,41367.43900000003
62964,41334.445000000014
62965,41865.451000000015
62966,42226.45400000002
62967,42318.46100000002
62968,43072.46300000002
62969,43999.46900000002
62970,43249.46500000002
62971,41637.464000000014
62972,41141.46900000002
62973,39352.47000000002
62974,39663.46900000002
62975,39700.46900000003
62976,40259.47000000002
62977,39924.47900000003
62978,39445.48600000002
62979,39654.484000000026
62980,40423.493000000024
62981,41503.49400000002
62982,41069.49600000002
62983,41339.50500000003
62984,40959.50900000003
62985,40104.50600000003
62986,39578.51500000003
62987,40245.50900000003
62988,40472.50700000003
62989,39828.512000000024
62990,38993.512000000024
62991,39031.51300000003
62992,39627.514000000025
62993,40192.51900000003
62994,40741.522000000026
62995,41145.53900000003
62996,41360.54600000002
62997,41880.54600000002
62998,43334.53700000002
62999,44013.54200000003
63000,44031.529000000024
63001,42800.53700000002
63002,42321.53800000003
63003,40665.539000000026
63004,40327.54500000003
63005,39972.54500000003
63006,40273.54100000002
63007,39776.546000000024
63008,39344.55500000002
63009,38948.55700000002
63010,40403.55300000003
63011,41258.555000000015
63012,41746.55600000002
63013,42115.55700000002
63014,41897.56400000002
63015,41465.57100000002
63016,40963.56900000001
63017,41260.56500000002
63018,41048.56200000001
63019,40684.553000000014
63020,40145.55300000002
63021,41307.55100000002
63022,42109.55700000002
63023,42513.55900000002
63024,43436.55700000002
63025,43764.56200000002
63026,44846.56500000002
63027,45146.56700000001
63028,46724.57000000001
63029,47535.57400000001
63030,45971.58600000001
63031,44239.590000000004
63032,43369.598000000005
63033,42453.595000000016
63034,42150.60400000001
63035,41848.60300000001
63036,41901.608000000015
63037,41383.60800000002
63038,40969.59900000001
63039,40682.59900000002
63040,42443.593000000015
63041,41772.60500000002
63042,41507.618000000024
63043,42529.61700000002
63044,42437.612000000016
63045,42293.62200000001
63046,41327.62900000001
63047,41592.64100000001
63048,41522.63500000001
63049,40825.63700000001
63050,40758.63500000002
63051,42166.63500000002
63052,42678.631000000016
63053,43564.63400000001
63054,43528.63700000001
63055,43534.635000000024
63056,43602.64100000002
63057,44046.640000000014
63058,45008.642000000014
63059,46366.63700000001
63060,44543.63400000001
63061,43799.63000000002
63062,43526.62500000002
63063,42204.61500000003
63064,41975.62400000002
63065,47272.62600000002
63066,47783.633000000016
63067,46294.64400000001
63068,45458.64800000001
63069,45538.648000000016
63070,46379.64300000001
63071,45564.64400000001
63072,45675.649000000005
63073,46400.65400000002
63074,46582.651000000005
63075,46446.648
63076,46144.64800000001
63077,46388.65500000001
63078,47048.65100000002
63079,46724.65400000002
63080,45999.66800000002
63081,46370.66300000002
63082,46656.66200000002
63083,47494.661000000015
63084,47890.66400000001
63085,48344.66000000001
63086,48457.66200000001
63087,48920.67100000002
63088,49582.65600000001
63089,50586.640000000014
63090,49896.635000000024
63091,49077.62400000001
63092,48579.626000000004
63093,47555.626000000004
63094,47458.629
63095,47496.63300000001
63096,47423.64100000001
63097,46692.646000000015
63098,45320.64500000001
63099,44711.63800000002
63100,41075.64300000001
63101,40692.63900000001
63102,41659.62800000001
63103,41902.62600000001
63104,41077.642000000014
63105,40388.64700000001
63106,39223.63800000002
63107,38874.64700000001
63108,38370.64500000001
63109,38120.64500000001
63110,38336.64900000002
63111,38815.65600000001
63112,39563.649000000005
63113,40682.64100000001
63114,41881.639
63115,42541.633
63116,43316.634000000005
63117,43293.633
63118,44009.636000000006
63119,44696.655999999995
63120,42985.644
63121,42411.64500000001
63122,41498.648
63123,40787.63700000001
63124,40749.634000000005
63125,40831.63500000001
63126,40975.637
63127,40872.63300000001
63128,40143.631000000016
63129,39915.61900000001
63130,40557.610000000015
63131,40843.608000000015
63132,39973.61200000001
63133,39567.622
63134,38120.625000000015
63135,37592.61600000002
63136,36654.62200000002
63137,36411.623000000014
63138,35906.61800000002
63139,35067.62100000002
63140,35324.61200000001
63141,34600.60800000002
63142,34322.60900000002
63143,36071.60800000001
63144,37264.597000000016
63145,37088.587000000014
63146,37754.578000000016
63147,37772.57800000002
63148,37941.57600000001
63149,39075.57400000001
63150,38386.56800000001
63151,38251.56900000001
63152,38115.56400000001
63153,37069.566
63154,37683.570000000014
63155,37732.571
63156,37593.56700000001
63157,37848.573000000004
63158,37224.582
63159,35768.577000000005
63160,36098.577000000005
63161,35519.573000000004
63162,35789.577000000005
63163,35522.57000000001
63164,33570.56700000002
63165,33567.56600000001
63166,33373.57000000001
63167,32561.571000000018
63168,32143.57500000002
63169,30967.576000000015
63170,31248.57800000002
63171,31753.58300000002
63172,31009.582000000024
63173,31716.57500000002
63174,32750.57600000002
63175,32803.58200000002
63176,32807.56900000001
63177,31928.57200000002
63178,31531.571000000014
63179,33634.564000000006
63180,31522.56400000002
63181,31430.56900000002
63182,31206.56700000002
63183,31740.563000000024
63184,31980.55200000002
63185,32335.548000000017
63186,32601.53600000002
63187,33816.53700000002
63188,33684.53900000001
63189,33042.544000000016
63190,33537.54200000001
63191,33323.53400000001
63192,33314.53300000001
63193,31905.52600000002
63194,36654.519000000015
63195,36394.51700000002
63196,36150.51600000002
63197,35409.525000000016
63198,35044.525000000016
63199,34810.51700000002
63200,35021.51300000002
63201,35397.506000000016
63202,35452.504000000015
63203,35525.515000000014
63204,36424.506000000016
63205,36562.50500000002
63206,35988.50500000002
63207,34442.51400000002
63208,34409.519000000015
63209,34812.519000000015
63210,34483.515000000014
63211,34258.515000000014
63212,33760.50300000001
63213,34084.50500000001
63214,29016.512000000017
63215,28816.513000000017
63216,29283.50700000002
63217,30229.512000000017
63218,29481.516000000018
63219,29216.51800000002
63220,29393.515000000018
63221,30305.51200000002
63222,30592.509000000016
63223,29795.495000000017
63224,28969.498000000014
63225,28998.490000000016
63226,28897.494000000013
63227,28865.493000000017
63228,28528.493000000013
63229,27465.493000000017
63230,27246.49000000002
63231,27267.487000000016
63232,27886.47000000002
63233,28279.479000000018
63234,28557.491000000016
63235,28674.485000000015
63236,27757.475000000013
63237,26176.475000000017
63238,31733.476000000013
63239,33144.470000000016
63240,33271.468000000015
63241,32455.465000000015
63242,32254.461000000014
63243,31976.460000000014
63244,32313.45700000001
63245,31833.46200000001
63246,32302.46300000001
63247,32855.45700000001
63248,32170.45500000001
63249,31089.45500000001
63250,30585.45400000001
63251,31699.449000000008
63252,32395.43600000001
63253,31558.43500000001
63254,30575.43000000001
63255,31806.42100000001
63256,31817.41900000001
63257,32862.41200000001
63258,32730.41400000001
63259,31861.411000000007
63260,31982.411000000007
63261,32215.41600000001
63262,31414.41900000001
63263,32378.424000000006
63264,32466.430000000008
63265,31219.432000000004
63266,30620.431000000008
63267,29771.432000000004
63268,28788.43400000001
63269,28828.437000000005
63270,28596.43600000001
63271,21158.431000000008
63272,21823.432
63273,21076.431000000004
63274,21737.423000000006
63275,21271.427000000003
63276,20621.429000000007
63277,20737.428000000004
63278,21501.425000000007
63279,21211.427000000007
63280,21570.428000000007
63281,22488.434000000005
63282,22054.432000000004
63283,23085.432
63284,21885.431
63285,21947.433
63286,22138.429000000004
63287,22041.427000000003
63288,20757.432000000004
63289,21153.427
63290,21356.425000000007
63291,22743.418000000005
63292,22761.404000000006
63293,22920.403000000002
63294,23125.409000000003
63295,22710.413
63296,22570.414000000004
63297,21550.41
63298,22060.407000000003
63299,21632.404000000002
63300,20788.39
63301,18920.386000000002
63302,19192.39
63303,18304.387
63304,18135.384000000002
63305,17820.386000000002
63306,17355.381
63307,18183.382999999998
63308,18224.389
63309,18461.392
63310,18892.397999999997
63311,19908.39
63312,19826.387000000002
63313,20319.387
63314,19471.383
63315,20312.385000000002
63316,19843.387000000006
63317,19003.383000000005
63318,19390.382000000005
63319,19566.378
63320,19601.373
63321,19655.369000000002
63322,19606.364
63323,18929.370000000003
63324,19622.367000000002
63325,19959.362
63326,21421.356
63327,21920.345
63328,21822.338
63329,21377.337
63330,21969.322999999997
63331,20357.328999999998
63332,19044.331
63333,18860.329999999998
63334,18876.339
63335,17534.337
63336,15484.333999999999
63337,14216.338000000002
63338,13607.344000000005
63339,13946.347000000003
63340,12251.348000000002
63341,12728.356000000003
63342,12874.362000000005
63343,12388.368000000004
63344,10844.369000000006
63345,11311.377000000006
63346,11764.380000000008
63347,12991.389000000008
63348,13376.38800000001
63349,12884.397000000012
63350,13322.395000000013
63351,12406.406000000015
63352,11465.430000000017
63353,10523.444000000018
63354,10190.457000000019
63355,9690.47400000002
63356,8921.486000000019
63357,6914.513000000018
63358,3761.5480000000107
63359,968.5839999999974
63360,1708.4429999999963
63361,2418.436
63362,4078.4250000000156
63363,4825.418000000017
63364,5577.410000000022
63365,7232.398000000018
63366,7917.401000000019
63367,8350.399000000021
63368,9225.392000000018
63369,10020.385000000017
63370,11847.381000000016
63371,11947.379000000015
63372,10897.375000000015
63373,11662.368000000013
63374,11147.367000000013
63375,11307.36000000001
63376,11562.360000000008
63377,11867.359000000008
63378,11557.355000000005
63379,11562.349000000006
63380,10213.349000000004
63381,12270.344000000005
63382,13788.336000000003
63383,15159.322000000004
63384,16736.319
63385,16808.314000000002
63386,17656.309
63387,18026.303
63388,19416.297
63389,20191.298
63390,19946.301
63391,17596.308
63392,17419.307
63393,17227.307
63394,16822.304
63395,18007.309
63396,18059.32
63397,18920.307999999997
63398,18820.309999999998
63399,18700.314
63400,18840.32
63401,19435.306999999997
63402,18465.3
63403,17855.299
63404,17440.296
63405,17180.298000000003
63406,16022.296000000002
63407,15917.296000000004
63408,15147.290000000003
63409,14377.290000000003
63410,14502.288000000002
63411,13577.287000000004
63412,14157.275000000003
63413,14367.270000000002
63414,14640.272000000003
63415,14413.273000000003
63416,14355.270000000004
63417,15465.263000000003
63418,15705.254000000003
63419,16205.248000000003
63420,15618.248000000003
63421,15363.252000000004
63422,16333.246000000005
63423,16633.246000000003
63424,16716.242000000002
63425,17348.237000000005
63426,17876.238000000005
63427,17626.233000000004
63428,18391.228000000003
63429,18811.223
63430,18216.225000000002
63431,18531.224000000006
63432,18313.225000000006
63433,19423.217000000004
63434,18433.212000000007
63435,18088.206000000006
63436,16883.203000000005
63437,17658.202000000005
63438,17256.202000000005
63439,16436.203000000005
63440,17241.196000000004
63441,16651.192000000003
63442,16261.196000000004
63443,15324.194000000003
63444,15309.200000000004
63445,15904.201000000005
63446,15709.203000000005
63447,15106.205000000005
63448,15147.202000000005
63449,14992.201000000005
63450,13837.200000000004
63451,15037.201000000005
63452,15017.205000000005
63453,15422.207000000006
63454,15837.203000000005
63455,17022.198000000004
63456,17442.194000000003
63457,17647.193000000003
63458,17687.188000000002
63459,19272.185
63460,18849.190000000002
63461,19252.192000000003
63462,18611.199000000004
63463,19404.199000000004
63464,19799.201000000005
63465,18449.200000000004
63466,17299.196000000004
63467,17904.191000000006
63468,18102.190000000006
63469,17307.193000000003
63470,18464.194000000003
63471,17155.191000000003
63472,17715.196000000007
63473,23240.190000000002
63474,22860.190000000002
63475,23850.186
63476,24440.186
63477,23657.186
63478,23657.185000000005
63479,17760.186000000005
63480,17152.188000000002
63481,18304.190000000006
63482,18502.191000000003
63483,18107.194000000003
63484,18502.193000000003
63485,19507.191000000003
63486,19317.191000000003
63487,20107.189000000002
63488,19732.189000000002
63489,21279.189000000002
63490,20459.194000000003
63491,21224.196000000004
63492,20852.194000000003
63493,20222.199000000004
63494,20247.196000000004
63495,18839.200000000004
63496,17489.199000000004
63497,17657.201000000005
63498,17677.199000000004
63499,16720.198000000004
63500,17130.196000000004
63501,16565.192000000003
63502,17112.194000000003
63503,17542.189000000002
63504,17531.189000000002
63505,18104.191000000003
63506,19644.193000000003
63507,19444.197000000004
63508,20087.192000000003
63509,20312.192000000003
63510,20722.191000000003
63511,20912.192000000003
63512,20872.195000000003
63513,20712.19
63514,20352.186
63515,21299.186
63516,20112.189000000002
63517,19849.195000000003
63518,19001.202000000005
63519,20176.202000000005
63520,19219.202000000005
63521,19437.199000000004
63522,18642.200000000004
63523,20227.197000000004
63524,20607.198000000004
63525,19087.194000000003
63526,18107.196000000004
63527,18272.197000000004
63528,18267.197000000004
63529,16887.200000000004
63530,17262.200000000004
63531,16664.200000000004
63532,17449.201000000005
63533,17059.201000000005
63534,17609.204000000005
63535,19161.202
63536,20939.202
63537,21569.197
63538,22329.199
63539,22331.198
63540,21784.195
63541,22194.192000000003
63542,22824.188000000002
63543,21844.189000000002
63544,21444.189000000002
63545,23006.187
63546,21816.189000000002
63547,20836.190000000002
63548,19679.189000000002
63549,20809.192
63550,19996.197
63551,20789.195
63552,20016.193
63553,20262.189000000002
63554,20232.193
63555,18257.194000000003
63556,18827.194000000003
63557,19742.198
63558,19967.193000000003
63559,19359.195000000003
63560,19764.195000000003
63561,18587.195000000003
63562,18787.193000000003
63563,18984.190000000006
63564,19739.188000000002
63565,20889.191000000003
63566,21302.189000000002
63567,21244.195000000003
63568,21839.195000000003
63569,21659.188000000002
63570,20246.191000000003
63571,20426.194000000003
63572,20408.197000000004
63573,20616.195000000003
63574,19864.192000000003
63575,21244.190000000002
63576,20654.191000000003
63577,25769.189000000006
63578,24601.186000000005
63579,25761.187
63580,25797.181
63581,26547.184000000005
63582,25807.177000000003
63583,26547.178000000004
63584,26709.179000000004
63585,26109.181000000004
63586,25519.179000000004
63587,26321.175000000003
63588,26541.174000000003
63589,25941.176000000003
63590,26108.177000000003
63591,25533.174000000003
63592,26143.170000000002
63593,25966.166
63594,26751.168
63595,21051.168
63596,21203.175000000003
63597,21801.172000000002
63598,22381.177000000003
63599,22234.176000000003
63600,21444.182000000004
63601,22419.181000000004
63602,22609.184
63603,23594.182
63604,22981.189000000002
63605,24369.190000000002
63606,24419.187
63607,23473.183
63608,21885.185
63609,22705.184
63610,22306.187
63611,21748.187
63612,20788.187
63613,20990.189000000002
63614,20400.194000000003
63615,20400.194000000003
63616,19225.199000000004
63617,20235.200000000004
63618,20631.200000000004
63619,20231.201
63620,21006.202
63621,20626.203000000005
63622,21571.208000000002
63623,22040.199000000004
63624,23223.198000000004
63625,22847.201000000005
63626,24023.207000000006
63627,24019.210000000006
63628,24486.205000000005
63629,23706.206000000006
63630,22739.212000000003
63631,24144.209000000006
63632,24340.209000000006
63633,23771.207000000006
63634,23644.206000000006
63635,24285.200000000004
63636,23694.203000000005
63637,23917.203000000005
63638,22567.204000000005
63639,23273.208000000002
63640,22687.208000000002
63641,22546.207000000006
63642,22206.205000000005
63643,22972.205000000005
63644,22768.205000000005
63645,23771.202000000005
63646,22659.204000000005
63647,24210.205
63648,24994.201000000005
63649,25216.203
63650,25396.207000000002
63651,24791.212000000003
63652,24225.214000000004
63653,25054.211000000003
63654,26667.202
63655,26675.201
63656,28084.197000000004
63657,27350.198000000004
63658,26953.199
63659,26182.203
63660,25606.202000000005
63661,25370.206000000006
63662,26005.206000000002
63663,26272.202000000005
63664,26076.201000000005
63665,26338.194000000003
63666,26153.192000000003
63667,25792.196000000004
63668,25240.194000000003
63669,25452.194000000003
63670,24701.194000000003
63671,24270.196000000004
63672,23708.196000000004
63673,24471.197000000004
63674,24573.191000000006
63675,25782.188000000006
63676,26026.181000000004
63677,26733.186000000005
63678,27056.189000000002
63679,26679.191000000003
63680,27631.189
63681,27301.185
63682,26520.189000000002
63683,26397.191000000003
63684,26897.198000000004
63685,27350.193000000003
63686,28538.193000000003
63687,28128.197000000004
63688,27564.198000000004
63689,27073.193000000003
63690,26334.188000000002
63691,26928.189000000002
63692,28335.182
63693,28720.183
63694,28925.181
63695,28389.177000000003
63696,27640.176000000007
63697,27710.178000000007
63698,27350.176000000007
63699,27880.183000000005
63700,27558.183000000005
63701,27582.182000000004
63702,26995.181000000004
63703,27730.185
63704,26985.182000000004
63705,27761.186
63706,27147.183999999997
63707,28762.183000000005
63708,28900.183
63709,29315.183000000005
63710,29946.184
63711,29510.189000000002
63712,28327.194000000003
63713,29352.198000000004
63714,29430.198000000004
63715,29421.198000000004
63716,30173.191000000003
63717,30249.183000000005
63718,29320.184
63719,29189.178000000004
63720,29842.171000000002
63721,30589.177
63722,30237.179
63723,30194.179000000004
63724,28918.187000000005
63725,28967.181000000004
63726,28368.180000000004
63727,28735.180000000004
63728,28919.179000000004
63729,30128.179000000004
63730,30183.181000000004
63731,30222.188000000002
63732,29295.191000000003
63733,30087.196000000004
63734,29809.193000000003
63735,30233.185
63736,29482.189000000002
63737,31841.190000000002
63738,31925.186
63739,32276.198000000004
63740,32103.204
63741,31710.208000000002
63742,31203.202
63743,31005.209000000003
63744,31620.206000000002
63745,31190.214000000004
63746,30839.218000000004
63747,31421.218000000004
63748,31016.219000000005
63749,29874.222000000005
63750,30863.217000000004
63751,32384.220000000005
63752,31934.227000000003
63753,31912.233000000004
63754,31279.227000000003
63755,30960.239000000005
63756,31204.234000000004
63757,30877.24
63758,31371.236000000004
63759,30945.245000000003
63760,30991.242000000002
63761,31009.242000000002
63762,29984.249000000003
63763,29626.247000000003
63764,29423.251000000004
63765,29446.250000000004
63766,27714.256000000005
63767,29198.262000000006
63768,29777.264000000003
63769,30986.271000000004
63770,31191.267000000003
63771,30352.278000000006
63772,29866.269000000004
63773,29836.270000000004
63774,30145.272000000004
63775,29803.267000000003
63776,29440.267000000003
63777,29173.268000000004
63778,28962.270000000004
63779,28159.268000000004
63780,29066.272000000004
63781,30604.265000000003
63782,31043.263000000003
63783,32181.263000000006
63784,30701.262000000006
63785,30633.265000000007
63786,31079.259000000005
63787,30897.259000000005
63788,30443.257000000005
63789,31741.260000000006
63790,32132.252000000004
63791,32351.252000000004
63792,31643.258000000005
63793,31288.263000000006
63794,30937.265000000007
63795,30712.25500000001
63796,30589.253000000008
63797,32519.248000000007
63798,31740.234000000008
63799,32416.230000000007
63800,31042.230000000007
63801,30608.230000000007
63802,29460.218000000008
63803,29426.221000000005
63804,29781.212000000007
63805,28688.205000000005
63806,28985.204000000005
63807,28134.208000000006
63808,28420.200000000004
63809,27189.204000000005
63810,33011.208000000006
63811,33707.201
63812,34640.19500000001
63813,35807.19
63814,35601.183000000005
63815,36955.182
63816,36924.18000000001
63817,36627.186
63818,36624.178
63819,38121.177
63820,38910.171
63821,39039.169
63822,39246.161
63823,39360.152
63824,39225.14000000001
63825,39340.143000000004
63826,39074.148
63827,39101.143000000004
63828,39263.135
63829,39372.141
63830,39203.134000000005
63831,39375.130000000005
63832,38196.129
63833,38380.128000000004
63834,38585.125
63835,38032.12100000001
63836,37200.12100000001
63837,36796.122
63838,37576.12100000001
63839,36190.119000000006
63840,36558.12100000001
63841,36495.122
63842,37366.12500000001
63843,37749.126000000004
63844,38204.122
63845,38550.122
63846,38446.117000000006
63847,38350.115000000005
63848,37782.111000000004
63849,38961.109000000004
63850,38325.106
63851,38280.109000000004
63852,39049.11
63853,38043.111000000004
63854,38030.113000000005
63855,38655.111000000004
63856,38901.107
63857,39957.103
63858,40247.108
63859,39782.114
63860,40762.11
63861,40043.11
63862,37971.109000000004
63863,37721.113000000005
63864,36659.107
63865,36336.10400000001
63866,36623.103
63867,36288.101
63868,35616.09700000001
63869,34455.098000000005
63870,34389.09700000001
63871,34174.098000000005
63872,35307.096000000005
63873,36699.09300000001
63874,37470.09300000001
63875,38039.092000000004
63876,37286.094000000005
63877,37126.091
63878,37077.090000000004
63879,38277.08700000001
63880,38417.08700000001
63881,32513.089000000007
63882,31989.086000000007
63883,31604.085000000006
63884,31891.090000000004
63885,31998.093
63886,32123.094000000005
63887,33332.09
63888,34339.08899999999
63889,33716.091
63890,33881.08899999999
63891,33881.085999999996
63892,32567.079000000005
63893,32405.07600000001
63894,31875.07600000001
63895,31915.073000000008
63896,32305.073000000008
63897,31490.074000000008
63898,30861.075000000004
63899,30116.073000000008
63900,29675.075000000004
63901,30100.072000000004
63902,31405.072000000004
63903,32270.070000000007
63904,31145.072000000007
63905,31805.067000000006
63906,30770.070000000007
63907,31105.062000000005
63908,31140.060000000005
63909,32385.064000000006
63910,32575.065000000006
63911,32860.065
63912,32840.064000000006
63913,31790.069000000007
63914,32835.07
63915,33195.073000000004
63916,33315.07
63917,34955.06399999999
63918,35370.064999999995
63919,35385.05999999999
63920,34135.06
63921,33550.06
63922,32015.06000000001
63923,32245.058000000008
63924,32245.058000000008
63925,31910.058000000005
63926,32295.060000000005
63927,32335.057000000004
63928,31810.055000000004
63929,30660.056000000008
63930,29905.056000000008
63931,29905.058000000008
63932,31080.05900000001
63933,31605.061000000005
63934,30620.064000000006
63935,30395.065000000006
63936,30990.061000000005
63937,31390.059000000005
63938,31685.058000000005
63939,32825.060000000005
63940,34885.06
63941,34945.062000000005
63942,34750.062000000005
63943,34373.059
63944,35138.062000000005
63945,34678.066000000006
63946,35618.063
63947,36230.064
63948,36845.06800000001
63949,36340.06800000001
63950,36530.069
63951,35900.069
63952,35350.069
63953,35553.06700000001
63954,35018.067
63955,35483.062000000005
63956,35713.060000000005
63957,33958.063
63958,34748.060000000005
63959,34063.056000000004
63960,32753.055000000008
63961,33358.056000000004
63962,33583.05500000001
63963,33783.055
63964,32948.057
63965,32778.057
63966,31895.06300000001
63967,32320.062000000005
63968,31870.064000000006
63969,33215.063
63970,34195.063
63971,34745.056
63972,34125.05900000001
63973,34125.05900000001
63974,35130.05900000001
63975,35340.056
63976,35715.05900000001
63977,35910.059
63978,35485.06300000001
63979,35770.061
63980,36920.059
63981,36050.063
63982,35105.063
63983,40205.064
63984,40720.05900000001
63985,40910.06
63986,40510.062000000005
63987,40285.061
63988,40870.065
63989,39705.065
63990,37885.06800000001
63991,38490.07000000001
63992,40120.066999999995
63993,40530.068
63994,39525.07000000001
63995,39370.06700000001
63996,38840.066000000006
63997,39005.06700000001
63998,38573.065
63999,40028.062000000005
64000,39998.06300000001
64001,40263.065
64002,39698.066000000006
64003,39533.06500000001
64004,40443.06300000001
64005,40535.06
64006,40365.062000000005
64007,41175.062000000005
64008,41045.06
64009,41140.057
64010,41685.05900000001
64011,40575.057
64012,39230.058000000005
64013,38410.06100000001
64014,40155.058000000005
64015,40775.057
64016,40945.057
64017,41405.053
64018,41595.054000000004
64019,40025.056
64020,38435.05700000001
64021,39285.058000000005
64022,40175.061
64023,41180.061
64024,40030.064
64025,39710.07000000001
64026,39730.07200000001
64027,38750.07400000001
64028,38420.073000000004
64029,38560.07900000001
64030,39255.08200000001
64031,39630.08000000001
64032,39525.077000000005
64033,39335.07600000001
64034,38305.07800000001
64035,43545.08000000001
64036,43490.081000000006
64037,44095.07800000001
64038,44355.07500000001
64039,44325.07600000001
64040,44540.077000000005
64041,43820.07500000001
64042,42575.08200000001
64043,36745.08600000001
64044,38690.07900000001
64045,39225.08000000001
64046,39330.077000000005
64047,38545.07800000001
64048,39620.07400000001
64049,38905.07000000001
64050,31858.069000000007
64051,33443.06800000001
64052,34033.067
64053,34703.066999999995
64054,34325.066
64055,34290.068999999996
64056,34485.068999999996
64057,34235.06599999999
64058,33240.066000000006
64059,34450.062999999995
64060,36090.058000000005
64061,36095.058000000005
64062,36230.061
64063,35835.062
64064,35845.062
64065,35820.062
64066,35190.06199999999
64067,35745.066999999995
64068,36135.066999999995
64069,35850.07
64070,35820.070999999996
64071,35370.07
64072,34775.063
64073,34750.065
64074,35980.063
64075,36030.064
64076,35825.066
64077,35095.063
64078,36170.064000000006
64079,35680.061
64080,33230.060000000005
64081,33620.060000000005
64082,33870.059
64083,40280.053
64084,38870.057
64085,38640.061
64086,38825.06300000001
64087,39020.064
64088,38165.06000000001
64089,38825.06
64090,40575.057
64091,40735.05900000001
64092,40530.061
64093,41085.062999999995
64094,40795.065
64095,41360.062999999995
64096,41140.062999999995
64097,41360.064
64098,40575.065
64099,40835.062000000005
64100,40430.064
64101,39820.065
64102,39405.065
64103,38665.06300000001
64104,39645.062000000005
64105,40350.064000000006
64106,39920.069
64107,40960.064000000006
64108,42100.066
64109,41160.068
64110,39430.068
64111,40130.061
64112,40285.065
64113,41870.062000000005
64114,41055.064
64115,40825.066000000006
64116,41050.065
64117,41445.069
64118,41750.06300000001
64119,42860.056
64120,43860.056
64121,44380.058999999994
64122,43820.058000000005
64123,43725.062000000005
64124,43305.064
64125,43065.062999999995
64126,43065.062999999995
64127,43500.06300000001
64128,42940.06300000001
64129,42565.06300000001
64130,41820.06700000001
64131,40485.069
64132,40685.068
64133,34100.067
64134,35095.06800000001
64135,36310.063
64136,35800.066000000006
64137,35375.06700000001
64138,35660.064
64139,34630.06500000001
64140,33640.05700000001
64141,33665.05700000001
64142,33860.056000000004
64143,34645.05500000001
64144,34065.054000000004
64145,34060.054000000004
64146,34845.05300000001
64147,34505.05300000001
64148,34400.05000000001
64149,35450.054000000004
64150,36450.054000000004
64151,36440.056000000004
64152,36715.05100000001
64153,37470.05300000001
64154,37319.051
64155,36239.057
64156,37239.057
64157,37704.061
64158,37374.060000000005
64159,36559.062000000005
64160,36796.059
64161,36396.056000000004
64162,35976.058000000005
64163,35326.053
64164,35901.055
64165,36616.058000000005
64166,36021.061
64167,36251.060000000005
64168,36646.060000000005
64169,35876.060000000005
64170,34806.055
64171,35156.059
64172,35296.06100000001
64173,35886.060000000005
64174,35486.062000000005
64175,35711.061
64176,36241.062000000005
64177,36521.060000000005
64178,36356.059
64179,37856.061
64180,38216.062
64181,38036.069
64182,37756.066999999995
64183,38566.066999999995
64184,38266.06599999999
64185,37251.068999999996
64186,37611.072
64187,37411.073
64188,37206.076
64189,37246.074
64190,37371.079
64191,36972.079000000005
64192,36362.079000000005
64193,35217.079000000005
64194,35607.08100000001
64195,35572.076
64196,34112.08200000001
64197,34642.083000000006
64198,34871.083000000006
64199,34511.083000000006
64200,34291.083000000006
64201,35067.083000000006
64202,34815.084
64203,35650.083
64204,35111.084
64205,35211.089
64206,35406.089
64207,35341.095
64208,34250.100000000006
64209,34645.100000000006
64210,34470.100999999995
64211,34640.102
64212,35040.1
64213,36252.096999999994
64214,36272.098
64215,36107.096999999994
64216,36727.09499999999
64217,36692.087999999996
64218,36127.09
64219,36022.087
64220,35186.090000000004
64221,34596.092000000004
64222,34253.088
64223,33748.092000000004
64224,34128.094000000005
64225,34737.091
64226,34742.091
64227,34983.092000000004
64228,35504.093
64229,35923.091
64230,35828.095
64231,35708.095
64232,36268.096000000005
64233,36140.093
64234,34945.09500000001
64235,35305.09700000001
64236,35309.10100000001
64237,35204.109000000004
64238,34614.11200000001
64239,34338.122
64240,34963.119000000006
64241,34649.119000000006
64242,34874.123
64243,35589.123
64244,36035.12099999999
64245,35250.123
64246,35154.12300000001
64247,34674.12700000001
64248,34372.12500000001
64249,34624.12900000001
64250,34415.132000000005
64251,34808.127
64252,33178.13700000001
64253,33136.13500000001
64254,33510.138000000006
64255,34265.13900000001
64256,34475.138000000006
64257,35096.135
64258,35671.137
64259,35682.14200000001
64260,35222.144
64261,35682.143000000004
64262,35921.144
64263,35717.145
64264,34567.149
64265,34446.149
64266,35295.148
64267,36311.148
64268,35438.149999999994
64269,35468.153
64270,35626.155999999995
64271,36056.16299999999
64272,36435.164
64273,37224.166999999994
64274,37726.16499999999
64275,37420.170999999995
64276,37160.176
64277,35630.174999999996
64278,35410.174
64279,36218.172999999995
64280,36147.17399999999
64281,35799.174
64282,35033.17499999999
64283,34605.179
64284,35269.179
64285,35811.185999999994
64286,35056.19099999999
64287,35356.187999999995
64288,35721.187999999995
64289,35181.187
64290,35743.17999999999
64291,36037.17799999999
64292,36022.181
64293,35295.183999999994
64294,34290.191
64295,33884.195
64296,34115.201
64297,33981.202000000005
64298,32997.20300000001
64299,32618.20400000001
64300,33141.20100000001
64301,33343.20300000001
64302,34082.19900000001
64303,34877.201
64304,34630.205
64305,33962.21200000001
64306,33916.21200000001
64307,34450.212
64308,36015.215000000004
64309,37249.211
64310,37473.21
64311,37269.215000000004
64312,37681.219000000005
64313,38036.218
64314,39144.217000000004
64315,39169.222
64316,39991.223
64317,40102.228
64318,41083.223
64319,40495.227999999996
64320,40326.226
64321,40399.23
64322,40373.229
64323,39235.229999999996
64324,38711.233
64325,39077.228
64326,38354.238
64327,38338.24
64328,37288.25
64329,37114.24800000001
64330,37055.246
64331,37076.251
64332,37062.25200000001
64333,37267.258
64334,37486.25900000001
64335,38034.264
64336,37309.26700000001
64337,37622.272000000004
64338,37741.274000000005
64339,38166.281
64340,38342.285
64341,38775.28200000001
64342,38477.28900000001
64343,38456.29600000001
64344,38892.29200000001
64345,39086.288
64346,40201.298
64347,40308.30500000001
64348,39916.309
64349,39671.312999999995
64350,38579.31999999999
64351,39171.316999999995
64352,39200.31799999999
64353,39131.316
64354,38104.315
64355,38111.316
64356,37790.317
64357,38207.316000000006
64358,37112.318
64359,36536.32299999999
64360,37403.32499999999
64361,37103.329999999994
64362,38509.332
64363,39172.33
64364,41544.329
64365,42008.33500000001
64366,40852.33900000001
64367,40513.34400000001
64368,40693.342000000004
64369,41019.34000000001
64370,40884.345
64371,40189.35100000001
64372,39733.352000000006
64373,40279.361
64374,40960.367000000006
64375,40944.36600000001
64376,42386.368
64377,41831.37600000002
64378,41979.37900000002
64379,42733.37900000002
64380,40541.37900000002
64381,41751.37300000003
64382,42631.37600000002
64383,42652.36800000002
64384,41241.366000000016
64385,41810.366000000016
64386,41743.36800000002
64387,42866.371000000014
64388,41768.37400000002
64389,41897.37900000002
64390,42118.38200000002
64391,42295.381000000016
64392,42052.381000000016
64393,42963.379000000015
64394,43976.387000000024
64395,44066.400000000016
64396,43322.40200000002
64397,43299.40000000001
64398,41962.4
64399,40918.40700000001
64400,41738.41200000001
64401,41536.418000000005
64402,41029.41500000001
64403,41810.408
64404,43769.406
64405,43685.399000000005
64406,44193.40500000001
64407,43875.413
64408,43667.41100000001
64409,44289.42300000002
64410,42908.41900000001
64411,42292.42800000001
64412,42521.42700000002
64413,41721.424000000006
64414,40709.424000000006
64415,41546.421
64416,41155.421
64417,41815.42700000001
64418,40935.435999999994
64419,41301.433
64420,41866.439000000006
64421,41582.438
64422,42085.43800000001
64423,42606.44300000001
64424,42346.454000000005
64425,42007.46000000001
64426,41386.46500000001
64427,41424.466
64428,42582.46200000001
64429,42503.471000000005
64430,43518.47100000001
64431,43514.47400000001
64432,42881.48000000002
64433,43340.48200000001
64434,44028.485000000015
64435,43632.49000000001
64436,43873.49900000001
64437,43723.50300000001
64438,43277.509000000005
64439,42913.51100000002
64440,41570.519000000015
64441,41778.51100000001
64442,41621.521000000015
64443,41167.525000000016
64444,39974.536000000015
64445,41052.53900000002
64446,40994.53900000001
64447,42133.54600000002
64448,40910.55000000002
64449,41454.545000000006
64450,41516.54300000001
64451,41802.542000000016
64452,41510.54500000002
64453,42270.54900000002
64454,43326.55400000001
64455,43934.54600000002
64456,43614.55600000001
64457,43340.55200000001
64458,44175.56100000001
64459,44594.56400000001
64460,44897.566
64461,44727.583000000006
64462,43695.583000000006
64463,43997.58000000001
64464,44293.58600000001
64465,43787.58400000001
64466,43508.589000000014
64467,44033.59000000002
64468,43618.597000000016
64469,43840.60500000001
64470,42608.61100000002
64471,42130.616
64472,42485.61800000002
64473,41673.62500000001
64474,40498.625000000015
64475,40831.63900000001
64476,40629.64000000001
64477,42103.63100000001
64478,40958.63100000001
64479,41469.62400000001
64480,41220.62200000001
64481,41309.619000000006
64482,40933.628000000004
64483,42453.623999999996
64484,43189.619999999995
64485,43270.622
64486,42638.62300000001
64487,41494.628
64488,43020.62100000001
64489,43533.616
64490,44459.623999999996
64491,45128.621999999996
64492,44168.63500000001
64493,44782.627
64494,45187.63700000001
64495,45799.63000000001
64496,46200.62200000001
64497,46507.628000000004
64498,45666.62400000001
64499,44995.617000000006
64500,43203.617999999995
64501,42573.618
64502,43092.619
64503,43410.616
64504,41756.629
64505,41914.626000000004
64506,42115.626000000004
64507,43055.61900000001
64508,42601.61200000001
64509,41821.63100000001
64510,41936.628000000004
64511,42177.62900000001
64512,42310.62700000001
64513,42934.613000000005
64514,44013.609000000004
64515,43461.613000000005
64516,43219.619
64517,42714.62300000002
64518,44164.63400000002
64519,44529.63200000002
64520,44745.64500000001
64521,45377.64500000001
64522,43999.64900000001
64523,43820.65100000001
64524,44368.647000000004
64525,44984.64900000002
64526,44972.648000000016
64527,44608.65000000001
64528,43858.65100000001
64529,43086.65800000001
64530,42217.651000000005
64531,41280.649000000005
64532,42176.638000000006
64533,42706.630000000005
64534,41399.634000000005
64535,41206.63
64536,43215.624
64537,44082.626000000004
64538,42334.630999999994
64539,42414.63100000001
64540,42169.626000000004
64541,41230.63700000001
64542,41128.64000000001
64543,41078.647000000004
64544,42076.655
64545,42732.648
64546,42096.644
64547,41320.648
64548,43082.653999999995
64549,43245.654
64550,44076.641
64551,45489.642000000014
64552,44436.63500000001
64553,43644.63200000001
64554,43561.64800000001
64555,44482.65200000002
64556,43077.65100000002
64557,43047.64700000001
64558,43305.644000000015
64559,43119.642000000014
64560,42655.634000000005
64561,41731.635
64562,41353.64200000001
64563,41535.64300000001
64564,40325.63900000001
64565,39760.631000000016
64566,40835.63900000002
64567,41172.642000000014
64568,40022.63700000001
64569,40860.642
64570,39655.64400000001
64571,38222.647999999994
64572,38057.64000000001
64573,37582.634
64574,37635.628
64575,37399.62
64576,35922.623
64577,35280.632
64578,35033.630999999994
64579,34042.62900000001
64580,34422.63100000001
64581,35190.63900000001
64582,34657.63100000001
64583,33906.63700000002
64584,35150.63700000001
64585,36285.64000000001
64586,35660.636000000006
64587,34622.64000000001
64588,36462.626
64589,36110.62300000001
64590,35529.616
64591,34225.61300000001
64592,33858.61200000001
64593,33745.60700000001
64594,33387.60100000001
64595,33071.595000000016
64596,35155.58800000001
64597,36402.58
64598,34549.578
64599,35258.579000000005
64600,34799.587
64601,34115.587000000014
64602,35066.586
64603,35503.590000000004
64604,35445.590000000004
64605,35427.577000000005
64606,34501.57400000001
64607,34543.581000000006
64608,35236.57000000001
64609,34697.571
64610,34832.574000000015
64611,35850.564000000006
64612,35362.562000000005
64613,34583.56200000001
64614,34658.564000000006
64615,34688.558000000005
64616,34125.55900000001
64617,32402.56200000002
64618,32479.568000000017
64619,31113.56100000002
64620,30983.557000000023
64621,30050.55300000002
64622,29450.560000000023
64623,29569.559000000023
64624,28520.56400000002
64625,28210.564000000017
64626,30359.56400000002
64627,30907.55800000002
64628,30658.56200000002
64629,31636.55500000002
64630,30826.56400000002
64631,30923.56200000002
64632,31411.556000000022
64633,32575.54600000002
64634,32324.53800000002
64635,33419.532
64636,32049.53400000002
64637,32402.53000000002
64638,31787.531000000025
64639,31380.53300000002
64640,32299.52400000002
64641,32755.520000000022
64642,32139.52500000002
64643,31178.52200000002
64644,31494.512000000017
64645,30672.517000000018
64646,30023.51000000002
64647,29052.51300000002
64648,29004.51200000002
64649,28417.517000000018
64650,28478.519000000015
64651,28148.507000000016
64652,27823.514000000017
64653,28115.503000000015
64654,28791.505000000016
64655,28860.515000000018
64656,30641.510000000017
64657,30439.513000000017
64658,30045.508000000016
64659,31089.504000000015
64660,30519.50100000002
64661,30369.503000000015
64662,30593.504000000015
64663,32366.494000000017
64664,31869.48600000001
64665,31240.486000000015
64666,30447.48300000001
64667,30394.477000000014
64668,29729.477000000014
64669,29101.476000000013
64670,29710.470000000016
64671,29979.474000000013
64672,28868.478000000014
64673,27899.469000000012
64674,26892.475000000013
64675,27612.485000000015
64676,26937.489000000012
64677,26556.48400000001
64678,26834.48400000001
64679,26536.475000000013
64680,25879.476000000013
64681,25473.46700000001
64682,25497.46300000001
64683,25907.44800000001
64684,26872.44300000001
64685,27311.43700000001
64686,27871.44600000001
64687,28177.446000000007
64688,27960.44000000001
64689,28238.442000000006
64690,28117.446000000007
64691,28003.446000000007
64692,27862.443000000007
64693,29231.439000000006
64694,29151.445000000007
64695,28992.439000000006
64696,29357.43700000001
64697,29275.437000000005
64698,28939.42900000001
64699,28632.432000000008
64700,27691.436000000005
64701,28552.427000000007
64702,28446.423000000006
64703,27420.420000000006
64704,26517.424000000003
64705,26256.421000000006
64706,24401.423000000003
64707,24291.426000000003
64708,23943.422000000006
64709,24065.408000000003
64710,23825.404000000006
64711,23636.401000000005
64712,23685.397000000004
64713,23501.394000000004
64714,23786.396000000004
64715,23604.391000000007
64716,24710.392000000007
64717,24167.39800000001
64718,24386.395000000008
64719,24705.397000000008
64720,24269.39600000001
64721,24026.394000000008
64722,23377.397000000004
64723,24254.392000000003
64724,24031.395000000004
64725,24531.394000000008
64726,25340.399000000005
64727,25049.398000000005
64728,24417.405000000006
64729,24945.404000000006
64730,24678.413000000004
64731,24627.411
64732,25038.408000000007
64733,24157.399000000005
64734,23680.406000000003
64735,22680.4
64736,20879.399000000005
64737,20663.416
64738,20373.418
64739,19115.420000000002
64740,19529.421000000002
64741,19607.414000000004
64742,19530.410000000003
64743,19519.405000000002
64744,19584.407000000003
64745,19534.405000000002
64746,20673.4
64747,19960.401000000005
64748,20532.399000000005
64749,20930.392000000003
64750,20139.391000000003
64751,20692.388000000003
64752,19827.387000000002
64753,20921.386000000002
64754,21067.395000000004
64755,20989.387000000006
64756,21872.387000000002
64757,22464.389000000006
64758,21952.396000000004
64759,21259.395000000004
64760,19774.390000000003
64761,19028.396
64762,18486.399000000005
64763,18904.388000000003
64764,19021.389000000003
64765,19176.389000000003
64766,18078.382
64767,18090.373
64768,18051.368
64769,18216.358999999997
64770,20142.35
64771,19723.346999999998
64772,19579.351
64773,18992.354999999996
64774,18521.359
64775,17403.363000000005
64776,17701.363
64777,17658.367000000002
64778,17118.368000000002
64779,18049.371000000003
64780,16844.364
64781,16886.371000000003
64782,17041.371000000003
64783,15891.379000000004
64784,17372.381000000005
64785,16650.384000000005
64786,17294.387000000006
64787,18171.384000000013
64788,17098.395000000008
64789,15238.397000000012
64790,14381.40100000001
64791,13784.415000000014
64792,11814.432000000015
64793,12037.445000000018
64794,10231.451000000017
64795,9157.469000000017
64796,7949.485000000018
64797,5709.511000000015
64798,4042.541000000015
64799,760.5999999999989
64800,1566.4389999999958
64801,2446.4320000000043
64802,3594.426000000017
64803,4234.426000000019
64804,6026.41900000002
64805,6561.410000000019
64806,6861.412000000017
64807,7159.417000000016
64808,8069.412000000017
64809,9724.402000000018
64810,14452.399000000018
64811,14095.398000000017
64812,13585.393000000016
64813,13768.386000000013
64814,13398.378000000012
64815,13538.368000000011
64816,14423.360000000008
64817,14753.356000000007
64818,14666.354000000008
64819,13756.355000000007
64820,11441.352000000006
64821,13752.351000000006
64822,14734.346000000005
64823,15049.337000000005
64824,15833.324000000002
64825,17778.321
64826,17798.318
64827,18630.315
64828,19198.310999999998
64829,19233.308999999997
64830,17375.313000000002
64831,16555.317000000003
64832,16561.323
64833,17013.323999999997
64834,17698.319
64835,16868.312
64836,17054.316000000003
64837,16924.322
64838,17274.321
64839,18338.318
64840,19863.319
64841,18648.32
64842,18611.320999999996
64843,18971.320999999996
64844,18536.319
64845,17386.316
64846,17206.313000000002
64847,16636.308
64848,16671.303
64849,16876.298
64850,14891.300000000003
64851,15956.300000000003
64852,16483.3
64853,16053.300000000003
64854,16628.302000000003
64855,17531.302000000003
64856,17656.297000000002
64857,17786.292000000005
64858,17496.281000000003
64859,16774.280000000006
64860,15486.277000000006
64861,15711.274000000005
64862,14991.269000000006
64863,14526.261000000006
64864,13681.258000000005
64865,13099.251000000004
64866,12567.235000000004
64867,13987.227000000004
64868,14867.232000000004
64869,15022.231000000003
64870,17262.228000000003
64871,17419.226000000006
64872,17584.222000000005
64873,18754.218
64874,18721.220000000005
64875,18911.212000000003
64876,19711.202
64877,18741.198000000004
64878,18146.198000000004
64879,17936.195000000003
64880,17379.188000000002
64881,18356.187
64882,19111.189000000002
64883,18516.191000000003
64884,18912.192000000003
64885,19107.192000000003
64886,19102.195000000003
64887,19327.193000000003
64888,19537.193000000003
64889,19172.194000000003
64890,17817.191000000003
64891,17387.198000000004
64892,16992.198000000004
64893,16999.195000000003
64894,16994.198000000004
64895,15016.204000000003
64896,13611.209000000004
64897,13811.211000000005
64898,14999.209000000004
64899,15584.210000000005
64900,16779.211000000003
64901,17174.210000000006
64902,16799.209000000003
64903,17004.209000000006
64904,17174.213
64905,17614.210000000003
64906,18229.207000000002
64907,17854.206000000002
64908,16489.206000000006
64909,16099.206000000004
64910,16489.208000000002
64911,17294.206000000002
64912,18059.207000000002
64913,17484.209000000006
64914,18059.210000000003
64915,18669.209000000003
64916,18312.207000000002
64917,18727.202
64918,20482.202
64919,19907.202
64920,19742.196
64921,20519.196
64922,19139.199
64923,19149.197
64924,18359.199
64925,18149.201000000005
64926,16769.202
64927,17364.201000000005
64928,17162.201
64929,18524.2
64930,18324.201
64931,19517.196
64932,18937.197
64933,19362.193
64934,19187.190000000002
64935,19187.190000000002
64936,19787.188000000002
64937,19172.193000000003
64938,18579.193000000003
64939,17804.194000000003
64940,18807.188000000002
64941,18397.191000000003
64942,18759.195000000003
64943,19126.198
64944,18939.197
64945,19324.196
64946,19544.193
64947,18759.194
64948,20129.193
64949,20324.19
64950,19729.194
64951,20334.193
64952,19742.195
64953,18132.200000000004
64954,18127.201000000005
64955,17937.2
64956,17372.197000000004
64957,17744.201000000005
64958,17602.199000000004
64959,18772.198
64960,19152.197
64961,20357.195
64962,20937.196
64963,21507.195
64964,21477.199
64965,22067.199
64966,22072.197
64967,21662.196
64968,21082.196
64969,20904.192
64970,19909.193
64971,19517.194
64972,19312.195
64973,19869.196
64974,19104.196
64975,19139.191
64976,18359.192
64977,18334.196000000004
64978,18529.198
64979,17344.200000000004
64980,18119.201
64981,18674.203
64982,18459.207000000002
64983,16909.205
64984,17682.205
64985,17497.203
64986,16707.205
64987,18079.203
64988,17682.206000000006
64989,19632.206000000002
64990,20819.204
64991,21814.201
64992,22619.197
64993,23404.198
64994,22434.197
64995,23374.201
64996,23589.199
64997,22974.2
64998,22179.2
64999,22574.201000000005
65000,20814.203
65001,21014.200000000004
65002,20234.201
65003,20654.197000000004
65004,20019.2
65005,19444.197000000004
65006,19047.196000000004
65007,18632.196
65008,19174.200000000004
65009,18174.200000000004
65010,18389.198000000004
65011,18379.199000000004
65012,18769.198000000004
65013,17379.199000000004
65014,18174.196000000004
65015,17979.195000000003
65016,18004.195000000003
65017,18789.194000000003
65018,19574.193000000003
65019,20554.191000000003
65020,21709.194000000003
65021,23064.194000000003
65022,23431.196000000004
65023,23638.196000000004
65024,23433.197000000004
65025,24634.194000000003
65026,24634.194000000003
65027,24059.188000000002
65028,23109.184
65029,22931.180000000004
65030,21759.178000000004
65031,21764.177000000003
65032,20249.175000000003
65033,20629.176000000003
65034,19844.176000000003
65035,18894.177000000003
65036,17904.179000000004
65037,18486.181000000004
65038,19461.182000000004
65039,19848.184000000005
65040,19616.185000000005
65041,19821.185000000005
65042,21371.185000000005
65043,20771.188000000006
65044,21415.187
65045,21747.193000000003
65046,22023.190000000002
65047,22413.194000000003
65048,22978.193000000003
65049,23966.191000000003
65050,24366.193000000003
65051,24376.194000000003
65052,24627.195000000003
65053,24627.195000000003
65054,25472.193000000003
65055,25506.194000000003
65056,25695.192000000003
65057,24890.193000000003
65058,23907.197000000004
65059,23127.194000000003
65060,22557.197000000004
65061,22524.202000000005
65062,21364.203
65063,22002.199000000004
65064,21015.200000000004
65065,20618.204
65066,19218.209000000003
65067,18635.208000000006
65068,19589.210000000003
65069,24368.209000000003
65070,25217.209000000003
65071,25612.211000000003
65072,26816.209000000003
65073,26807.204
65074,27957.209000000003
65075,27755.214000000004
65076,28372.214000000004
65077,29185.213000000003
65078,29430.209000000003
65079,30601.212000000003
65080,30632.215000000004
65081,31316.211000000003
65082,32121.214000000004
65083,32727.212000000003
65084,33727.207
65085,34133.209
65086,34715.21000000001
65087,34146.213
65088,33836.211
65089,32274.212000000003
65090,32113.211000000003
65091,31772.210000000003
65092,29847.210000000003
65093,30022.212000000003
65094,28487.211000000003
65095,27894.215000000004
65096,27152.215000000004
65097,27604.213000000003
65098,27809.216000000004
65099,27001.219
65100,27189.222
65101,27361.218000000004
65102,28536.219000000005
65103,27523.222000000005
65104,28617.217000000004
65105,29048.216000000004
65106,29103.215000000004
65107,24406.221000000005
65108,24817.225000000006
65109,26623.226000000002
65110,26834.225000000002
65111,27903.219
65112,27708.221
65113,28705.221
65114,29412.221000000005
65115,29192.223000000005
65116,29440.224000000002
65117,28729.223000000005
65118,27846.221000000005
65119,27044.223000000005
65120,26835.223000000005
65121,26728.215000000004
65122,26002.214000000004
65123,25255.210000000003
65124,23689.210000000003
65125,23099.211000000003
65126,22580.207000000006
65127,22947.211000000007
65128,24796.208000000002
65129,24429.209000000003
65130,24269.209000000003
65131,23644.211000000003
65132,23782.210000000003
65133,22803.211000000003
65134,23730.21
65135,24132.208
65136,24816.204999999998
65137,24797.213
65138,31144.21
65139,32770.204
65140,33452.2
65141,33547.195
65142,34335.19
65143,35695.191999999995
65144,36091.193
65145,36305.191
65146,36896.195999999996
65147,36341.194
65148,35556.196
65149,35680.188
65150,36051.184
65151,34850.187000000005
65152,34559.179000000004
65153,34291.182
65154,33350.185000000005
65155,32390.182000000004
65156,31639.181000000004
65157,31952.188000000002
65158,32433.182000000004
65159,31043.183000000005
65160,30825.183000000005
65161,30455.185000000005
65162,30743.180000000004
65163,29791.174000000003
65164,30325.178000000004
65165,30069.179000000004
65166,31493.174000000003
65167,31027.180000000004
65168,31621.175000000003
65169,32751.182000000004
65170,32507.189000000002
65171,33264.191000000006
65172,33624.194
65173,29687.204
65174,30348.202
65175,31131.202
65176,31927.199
65177,31384.204
65178,30644.203
65179,30190.211000000003
65180,30535.218
65181,29211.222
65182,28657.215
65183,29435.217
65184,28121.221
65185,28143.227000000003
65186,27354.228000000003
65187,27839.226000000002
65188,27442.231000000003
65189,27109.229
65190,27118.227000000003
65191,27361.223
65192,27583.227000000003
65193,26210.226000000002
65194,26513.232000000004
65195,26155.232000000004
65196,27526.239
65197,27266.243000000002
65198,26896.244000000002
65199,27279.245000000003
65200,27501.245000000003
65201,27535.252000000004
65202,28058.254000000004
65203,30448.261000000002
65204,30026.262000000002
65205,29972.276
65206,30007.275000000005
65207,29027.283000000003
65208,28464.278000000006
65209,28365.275000000005
65210,29418.271000000004
65211,28668.276000000005
65212,28274.274000000005
65213,28570.273000000005
65214,27944.278000000006
65215,28655.270000000004
65216,28042.276000000005
65217,28448.281000000003
65218,27932.279000000006
65219,27996.27400000001
65220,27723.276000000005
65221,28603.265000000003
65222,29756.262000000002
65223,28200.263000000003
65224,28336.270000000004
65225,26963.268000000004
65226,26806.268000000004
65227,26909.274000000005
65228,27132.288000000004
65229,27306.286000000004
65230,26747.284000000003
65231,26815.268000000004
65232,27360.267000000003
65233,29831.258000000005
65234,29086.256000000005
65235,29591.254000000004
65236,29488.241
65237,28107.240000000005
65238,27183.232000000004
65239,27333.225000000006
65240,28174.225000000006
65241,28504.227000000003
65242,27664.233000000004
65243,28032.228000000006
65244,28115.236000000004
65245,28652.237000000005
65246,27800.233000000007
65247,28478.232000000007
65248,28582.230000000007
65249,28032.218000000004
65250,28013.215000000007
65251,28381.208000000006
65252,29566.200000000004
65253,27746.199000000008
65254,28420.197000000007
65255,27309.196000000007
65256,27478.191000000006
65257,27818.197000000007
65258,27956.196000000004
65259,27833.188000000006
65260,27623.187000000005
65261,27680.180000000004
65262,27939.183000000005
65263,29640.174000000006
65264,30384.174000000006
65265,31753.162000000004
65266,31428.168000000005
65267,29969.163000000008
65268,30597.163000000004
65269,31988.156000000003
65270,31536.156000000006
65271,32188.149000000005
65272,31339.148000000005
65273,31005.148000000005
65274,30282.15000000001
65275,30728.146000000008
65276,29560.141000000007
65277,30656.131000000005
65278,29648.13500000001
65279,28521.13500000001
65280,29006.131000000005
65281,28956.13000000001
65282,29922.130000000005
65283,27806.129000000008
65284,28187.129000000004
65285,26605.13000000001
65286,29634.129000000008
65287,30002.13000000001
65288,30696.124000000007
65289,30434.125000000007
65290,31200.120000000006
65291,31977.113000000005
65292,32206.112000000005
65293,32943.116
65294,33317.115
65295,33863.115
65296,34666.11699999999
65297,34047.11099999999
65298,33824.111999999994
65299,34454.11099999999
65300,34647.109
65301,34994.111999999994
65302,34436.102
65303,34196.10399999999
65304,33689.11
65305,34682.10399999999
65306,33717.100999999995
65307,34467.100999999995
65308,34107.098999999995
65309,33129.098000000005
65310,32851.098
65311,32329.091000000008
65312,32888.090000000004
65313,31024.084000000006
65314,31017.084000000006
65315,30623.082000000006
65316,30463.080000000005
65317,30783.082000000006
65318,30986.085000000006
65319,31601.085000000006
65320,31796.083000000006
65321,32176.077000000005
65322,32998.074
65323,34907.075
65324,35064.078
65325,35414.079999999994
65326,36235.079
65327,34667.078
65328,34672.075999999994
65329,34515.078
65330,35080.077999999994
65331,35275.076
65332,34485.076
65333,35265.075
65334,35251.075
65335,35291.070999999996
65336,35194.064999999995
65337,35984.060999999994
65338,35494.05699999999
65339,34479.059
65340,34658.059
65341,34120.05699999999
65342,34310.06
65343,32605.055000000004
65344,33125.058000000005
65345,32375.058000000005
65346,32030.059000000005
65347,33570.058000000005
65348,34155.058000000005
65349,34323.059
65350,33838.063
65351,33958.06800000001
65352,34208.066000000006
65353,36168.064000000006
65354,36228.062000000005
65355,36218.064
65356,35998.064
65357,34788.067
65358,34423.06800000001
65359,34258.06800000001
65360,34483.067
65361,35148.06500000001
65362,34568.064000000006
65363,34688.07000000001
65364,34228.07400000001
65365,35838.07400000001
65366,35613.075000000004
65367,36073.07200000001
65368,36253.07
65369,36113.07000000001
65370,37818.069
65371,36878.069
65372,37655.07
65373,35890.072
65374,36505.072
65375,36865.074
65376,37100.071
65377,38005.075000000004
65378,38425.074
65379,38820.073
65380,38835.07
65381,38595.074
65382,39023.072
65383,41033.06900000001
65384,40378.06900000001
65385,40543.07
65386,37718.06800000001
65387,35918.07200000001
65388,36008.07000000001
65389,36813.07000000001
65390,37293.06800000001
65391,37133.066000000006
65392,36748.066000000006
65393,37495.068
65394,37845.072
65395,37255.074
65396,37820.074
65397,38045.073
65398,37320.072
65399,37660.074
65400,37255.077
65401,37655.076
65402,38245.075000000004
65403,36155.074
65404,36875.076
65405,36325.07400000001
65406,36180.075000000004
65407,37255.07000000001
65408,37685.068
65409,38240.069
65410,37745.068
65411,38535.068
65412,38345.068
65413,39230.071
65414,38410.074
65415,39515.072
65416,39910.071
65417,38740.072
65418,39725.07
65419,40250.072
65420,41040.07
65421,40080.068
65422,40080.068
65423,40760.065
65424,40500.068
65425,40665.07000000001
65426,40710.066000000006
65427,40505.068
65428,39075.072
65429,38710.068
65430,39385.067
65431,40290.062000000005
65432,40085.066000000006
65433,38920.066000000006
65434,39565.064
65435,38790.064
65436,38950.066000000006
65437,39785.068
65438,39805.069
65439,40280.066000000006
65440,38510.069
65441,38870.07000000001
65442,38750.066000000006
65443,39885.07000000001
65444,39700.07000000001
65445,40495.073000000004
65446,40885.07400000001
65447,40330.073000000004
65448,41305.073000000004
65449,41365.07100000001
65450,41575.068
65451,40615.071
65452,40675.069
65453,39915.07100000001
65454,40535.07000000001
65455,41510.065
65456,38890.061
65457,38910.06300000001
65458,37945.062000000005
65459,37280.05900000001
65460,38510.057
65461,38345.057
65462,38125.061
65463,37370.061
65464,37700.059
65465,36310.060000000005
65466,36785.059
65467,37605.056000000004
65468,38205.059
65469,38365.062
65470,37220.062
65471,37580.063
65472,37610.063
65473,38805.063
65474,38220.063
65475,38805.063
65476,39085.061
65477,38475.063
65478,38410.066
65479,38320.060000000005
65480,37745.059
65481,37670.064000000006
65482,37445.065
65483,37460.068999999996
65484,38370.068
65485,39340.071
65486,39375.07
65487,40170.067
65488,38130.072
65489,37570.073000000004
65490,38600.073
65491,38185.073
65492,38820.068
65493,37990.068
65494,38060.063
65495,37175.060999999994
65496,37125.060999999994
65497,38360.058
65498,40425.060999999994
65499,40870.06
65500,45300.063
65501,44895.067
65502,45090.067
65503,45920.066999999995
65504,49035.067
65505,49580.07
65506,49645.066999999995
65507,47970.07000000001
65508,48340.07400000001
65509,48210.071
65510,48005.075000000004
65511,47815.07500000001
65512,47260.07400000001
65513,46590.077000000005
65514,46270.073000000004
65515,46330.07100000001
65516,46390.069
65517,46615.069
65518,43485.073000000004
65519,42870.075
65520,43715.073000000004
65521,42805.07400000001
65522,42825.076
65523,42265.076
65524,42030.08
65525,41495.077000000005
65526,41750.07500000001
65527,43490.073000000004
65528,45185.076000000015
65529,45885.07400000001
65530,45275.07400000001
65531,45530.072
65532,45690.07400000001
65533,46890.07400000001
65534,47240.077000000005
65535,47893.07300000002
65536,47788.07000000002
65537,41738.070000000014
65538,41958.07100000002
65539,41298.077000000005
65540,41778.07400000001
65541,41133.076000000015
65542,40910.07600000001
65543,39900.078
65544,40285.08000000001
65545,40740.07600000001
65546,40525.07600000001
65547,39885.078
65548,38535.081000000006
65549,37960.08000000001
65550,37990.08
65551,38115.084
65552,37680.089
65553,36175.08700000001
65554,35765.086
65555,35825.084
65556,36185.08500000001
65557,38025.07800000001
65558,39090.075000000004
65559,39660.072
65560,39285.07
65561,40150.069
65562,40325.068
65563,42270.069
65564,42695.066999999995
65565,42830.069
65566,40705.062999999995
65567,40740.066
65568,40995.064
65569,40400.064
65570,41085.06799999999
65571,40305.06799999999
65572,40250.068999999996
65573,39535.066
65574,40410.063
65575,42210.061
65576,42815.057
65577,40715.05699999999
65578,39725.06
65579,39705.058000000005
65580,39370.056
65581,38670.054000000004
65582,39060.054000000004
65583,39945.054000000004
65584,39135.055
65585,38960.056
65586,39215.054000000004
65587,40410.054000000004
65588,40590.057
65589,41750.05400000001
65590,40840.051
65591,42040.05
65592,42330.045
65593,43690.046
65594,44070.048
65595,44880.047
65596,44065.049
65597,44445.052
65598,45005.054
65599,44015.05699999999
65600,45155.058999999994
65601,44620.058999999994
65602,44030.059
65603,43385.05699999999
65604,42995.05699999999
65605,42070.058
65606,42545.058
65607,41175.058999999994
65608,40200.06
65609,39395.060000000005
65610,38775.063
65611,38235.059
65612,39090.062
65613,38821.065
65614,38624.065
65615,38794.065
65616,38704.07000000001
65617,38259.072
65618,39464.071
65619,40636.071
65620,39643.07
65621,40363.073000000004
65622,38998.076
65623,40003.076
65624,40618.076
65625,41373.077000000005
65626,41198.078
65627,41568.077000000005
65628,41337.075
65629,41367.07399999999
65630,42602.072
65631,41567.075000000004
65632,40562.076
65633,39187.079
65634,37667.079000000005
65635,37040.083000000006
65636,38160.083000000006
65637,37220.081000000006
65638,33820.08500000001
65639,32474.08300000001
65640,32769.08000000001
65641,32724.08400000001
65642,33936.081000000006
65643,33938.081000000006
65644,40278.077999999994
65645,42162.076
65646,41542.077999999994
65647,43009.073000000004
65648,43970.077000000005
65649,45087.077999999994
65650,43187.079
65651,42722.084
65652,41895.088
65653,42479.08200000001
65654,42628.084
65655,43598.085999999996
65656,43843.085999999996
65657,43258.085999999996
65658,41093.088
65659,41611.083
65660,43385.081000000006
65661,42605.081000000006
65662,42285.07699999999
65663,41919.075
65664,41129.07699999999
65665,40947.07399999999
65666,44082.075
65667,43322.070999999996
65668,42597.069
65669,41817.07000000001
65670,40987.077000000005
65671,40812.07800000001
65672,42244.077000000005
65673,42429.08200000001
65674,37280.08400000001
65675,36758.083000000006
65676,36912.08700000001
65677,38299.09100000001
65678,38555.09500000001
65679,38559.102000000006
65680,36429.10700000001
65681,36807.11000000001
65682,36471.11000000001
65683,37141.115000000005
65684,37501.117000000006
65685,38336.121
65686,38066.124
65687,37966.125
65688,40406.121
65689,40624.12400000001
65690,41780.136
65691,41060.137
65692,40509.13900000001
65693,39679.138000000006
65694,39258.138999999996
65695,39117.14
65696,39678.14399999999
65697,38229.145
65698,39164.143
65699,37910.15
65700,38025.149000000005
65701,37395.15
65702,38019.15099999999
65703,38050.155999999995
65704,39446.153999999995
65705,38862.161
65706,38678.16299999999
65707,40398.168
65708,41770.169
65709,42319.169
65710,41525.162000000004
65711,41950.166999999994
65712,41567.16999999999
65713,42472.16999999999
65714,42264.16999999999
65715,43226.17299999999
65716,43145.18199999999
65717,43754.184
65718,42915.187000000005
65719,43048.187000000005
65720,45103.185
65721,44558.183999999994
65722,44223.183999999994
65723,42739.183000000005
65724,42034.183999999994
65725,41738.183000000005
65726,42395.186
65727,40145.191
65728,39635.2
65729,38795.195999999996
65730,38396.2
65731,37829.201
65732,38465.195
65733,39260.195
65734,41049.197
65735,40633.204
65736,40880.202999999994
65737,43016.20599999999
65738,44174.208
65739,43769.21499999998
65740,42905.21399999999
65741,43641.215999999986
65742,43295.21799999999
65743,44149.21799999999
65744,43604.21699999999
65745,44076.219
65746,43405.225
65747,42302.22299999999
65748,42039.221999999994
65749,41381.23099999999
65750,43337.226999999984
65751,43416.22399999999
65752,42802.22599999999
65753,40912.23299999999
65754,38018.23399999999
65755,37909.23699999999
65756,38843.23799999999
65757,36883.246999999996
65758,36798.24999999999
65759,36888.25699999999
65760,36286.26099999999
65761,36950.261999999995
65762,37995.25699999999
65763,38341.263999999996
65764,39631.26199999999
65765,39351.261999999995
65766,39221.26699999999
65767,40540.265
65768,47381.257
65769,47935.265999999996
65770,46941.269
65771,47290.273
65772,46581.276
65773,48229.28
65774,47732.282
65775,47815.285
65776,47605.284
65777,48333.287000000004
65778,47850.291000000005
65779,46976.29200000001
65780,47884.297
65781,47308.293
65782,47064.294
65783,45375.29500000001
65784,45238.29600000001
65785,45813.30200000001
65786,46558.308000000005
65787,44727.31500000002
65788,44566.316000000006
65789,44519.322000000015
65790,43510.327000000005
65791,43203.33300000002
65792,38120.339000000014
65793,38285.33700000001
65794,38639.339
65795,38465.343
65796,37481.35300000001
65797,38690.361999999994
65798,38673.36399999999
65799,39058.361000000004
65800,39334.36
65801,40252.361000000004
65802,40323.363999999994
65803,42390.365
65804,42532.37
65805,42625.374
65806,41664.376
65807,41824.382
65808,43593.379
65809,44367.368
65810,44845.37300000001
65811,45004.373999999996
65812,45215.373
65813,43470.372
65814,43345.37100000001
65815,43392.376000000004
65816,45010.37
65817,43584.371
65818,43775.36800000001
65819,44129.372
65820,43496.374
65821,42767.380000000005
65822,42426.386000000006
65823,42223.388000000006
65824,43018.394
65825,42712.395000000004
65826,42438.402
65827,44333.39599999999
65828,44101.401000000005
65829,44407.40400000001
65830,44614.411000000015
65831,45328.40900000002
65832,44533.41600000002
65833,46892.41600000001
65834,46754.41800000001
65835,46670.425
65836,47551.42800000001
65837,48130.42800000001
65838,48618.43900000001
65839,47571.447000000015
65840,47930.452000000005
65841,47722.460999999996
65842,48064.462000000014
65843,46434.46900000001
65844,46199.47
65845,46737.46400000001
65846,47048.46500000001
65847,51433.464000000014
65848,51116.46200000001
65849,50998.47300000002
65850,51228.473000000005
65851,49504.47800000001
65852,49702.48100000001
65853,48206.484000000004
65854,49197.48400000002
65855,50137.48300000001
65856,49769.47900000001
65857,51082.475000000006
65858,51422.471000000005
65859,51719.465000000026
65860,52150.47100000002
65861,53681.47300000001
65862,53898.47900000002
65863,55666.482000000025
65864,55930.476000000024
65865,55559.476000000024
65866,55955.47800000002
65867,54946.48600000002
65868,55578.49000000003
65869,52848.49400000002
65870,46775.50900000001
65871,46508.521000000015
65872,47158.52000000001
65873,46181.51700000001
65874,46441.506000000016
65875,45646.50500000001
65876,46416.502000000015
65877,45053.508000000016
65878,44608.50700000001
65879,43887.509000000005
65880,43698.51200000001
65881,43031.51600000001
65882,42376.515000000014
65883,41832.523000000016
65884,42880.51500000002
65885,44539.51500000002
65886,44408.52100000002
65887,45377.52800000002
65888,45162.536000000015
65889,44914.542000000016
65890,45714.54300000003
65891,46239.548000000024
65892,46231.54400000003
65893,47831.550000000025
65894,48304.537000000026
65895,48633.541000000034
65896,47902.55000000003
65897,47373.56000000003
65898,47655.55500000003
65899,48846.55300000003
65900,48873.55500000002
65901,48255.554000000026
65902,48244.546000000024
65903,46583.553000000014
65904,46437.55600000002
65905,44331.56100000002
65906,44540.55800000003
65907,44076.56100000002
65908,44136.569000000025
65909,43670.57200000002
65910,42889.573000000026
65911,43495.57800000002
65912,43069.58500000002
65913,42325.58800000002
65914,42963.59100000002
65915,44853.59300000001
65916,45586.597000000016
65917,46447.59500000001
65918,46208.60600000001
65919,45884.60800000001
65920,46257.614
65921,45821.62699999999
65922,46122.62699999999
65923,47744.634
65924,46970.638999999996
65925,46734.630999999994
65926,46016.62900000001
65927,45225.629
65928,45004.635
65929,44541.64
65930,44644.634000000005
65931,44514.627000000015
65932,44823.624
65933,43946.621
65934,44136.608
65935,43291.611000000004
65936,42576.617000000006
65937,42184.622
65938,42247.628000000004
65939,42164.626000000004
65940,41279.629
65941,41754.628000000004
65942,41298.636999999995
65943,40496.634
65944,41185.627
65945,42276.617999999995
65946,42798.61699999999
65947,43136.615
65948,43548.618
65949,43312.615000000005
65950,44679.619000000006
65951,44265.640000000014
65952,45100.630000000005
65953,47371.62300000001
65954,46617.634000000005
65955,46319.629000000015
65956,46125.63800000001
65957,45235.63000000001
65958,45823.64000000001
65959,45750.633000000016
65960,46324.61700000001
65961,45989.616000000016
65962,45293.62600000002
65963,43350.63400000001
65964,43432.634
65965,42591.634000000005
65966,41978.630000000005
65967,42238.62100000001
65968,40650.63200000001
65969,40020.638000000006
65970,39107.63500000002
65971,39451.63200000001
65972,38547.630000000005
65973,38500.627000000015
65974,38706.627000000015
65975,38896.62500000001
65976,39340.625
65977,40704.633000000016
65978,40338.634000000005
65979,40552.64000000002
65980,41244.653000000006
65981,40245.64900000001
65982,41362.64500000001
65983,43289.638
65984,42958.64300000001
65985,43416.64100000001
65986,44958.64500000001
65987,44636.62800000001
65988,45027.62900000001
65989,45609.626000000004
65990,45571.617000000006
65991,46065.617
65992,46533.613000000005
65993,45297.614
65994,45367.613000000005
65995,43791.604000000014
65996,43869.60100000001
65997,42066.60300000002
65998,41729.60300000002
65999,41312.60300000001
66000,41005.61000000001
66001,41194.60500000001
66002,40355.60700000001
66003,39932.597
66004,40932.60300000001
66005,41172.598000000005
66006,40280.597
66007,42090.60600000001
66008,41742.602000000006
66009,41347.606
66010,42492.597
66011,40818.600000000006
66012,41487.598000000005
66013,43178.59000000001
66014,42076.59900000002
66015,42305.58900000002
66016,42998.58500000001
66017,41608.57700000001
66018,41894.58000000001
66019,41709.585000000014
66020,40730.59400000001
66021,40571.59400000001
66022,40487.591000000015
66023,39074.58400000001
66024,38914.58000000001
66025,38257.574
66026,37085.578
66027,36190.578
66028,36137.58000000001
66029,36529.583000000006
66030,36037.57200000001
66031,36250.57000000001
66032,36537.57000000001
66033,36204.56500000001
66034,36500.569
66035,36239.573000000004
66036,35881.574000000015
66037,37382.577000000005
66038,36707.581000000006
66039,36053.573
66040,37136.572
66041,35885.57800000001
66042,36094.588
66043,36737.58500000001
66044,35007.59400000001
66045,36012.59300000001
66046,36528.594000000005
66047,35189.59400000001
66048,35117.587999999996
66049,36400.581
66050,35628.583999999995
66051,35496.586
66052,34662.57700000001
66053,34136.56700000001
66054,35144.56500000001
66055,34316.558000000005
66056,33257.55600000002
66057,32735.56100000002
66058,32528.55900000002
66059,32114.555000000022
66060,32009.559000000023
66061,32956.551000000014
66062,32800.53700000001
66063,32382.53800000002
66064,33177.53400000002
66065,33648.53900000001
66066,33809.52900000002
66067,34759.537000000004
66068,34292.543000000005
66069,34221.544000000016
66070,34994.54500000001
66071,33722.54300000002
66072,33224.54700000001
66073,33487.54600000002
66074,32523.55200000002
66075,33367.538000000015
66076,33829.53100000001
66077,32574.530000000024
66078,32341.528000000017
66079,32712.525000000023
66080,32239.51700000002
66081,32134.511000000024
66082,30795.518000000022
66083,30390.519000000022
66084,30637.515000000025
66085,29310.519000000026
66086,29982.514000000025
66087,30215.507000000023
66088,31080.51200000002
66089,30715.509000000024
66090,31042.509000000024
66091,31710.508000000023
66092,32594.512000000024
66093,31215.53000000002
66094,31811.515000000018
66095,31375.51600000002
66096,30553.520000000022
66097,31179.51200000002
66098,29897.50800000002
66099,29172.511000000024
66100,29226.509000000024
66101,28746.50600000002
66102,29270.508000000016
66103,30586.493000000017
66104,29933.48800000002
66105,31086.480000000014
66106,31825.477000000017
66107,30941.479000000014
66108,30648.482000000018
66109,30507.476000000013
66110,30826.47000000002
66111,30283.46700000002
66112,28534.469000000016
66113,27050.476000000013
66114,27733.475000000017
66115,27223.477000000017
66116,27411.475000000017
66117,27516.47100000002
66118,28183.477000000014
66119,28252.478000000014
66120,28254.47500000001
66121,29605.483000000015
66122,30220.482000000015
66123,30327.48600000001
66124,30930.473000000013
66125,30672.48100000001
66126,30036.474000000013
66127,30054.47600000001
66128,29097.473000000013
66129,28196.47400000001
66130,27813.472000000012
66131,26864.464000000014
66132,26810.465000000015
66133,27061.46700000001
66134,27152.46400000001
66135,27708.452000000012
66136,28541.454000000012
66137,27451.45900000001
66138,27151.451000000005
66139,26326.44500000001
66140,26253.44200000001
66141,24967.433000000008
66142,24092.437000000005
66143,24273.43700000001
66144,23446.43200000001
66145,21636.43000000001
66146,22807.42900000001
66147,24284.421000000006
66148,24757.42500000001
66149,24894.421000000006
66150,24218.420000000002
66151,25313.423000000006
66152,26153.428000000004
66153,26019.42200000001
66154,27814.413000000004
66155,27987.412000000008
66156,27291.410000000007
66157,26466.410000000007
66158,26006.412000000008
66159,25635.416000000005
66160,26972.417000000005
66161,26919.42000000001
66162,26175.410000000007
66163,25404.415000000005
66164,24186.41600000001
66165,24437.414000000004
66166,23739.407000000007
66167,22844.408000000007
66168,21832.404000000006
66169,21446.394000000008
66170,21244.39200000001
66171,20561.388000000006
66172,19055.394000000008
66173,19848.398000000005
66174,19463.398000000005
66175,18673.399
66176,20441.392000000007
66177,20656.391000000003
66178,21370.394000000008
66179,20529.402000000002
66180,19686.402
66181,20718.403
66182,21065.399999999998
66183,20894.405
66184,22460.402
66185,22627.411
66186,21278.414999999997
66187,20481.415000000005
66188,19840.413000000004
66189,20665.412000000004
66190,20491.420000000002
66191,19860.421000000002
66192,20185.424
66193,19754.419
66194,19500.415
66195,19204.415
66196,18644.416
66197,18791.407000000003
66198,17896.403000000002
66199,17192.406000000006
66200,18575.399
66201,18168.394000000004
66202,18543.388
66203,18799.39
66204,18496.392000000003
66205,18028.388000000003
66206,19461.381
66207,20158.38
66208,20415.37
66209,20677.355
66210,20332.339999999997
66211,19303.342999999997
66212,17884.346
66213,18123.356000000003
66214,18110.354000000003
66215,18348.362
66216,16665.365
66217,15101.375000000002
66218,14909.376000000004
66219,12946.383000000005
66220,11672.388000000006
66221,12351.390000000007
66222,12556.402000000007
66223,11084.410000000007
66224,11439.406000000006
66225,11949.409000000007
66226,12292.409000000009
66227,12968.41300000001
66228,12950.427000000009
66229,14538.436000000012
66230,15615.439000000013
66231,14831.448000000015
66232,14124.457000000017
66233,13460.47200000002
66234,11681.489000000021
66235,9952.502000000019
66236,8544.517000000014
66237,6863.543000000013
66238,4413.571000000014
66239,1305.6079999999968
66240,2670.4330000000155
66241,4765.424000000017
66242,6070.41800000002
66243,7300.418000000018
66244,10018.409000000023
66245,11085.400000000023
66246,12135.395000000019
66247,13640.39000000002
66248,14559.384000000016
66249,14894.379000000015
66250,18285.37500000002
66251,17315.374000000014
66252,18360.365000000013
66253,17648.364000000012
66254,15354.364000000009
66255,15104.361000000006
66256,14184.359000000006
66257,13112.358000000006
66258,12482.355000000005
66259,12703.361000000004
66260,9068.362000000005
66261,10459.361000000004
66262,10249.352000000003
66263,10402.355000000001
66264,11370.351000000002
66265,12187.341
66266,13482.331
66267,14507.325999999997
66268,15360.323999999999
66269,15575.327999999998
66270,17615.325999999997
66271,17763.335
66272,18193.338
66273,19115.338
66274,21027.34
66275,20927.343
66276,20062.341
66277,20847.341
66278,21872.337
66279,21660.325999999997
66280,21886.32
66281,20621.321
66282,21001.323
66283,21244.318
66284,19684.315
66285,19936.319
66286,19761.318
66287,18201.311
66288,16704.306000000004
66289,17251.303000000004
66290,15131.298000000003
66291,16088.292000000001
66292,14853.304000000004
66293,14123.302000000001
66294,13111.292000000001
66295,12546.290000000003
66296,12336.287000000002
66297,13536.278000000002
66298,14286.278000000002
66299,14713.281000000003
66300,16385.281000000003
66301,16793.277000000006
66302,16846.279000000006
66303,16039.276000000003
66304,16779.268000000004
66305,16024.266000000007
66306,16389.259000000005
66307,16319.259000000004
66308,16139.257000000003
66309,16379.252000000004
66310,16539.251000000004
66311,16581.245000000003
66312,17166.240000000005
66313,17929.232000000004
66314,17909.228000000003
66315,18481.224000000002
66316,17876.221000000005
66317,16796.216000000008
66318,16171.215000000006
66319,15951.208000000006
66320,15384.203000000005
66321,16176.194000000005
66322,15981.198000000006
66323,15831.198000000006
66324,15836.197000000006
66325,16231.196000000005
66326,15866.192000000005
66327,20599.194000000003
66328,21409.191000000003
66329,21989.192000000003
66330,22944.194000000003
66331,22734.196000000004
66332,23104.200000000004
66333,23329.196000000007
66334,23093.199000000004
66335,22314.202000000005
66336,22532.202000000005
66337,23937.196000000004
66338,23352.197000000004
66339,22532.203
66340,22137.206000000006
66341,22504.210000000003
66342,23089.209000000006
66343,23884.206000000006
66344,23124.207000000006
66345,22939.205000000005
66346,23671.206000000006
66347,22524.203
66348,22692.206000000002
66349,23677.205000000005
66350,23464.207000000002
66351,23674.204000000005
66352,23439.209000000006
66353,22849.209000000003
66354,23426.209000000006
66355,23819.210000000006
66356,22444.214000000007
66357,22844.211000000003
66358,24036.208000000006
66359,23474.208000000006
66360,23654.211000000007
66361,23684.209000000006
66362,24441.213000000007
66363,24631.210000000006
66364,24462.208000000006
66365,24652.207000000006
66366,25432.207000000006
66367,25637.205000000005
66368,23847.210000000003
66369,23404.215000000004
66370,24389.213000000007
66371,25577.211000000007
66372,25802.207000000006
66373,25407.206000000006
66374,24814.205000000005
66375,23649.204000000005
66376,23464.205
66377,22644.209000000003
66378,22634.210000000003
66379,17144.211000000003
66380,16159.214000000005
66381,15364.217000000006
66382,14764.219000000005
66383,15174.217000000006
66384,15166.220000000005
66385,16556.218000000004
66386,15594.217000000004
66387,15374.221000000005
66388,16717.223000000005
66389,17892.22200000001
66390,18307.21900000001
66391,19302.215000000007
66392,20092.215000000007
66393,20687.213000000007
66394,20854.216000000008
66395,19299.215000000007
66396,18742.211000000007
66397,19332.210000000006
66398,18762.207000000006
66399,18392.206000000006
66400,19407.204000000005
66401,25902.199000000004
66402,26507.197000000004
66403,24952.196000000004
66404,23992.196000000004
66405,22987.2
66406,23967.199000000004
66407,23397.198000000004
66408,22799.201
66409,23214.196
66410,22994.199
66411,22824.2
66412,22614.201
66413,24359.202000000005
66414,24354.201000000005
66415,25534.201000000005
66416,25344.200000000004
66417,26332.196000000004
66418,27327.194000000003
66419,28882.191000000003
66420,28677.193000000003
66421,28857.194000000003
66422,29842.193000000003
66423,23349.198000000004
66424,23357.198000000008
66425,21947.202000000005
66426,20417.199000000004
66427,21007.198000000004
66428,20137.204000000005
66429,19747.203000000005
66430,19934.203000000005
66431,20132.201000000005
66432,20312.201000000005
66433,19722.202000000005
66434,18509.208000000006
66435,18149.205
66436,18339.206000000006
66437,17136.207000000006
66438,17526.208000000002
66439,17939.205000000005
66440,18516.203000000005
66441,19255.20600000001
66442,18883.20200000001
66443,20628.196000000007
66444,20798.196000000007
66445,21619.193000000007
66446,20639.193000000007
66447,20646.192000000006
66448,21421.191000000006
66449,23354.193000000007
66450,23734.194000000007
66451,24514.192000000006
66452,25651.194000000007
66453,25664.191000000006
66454,25469.189000000006
66455,24119.188000000006
66456,23747.183000000005
66457,24317.184000000005
66458,22734.186000000005
66459,21536.185000000005
66460,21349.184000000005
66461,20906.190000000006
66462,21698.187000000005
66463,21108.18700000001
66464,19551.188000000006
66465,19761.18700000001
66466,20118.18900000001
66467,18933.191000000006
66468,18738.188000000006
66469,18948.187000000005
66470,19118.191000000006
66471,20896.18700000001
66472,20481.18900000001
66473,21058.18800000001
66474,21628.189000000006
66475,22218.188000000006
66476,20863.186000000005
66477,20471.186000000005
66478,22481.182000000004
66479,24821.188000000006
66480,25418.188000000006
66481,24871.185000000005
66482,25887.182000000004
66483,26142.180000000008
66484,26732.180000000008
66485,24572.18700000001
66486,23372.18800000001
66487,23941.189000000006
66488,21254.193000000007
66489,20659.192000000006
66490,21054.192000000006
66491,21848.192000000006
66492,20266.195000000007
66493,20071.197000000007
66494,18326.198000000004
66495,18915.203000000005
66496,20906.201000000005
66497,19778.201000000005
66498,19635.197000000007
66499,20015.203000000005
66500,21192.203000000005
66501,21758.208000000006
66502,22300.215000000007
66503,22376.214000000007
66504,22406.215000000007
66505,22289.208000000006
66506,20149.207000000006
66507,21793.20100000001
66508,24003.199000000004
66509,25365.199000000004
66510,24976.199000000008
66511,25185.199000000008
66512,24967.205000000005
66513,25407.200000000008
66514,25482.197000000007
66515,24100.196000000007
66516,23150.196000000007
66517,23958.195000000003
66518,23018.195000000003
66519,22438.200000000008
66520,23808.199000000008
66521,25158.200000000008
66522,24476.197000000007
66523,24508.200000000004
66524,24285.198000000004
66525,24323.196000000004
66526,25483.196000000004
66527,24965.195000000003
66528,24415.195000000003
66529,24585.198000000004
66530,31289.200000000004
66531,32117.196000000004
66532,32054.206000000006
66533,31908.203000000005
66534,31522.205000000005
66535,30184.206000000006
66536,28662.204000000005
66537,29937.196000000007
66538,30688.197000000007
66539,31680.194000000007
66540,32073.192000000006
66541,31861.192000000006
66542,31701.191000000006
66543,32150.188000000006
66544,32144.191000000006
66545,31196.188000000006
66546,31032.192000000006
66547,31423.190000000006
66548,30919.186000000005
66549,30492.187000000005
66550,31684.190000000006
66551,32845.19
66552,31886.190000000006
66553,31713.188000000006
66554,31977.189000000006
66555,31970.192000000003
66556,32484.192000000003
66557,32170.193000000003
66558,31616.189000000002
66559,32303.182999999997
66560,33732.182
66561,33713.182
66562,34503.179000000004
66563,35045.182
66564,34440.186
66565,28084.189
66566,26129.189
66567,26729.189
66568,27520.191
66569,27760.188
66570,27822.185999999998
66571,27561.185999999998
66572,27753.184999999998
66573,28205.183999999997
66574,27845.185
66575,27047.184999999998
66576,27263.187
66577,27811.190000000002
66578,26830.191000000003
66579,27132.186
66580,27857.188
66581,28607.191
66582,27286.192
66583,26737.191
66584,26728.193000000003
66585,26663.196000000004
66586,27127.195000000003
66587,26294.196000000004
66588,25718.198000000004
66589,26999.194000000003
66590,27728.184000000005
66591,27492.188000000006
66592,28274.188000000002
66593,28909.187
66594,27772.188000000002
66595,27590.185000000005
66596,26357.188000000002
66597,26978.190000000002
66598,28072.187000000005
66599,28158.185000000005
66600,29180.179000000004
66601,28592.180000000004
66602,29236.176000000003
66603,30515.177000000003
66604,30743.176000000003
66605,30036.172000000002
66606,29807.176000000003
66607,30201.174000000003
66608,28723.177000000003
66609,29620.175000000003
66610,30214.180000000004
66611,30837.183000000005
66612,29727.188000000002
66613,29038.191000000006
66614,28547.198000000004
66615,27629.201000000005
66616,28020.200000000004
66617,26987.201000000005
66618,27161.205000000005
66619,27114.209000000003
66620,27247.216000000004
66621,27520.218000000004
66622,28219.222
66623,27969.230000000003
66624,26739.234000000004
66625,26317.242000000002
66626,25363.241000000005
66627,26009.238000000005
66628,27150.245000000003
66629,27713.249000000003
66630,28487.251000000004
66631,28849.253000000004
66632,29653.249000000003
66633,30763.255000000005
66634,30884.255000000005
66635,30387.249000000003
66636,31515.249000000003
66637,31994.244000000002
66638,29133.246000000006
66639,29684.251000000004
66640,30840.253000000004
66641,32007.255000000005
66642,31294.255000000005
66643,31081.261000000002
66644,30275.263000000003
66645,28911.268000000004
66646,28493.274000000005
66647,27665.278000000002
66648,27943.271000000004
66649,28197.271000000004
66650,28590.272000000004
66651,28503.265000000003
66652,29476.266000000003
66653,29266.265000000003
66654,29659.262000000002
66655,29508.258
66656,28917.253000000004
66657,28848.265000000003
66658,29336.262000000002
66659,29569.263000000003
66660,30664.265000000003
66661,30717.261000000002
66662,30546.256000000005
66663,31043.266000000003
66664,30010.275000000005
66665,29997.272000000004
66666,30164.273000000005
66667,30386.273000000005
66668,29206.268000000004
66669,28396.259000000005
66670,29787.261000000006
66671,30817.258000000005
66672,31233.254000000004
66673,31243.243000000002
66674,30723.24
66675,29503.237000000005
66676,29479.234000000004
66677,28164.224000000002
66678,28680.229000000003
66679,29792.222
66680,30317.213000000003
66681,30846.218000000004
66682,32371.214000000004
66683,31747.214000000004
66684,31699.218000000004
66685,31850.210000000003
66686,36448.21400000001
66687,36874.208
66688,38062.200000000004
66689,38201.19900000001
66690,38143.205
66691,36365.209
66692,36115.205
66693,37165.203
66694,36873.196
66695,35799.19900000001
66696,35946.19500000001
66697,35902.185000000005
66698,34213.178
66699,34194.178
66700,35121.18000000001
66701,35273.18100000001
66702,29275.183000000005
66703,30269.175000000003
66704,29170.177000000007
66705,29175.167000000005
66706,29969.159000000007
66707,28941.144000000004
66708,29090.141000000003
66709,30610.136000000002
66710,30870.127000000004
66711,30893.121000000003
66712,31968.126000000004
66713,31247.122000000003
66714,31676.121000000006
66715,32558.124000000003
66716,32680.126000000004
66717,33455.126000000004
66718,35176.115000000005
66719,34718.12
66720,34150.114
66721,32775.118
66722,32989.113000000005
66723,32736.117000000002
66724,33035.109000000004
66725,32301.108
66726,32231.109000000004
66727,32812.104999999996
66728,31613.107000000004
66729,30902.106000000003
66730,31624.099000000006
66731,31264.097000000005
66732,31334.091000000004
66733,32307.089000000004
66734,32788.083
66735,32706.088000000003
66736,32517.090000000004
66737,31088.092000000004
66738,30300.093000000004
66739,30887.094000000005
66740,31026.096000000005
66741,31362.100000000006
66742,32022.094000000005
66743,31441.094000000005
66744,31042.096000000005
66745,31078.095000000005
66746,30651.094000000005
66747,31581.097000000005
66748,32528.099000000006
66749,32772.097
66750,32498.098000000005
66751,32901.093
66752,32326.093000000004
66753,31482.096000000005
66754,31115.093000000004
66755,31271.090000000007
66756,31272.093000000004
66757,32066.093000000008
66758,31109.091000000008
66759,30364.086000000007
66760,30162.087000000007
66761,30793.084000000006
66762,29448.086000000007
66763,30483.08300000001
66764,30348.07900000001
66765,30720.07700000001
66766,30714.075000000008
66767,29863.07600000001
66768,29601.075000000004
66769,30386.072000000004
66770,30051.071000000004
66771,29442.073000000008
66772,30592.070000000007
66773,30037.066000000006
66774,31422.06100000001
66775,31642.05900000001
66776,31621.05900000001
66777,32211.057000000008
66778,33411.058000000005
66779,33991.05900000001
66780,33535.064000000006
66781,33565.064000000006
66782,33785.061
66783,34405.059
66784,34580.058000000005
66785,33965.059
66786,33955.061
66787,34130.060000000005
66788,33325.060000000005
66789,31530.063000000006
66790,31670.064000000006
66791,32460.063000000006
66792,31545.062000000005
66793,32140.060000000005
66794,32198.059000000005
66795,32263.058000000005
66796,31313.058000000005
66797,30703.058000000005
66798,29908.061000000005
66799,30788.056000000004
66800,30588.057000000004
66801,30443.053000000004
66802,31023.054000000004
66803,31453.052000000003
66804,30753.053000000004
66805,31558.054000000004
66806,31758.053000000004
66807,32873.054000000004
66808,34493.052
66809,35073.053
66810,34983.056000000004
66811,35583.058
66812,35833.057
66813,36188.059
66814,36183.06
66815,34978.063
66816,35368.064
66817,34988.067
66818,33823.066000000006
66819,32063.067000000006
66820,32293.066000000006
66821,32528.064000000006
66822,31998.063000000006
66823,31968.065000000006
66824,32193.06400000001
66825,32708.066000000006
66826,32163.063000000006
66827,30515.058000000005
66828,29740.059000000005
66829,30290.061000000005
66830,29585.061000000005
66831,28875.057000000004
66832,29630.058000000008
66833,28905.057000000008
66834,28670.060000000005
66835,30270.057000000008
66836,30425.060000000005
66837,32785.061
66838,33950.062000000005
66839,34880.063
66840,35665.062000000005
66841,36420.062
66842,36445.062
66843,37020.058999999994
66844,36350.05999999999
66845,36000.05699999999
66846,36170.05699999999
66847,36200.05699999999
66848,34870.055
66849,33560.054
66850,33750.056000000004
66851,33915.05699999999
66852,32765.059000000005
66853,32800.05700000001
66854,32900.061
66855,32740.061000000005
66856,32235.06000000001
66857,29950.05900000001
66858,30485.06000000001
66859,30585.055000000008
66860,29990.057000000008
66861,29145.06100000001
66862,29760.06000000001
66863,29960.05900000001
66864,29690.055000000008
66865,30860.055000000008
66866,30855.056000000008
66867,33205.05500000001
66868,34185.055
66869,34185.05700000001
66870,33850.056000000004
66871,35150.05
66872,35500.054000000004
66873,35675.053
66874,35950.053
66875,34870.059
66876,35175.061
66877,34920.062999999995
66878,33720.065
66879,32760.067000000006
66880,32930.067
66881,32990.065
66882,31955.06700000001
66883,31780.06800000001
66884,32005.067000000006
66885,30755.06400000001
66886,30205.06200000001
66887,28680.061000000005
66888,28905.06000000001
66889,29290.06200000001
66890,30105.06100000001
66891,28975.06400000001
66892,28965.06600000001
66893,27840.06800000001
66894,27675.06700000001
66895,29060.06400000001
66896,29615.06500000001
66897,31210.06800000001
66898,32560.06600000001
66899,32550.06000000001
66900,33010.056000000004
66901,34185.055
66902,34215.054
66903,34830.053
66904,34900.049
66905,35360.045
66906,35860.047
66907,35250.047
66908,34425.047
66909,34095.046
66910,33935.045000000006
66911,33645.049000000006
66912,33000.052
66913,32760.057000000008
66914,33205.05700000001
66915,32820.05700000001
66916,31640.05900000001
66917,30610.06000000001
66918,30840.058000000008
66919,31073.055000000008
66920,31473.054000000007
66921,30133.056000000008
66922,31088.055000000008
66923,29683.058000000008
66924,29118.05900000001
66925,30123.058000000008
66926,30313.05900000001
66927,32183.056000000008
66928,33458.05900000001
66929,32768.06500000001
66930,33568.067
66931,35088.061
66932,36018.06
66933,36108.058
66934,36273.06
66935,36063.058
66936,36253.060000000005
66937,35333.060000000005
66938,34108.062000000005
66939,33528.06300000001
66940,32968.06300000001
66941,32733.06600000001
66942,32383.06400000001
66943,33128.066000000006
66944,33748.066000000006
66945,32958.06800000001
66946,32623.06700000001
66947,32498.06400000001
66948,32308.06300000001
66949,32305.06500000001
66950,31795.06500000001
66951,31430.06200000001
66952,32205.06300000001
66953,31685.06000000001
66954,31530.058000000008
66955,32675.057000000008
66956,32845.058000000005
66957,34835.05500000001
66958,36365.056000000004
66959,36275.059
66960,37120.057
66961,38090.058000000005
66962,37690.061
66963,36735.063
66964,36925.064000000006
66965,36295.06800000001
66966,36530.065
66967,35675.07100000001
66968,34010.07400000001
66969,34770.073000000004
66970,34810.07000000001
66971,34585.07100000001
66972,33550.07400000001
66973,33905.07600000001
66974,34245.07800000001
66975,34255.07600000001
66976,33710.07300000001
66977,32550.07500000001
66978,32780.07400000001
66979,33130.06800000001
66980,32915.06800000001
66981,32510.06500000001
66982,32765.06300000001
66983,32370.06400000001
66984,32435.06100000001
66985,33235.058000000005
66986,33930.05500000001
66987,34840.058000000005
66988,35715.063
66989,34960.064000000006
66990,35605.061
66991,36755.061
66992,37740.06
66993,37505.062
66994,37485.062
66995,37715.06
66996,37540.061
66997,37140.063
66998,35975.062
66999,36395.060999999994
67000,35470.061
67001,35145.066000000006
67002,34260.06300000001
67003,34110.06800000001
67004,34115.07100000001
67005,33895.07100000001
67006,31995.07000000001
67007,31185.07100000001
67008,31970.07000000001
67009,32415.06900000001
67010,31945.06600000001
67011,30940.06700000001
67012,31265.06800000001
67013,31430.06900000001
67014,31435.06800000001
67015,31430.06900000001
67016,32800.06800000001
67017,33155.07000000001
67018,34275.07000000001
67019,33955.066000000006
67020,35095.067
67021,34950.068
67022,34735.066999999995
67023,35335.064
67024,35445.066
67025,35385.06799999999
67026,35785.06599999999
67027,35920.068
67028,34780.066
67029,34570.069
67030,34000.071
67031,34630.066999999995
67032,34630.066999999995
67033,33670.069
67034,34570.07
67035,35155.070999999996
67036,33370.07200000001
67037,32445.07200000001
67038,32610.07400000001
67039,32945.075000000004
67040,32395.075000000008
67041,31610.07700000001
67042,32269.076000000012
67043,31819.07800000001
67044,31004.08000000001
67045,30934.076000000005
67046,32005.07900000001
67047,32365.08100000001
67048,33350.08
67049,32905.08200000001
67050,34079.079
67051,34634.079999999994
67052,34828.074
67053,35728.07899999999
67054,35338.079999999994
67055,34523.082
67056,34648.086
67057,34818.086
67058,33903.085
67059,33965.085
67060,34490.087
67061,34990.085
67062,34385.084
67063,33645.081
67064,35015.079999999994
67065,35380.08099999999
67066,34805.07899999999
67067,33480.08200000001
67068,32901.08500000001
67069,33116.081000000006
67070,32591.07900000001
67071,31776.08300000001
67072,32376.08400000001
67073,32496.08000000001
67074,31221.08700000001
67075,31491.08300000001
67076,31921.08100000001
67077,32151.07900000001
67078,33720.08
67079,33716.08
67080,34087.085
67081,34107.08700000001
67082,34267.089
67083,34657.09100000001
67084,33851.093
67085,34021.093
67086,34446.091
67087,35096.087999999996
67088,34172.087
67089,34352.090000000004
67090,34617.086
67091,35627.085
67092,35426.084
67093,34597.087
67094,35553.089
67095,34575.091
67096,34220.089
67097,33610.091
67098,32990.094000000005
67099,32585.09800000001
67100,32430.09700000001
67101,31615.10000000001
67102,32335.10200000001
67103,32344.10500000001
67104,32579.10400000001
67105,32542.10500000001
67106,32225.09900000001
67107,32564.10100000001
67108,35019.093
67109,34074.094000000005
67110,34251.094000000005
67111,34769.098000000005
67112,34813.096999999994
67113,35438.094
67114,34853.095
67115,34654.099
67116,35464.099
67117,35807.096000000005
67118,34609.101
67119,34750.10800000001
67120,35365.107
67121,36150.107
67122,35570.107
67123,35131.106
67124,35553.103
67125,35158.104
67126,34731.11
67127,33712.114
67128,32980.111000000004
67129,33763.115
67130,33537.117
67131,33377.117000000006
67132,34561.121
67133,34128.12800000001
67134,33935.130000000005
67135,33789.129
67136,33425.13000000001
67137,33794.138000000006
67138,36030.14
67139,35138.137
67140,35547.139
67141,35347.144
67142,35946.144
67143,36429.144
67144,36140.152
67145,35568.157999999996
67146,36185.157999999996
67147,35755.166
67148,34870.168
67149,35318.172
67150,35940.173
67151,35941.175
67152,34825.168
67153,34978.173
67154,34794.177
67155,34401.17600000001
67156,34351.174000000006
67157,33633.17300000001
67158,32676.174000000006
67159,33552.175
67160,32826.179000000004
67161,33061.183000000005
67162,33625.191000000006
67163,33594.19600000001
67164,33252.19900000001
67165,34272.19700000001
67166,33952.19700000001
67167,35162.198
67168,36593.203
67169,35846.202
67170,37221.202
67171,37591.2
67172,37870.204
67173,37246.206
67174,37415.211
67175,42663.21000000001
67176,43348.21000000001
67177,42613.212
67178,42619.212
67179,42322.211
67180,41751.212
67181,41697.215
67182,41190.21599999999
67183,42237.219
67184,42751.221
67185,42399.219999999994
67186,42475.226
67187,41965.226
67188,41001.231999999996
67189,41655.234000000004
67190,41486.236
67191,41247.238
67192,41474.24
67193,41813.242
67194,40819.246999999996
67195,40650.255
67196,40558.256
67197,42015.257999999994
67198,43935.26199999999
67199,43025.26599999999
67200,44428.263999999996
67201,44196.268
67202,44058.268999999986
67203,42989.26999999999
67204,43327.274999999994
67205,43444.27399999999
67206,43424.276
67207,43089.27399999999
67208,42678.276
67209,42652.276
67210,41866.272
67211,42770.26699999999
67212,42270.269
67213,42712.26800000001
67214,43432.27500000001
67215,38306.283
67216,39702.279
67217,38743.281
67218,37522.28500000001
67219,44416.29100000001
67220,44028.29400000001
67221,43809.29600000002
67222,43658.30100000001
67223,43177.307000000015
67224,42971.30800000001
67225,42856.31000000001
67226,42351.32400000001
67227,43147.33200000001
67228,44678.33700000001
67229,44332.33800000001
67230,45011.340000000004
67231,44933.33800000001
67232,44922.34300000001
67233,44739.338
67234,39062.33500000001
67235,38576.333
67236,38580.334
67237,38638.328
67238,38416.331000000006
67239,38364.329000000005
67240,37261.326
67241,36978.33
67242,36895.335
67243,37331.337
67244,38217.337
67245,38082.345
67246,39387.345
67247,38910.342000000004
67248,37660.346000000005
67249,38007.34500000001
67250,38891.342000000004
67251,39477.346000000005
67252,39899.34700000001
67253,40462.34100000001
67254,39006.34500000001
67255,39084.35300000001
67256,39040.35100000001
67257,39750.352000000006
67258,42109.35600000001
67259,42243.34800000001
67260,43352.35700000002
67261,43285.35800000001
67262,43158.37000000001
67263,42116.37400000002
67264,42095.38500000001
67265,41339.38800000001
67266,40732.39700000002
67267,41202.40300000002
67268,40690.409000000014
67269,41417.41400000001
67270,40146.41700000001
67271,40024.417000000016
67272,40336.40900000001
67273,41129.41700000001
67274,42027.41700000001
67275,42180.426000000014
67276,42703.43100000001
67277,41518.43100000001
67278,39337.43700000001
67279,39408.434000000016
67280,40148.43400000001
67281,40837.43700000001
67282,41212.44000000002
67283,40803.45000000001
67284,40105.45100000001
67285,39982.45100000001
67286,40497.44400000001
67287,41689.44800000002
67288,43835.44800000002
67289,44228.45100000001
67290,44758.45700000001
67291,45083.459
67292,45127.455
67293,44992.459
67294,44500.465000000004
67295,44434.46000000001
67296,43852.45900000002
67297,44483.466000000015
67298,43855.47200000001
67299,44628.47500000002
67300,42819.48600000002
67301,42084.489000000016
67302,41430.494000000006
67303,41297.502
67304,41756.509
67305,42773.511
67306,42877.513999999996
67307,41203.518
67308,38995.528999999995
67309,38689.536
67310,39211.546
67311,39582.556
67312,40163.556000000004
67313,40213.553
67314,39495.556
67315,39678.556
67316,40003.564000000006
67317,40864.574000000015
67318,43674.56400000001
67319,44141.56100000001
67320,44836.57100000001
67321,44648.57100000001
67322,44461.571
67323,44520.570000000014
67324,44677.564000000006
67325,44605.557
67326,44824.554000000004
67327,45688.551000000014
67328,46021.55200000001
67329,46045.55800000001
67330,44630.557000000015
67331,43860.55400000001
67332,43291.561000000016
67333,42493.570000000014
67334,43444.56500000001
67335,43064.56700000002
67336,43647.55800000003
67337,41893.56200000002
67338,41110.56800000003
67339,41482.57200000002
67340,41344.58500000002
67341,41847.58300000003
67342,42639.59500000002
67343,42910.59400000003
67344,42162.58800000003
67345,42177.59100000003
67346,42100.60000000003
67347,43132.60100000002
67348,43663.60000000002
67349,43326.611000000026
67350,44083.60700000002
67351,44475.60400000003
67352,44941.60000000003
67353,44885.60000000002
67354,44277.606000000014
67355,43746.61600000001
67356,43740.61900000001
67357,44869.62400000001
67358,44350.62200000002
67359,43929.62800000001
67360,43635.62800000001
67361,43634.62000000002
67362,42453.629000000015
67363,42054.63200000001
67364,43108.63200000001
67365,43805.625000000015
67366,43591.62300000002
67367,42328.63900000002
67368,42212.63800000002
67369,42348.640000000014
67370,42273.65000000001
67371,41671.64600000001
67372,41451.657000000014
67373,42208.658
67374,40691.66600000001
67375,40680.665
67376,40578.665
67377,39833.666
67378,40395.67
67379,40138.66700000001
67380,40842.66600000001
67381,41547.65700000002
67382,41374.66500000001
67383,41491.65800000001
67384,40852.64700000002
67385,39689.65100000001
67386,40335.646000000015
67387,40747.651000000005
67388,40694.639
67389,41147.625000000015
67390,41657.626000000004
67391,42188.62400000001
67392,41780.628000000004
67393,41948.623000000014
67394,43263.625000000015
67395,44243.61700000001
67396,43885.616000000016
67397,42723.62100000001
67398,42481.616000000016
67399,43063.610000000015
67400,43051.607
67401,42805.61800000001
67402,42792.62
67403,42898.62400000002
67404,41841.62500000001
67405,42151.62600000001
67406,41748.619000000006
67407,41745.62100000001
67408,42738.62499999999
67409,42823.62000000001
67410,43397.61500000001
67411,43036.610000000015
67412,43042.60900000002
67413,43464.60900000002
67414,43412.60800000001
67415,42406.60700000002
67416,41958.614000000016
67417,42385.61300000002
67418,42032.60800000002
67419,41523.61300000003
67420,40684.608000000015
67421,40810.602000000006
67422,40636.59900000001
67423,40642.59700000001
67424,41497.60300000001
67425,41466.609000000004
67426,42031.60400000001
67427,40679.60600000001
67428,40657.59700000001
67429,40307.610000000015
67430,40423.61400000002
67431,40549.61300000001
67432,40978.62300000001
67433,41100.63000000001
67434,39990.61800000002
67435,40748.615000000005
67436,41264.607
67437,41614.604
67438,42316.6
67439,42853.59500000001
67440,43310.600000000006
67441,42790.59700000001
67442,41752.60700000001
67443,41774.613000000005
67444,42250.60600000001
67445,41398.60300000001
67446,40943.605
67447,40692.61
67448,40438.602999999996
67449,40361.6
67450,39251.597
67451,38331.607
67452,37028.61
67453,36496.60600000001
67454,37230.603
67455,37287.60800000001
67456,37215.602000000006
67457,36513.595
67458,35734.594000000005
67459,35179.591
67460,34850.6
67461,35896.59500000001
67462,36934.59600000001
67463,37650.592000000004
67464,36207.58300000001
67465,37025.576000000015
67466,36852.57500000001
67467,37349.57100000001
67468,38052.568000000014
67469,38462.56000000001
67470,39661.558000000005
67471,39098.56400000001
67472,38943.558000000005
67473,38131.555
67474,37562.56
67475,36715.548
67476,36903.55800000001
67477,37206.56400000001
67478,37798.557000000015
67479,38400.56200000001
67480,37793.55900000001
67481,36631.55300000001
67482,35336.55200000001
67483,35261.549000000006
67484,35542.55300000001
67485,35593.55000000001
67486,35732.54900000001
67487,35039.549000000006
67488,33030.55700000002
67489,32181.56500000002
67490,32408.554000000015
67491,32678.55800000002
67492,33220.55600000002
67493,33702.54800000002
67494,31999.55600000002
67495,33177.55200000002
67496,33792.54600000002
67497,33650.54700000001
67498,34543.55400000001
67499,35132.543
67500,35902.549999999996
67501,36495.543999999994
67502,36597.530999999995
67503,35593.538
67504,36139.538
67505,35387.524
67506,34265.526000000005
67507,33832.53800000001
67508,33738.54300000001
67509,33334.54600000002
67510,32083.54800000002
67511,31089.55400000002
67512,30766.54600000002
67513,31085.54900000002
67514,31722.54400000002
67515,31179.55000000002
67516,31490.55200000002
67517,31502.54800000002
67518,30682.53900000002
67519,31352.526000000016
67520,30427.522000000015
67521,29903.522000000015
67522,29651.524000000016
67523,30065.527000000013
67524,29219.527000000013
67525,30641.521000000015
67526,30760.527000000013
67527,30422.526000000016
67528,31691.515000000014
67529,31240.514000000014
67530,32118.519000000015
67531,33029.51600000001
67532,33231.51600000001
67533,32534.515000000014
67534,31202.525000000016
67535,30939.520000000015
67536,30163.515000000014
67537,29503.51500000001
67538,28975.51900000001
67539,29381.509000000013
67540,28644.51200000001
67541,27736.51800000001
67542,27979.51400000001
67543,28878.50400000001
67544,29466.510000000013
67545,29071.506000000012
67546,28533.506000000016
67547,29296.510000000013
67548,29340.505000000016
67549,29385.50000000001
67550,29259.492000000013
67551,29122.50600000001
67552,28553.51000000001
67553,28665.51900000001
67554,28564.512000000006
67555,29519.50700000001
67556,30139.49200000001
67557,29166.49200000001
67558,29474.48700000001
67559,28970.490000000005
67560,29364.492000000006
67561,29701.48800000001
67562,29566.482000000007
67563,29157.480000000007
67564,28579.478000000006
67565,28008.475000000006
67566,27230.47200000001
67567,27648.466000000008
67568,26746.468000000008
67569,26112.47500000001
67570,25800.47400000001
67571,25008.46900000001
67572,25162.46900000001
67573,24658.47300000001
67574,25253.46800000001
67575,25113.46300000001
67576,25911.46100000001
67577,25414.46100000001
67578,25472.46500000001
67579,26213.46000000001
67580,26357.461000000007
67581,26472.468000000008
67582,26249.463000000007
67583,27079.45500000001
67584,25936.457000000006
67585,26142.457000000006
67586,26141.461000000007
67587,25318.464000000007
67588,25762.465000000007
67589,24950.461000000007
67590,24761.455000000005
67591,24250.456000000006
67592,24157.449000000004
67593,24231.453000000005
67594,23612.451000000005
67595,23762.447000000004
67596,22907.441000000006
67597,24094.438000000006
67598,22587.442000000006
67599,22420.442000000006
67600,22447.439000000002
67601,22289.443000000003
67602,22382.435000000005
67603,22744.433
67604,23664.43
67605,24120.429000000004
67606,24323.426000000003
67607,23703.428000000004
67608,23640.427000000003
67609,23709.429000000004
67610,23899.425000000003
67611,24034.423000000003
67612,23992.419
67613,23492.424000000003
67614,24132.417
67615,23194.416
67616,23141.412
67617,22812.416
67618,24071.420000000002
67619,23148.425
67620,21634.428
67621,21504.431
67622,21177.424
67623,20733.418999999998
67624,19035.422000000002
67625,19176.423000000003
67626,18712.422000000002
67627,19824.419
67628,19497.413999999997
67629,19731.418999999998
67630,20214.426
67631,20378.42
67632,20148.423000000003
67633,20234.422
67634,20760.422000000002
67635,20954.419
67636,21738.41
67637,21089.408000000007
67638,20025.403000000002
67639,19108.407000000003
67640,19948.403000000002
67641,19360.396
67642,19290.394
67643,19272.391
67644,17513.398
67645,16770.397000000004
67646,16849.397000000004
67647,17507.386
67648,18541.376
67649,20426.372
67650,19705.358
67651,19071.357
67652,18373.361
67653,18235.368
67654,17971.365999999998
67655,18387.360999999997
67656,16768.365
67657,16730.367000000002
67658,16116.368000000002
67659,15548.374000000003
67660,15117.376000000004
67661,15092.376000000004
67662,15198.380000000003
67663,14769.381000000005
67664,14554.385000000004
67665,13759.395000000006
67666,13594.399000000007
67667,14141.403000000008
67668,14112.404000000008
67669,13152.411000000007
67670,15417.417000000009
67671,14121.434000000012
67672,12553.450000000013
67673,12235.456000000015
67674,9992.482000000015
67675,9571.497000000012
67676,7966.517000000009
67677,7003.546000000011
67678,5085.583000000013
67679,1441.635999999997
67680,3025.4370000000154
67681,4070.4290000000187
67682,6632.414000000018
67683,7544.40700000002
67684,8249.40400000002
67685,8984.393000000022
67686,9814.390000000021
67687,11334.381000000023
67688,12622.37700000002
67689,14127.368000000019
67690,15609.364000000014
67691,15884.361000000014
67692,14616.35600000001
67693,14755.355000000012
67694,14885.34800000001
67695,14978.34600000001
67696,14433.343000000008
67697,13749.345000000008
67698,13609.336000000007
67699,12661.334000000004
67700,10426.327
67701,11806.327000000001
67702,11951.323
67703,12707.320000000002
67704,13242.314
67705,14245.313
67706,15476.31
67707,16247.307999999999
67708,16667.304
67709,17627.301999999996
67710,18409.303999999996
67711,17570.302999999996
67712,19260.308999999997
67713,19190.313
67714,19757.311999999998
67715,19378.305999999997
67716,18843.306999999997
67717,18908.311999999998
67718,20228.315
67719,21403.307999999997
67720,21903.302999999996
67721,22055.303999999996
67722,21460.303
67723,21105.3
67724,19333.299
67725,19858.3
67726,19198.302
67727,18520.3
67728,18062.296000000002
67729,15749.296
67730,15477.296999999999
67731,15627.296000000002
67732,14867.293000000003
67733,14907.290000000003
67734,15387.286000000002
67735,15469.281
67736,15027.277000000002
67737,15037.273000000003
67738,14887.272000000004
67739,15925.264000000005
67740,15335.260000000004
67741,14610.263000000004
67742,15642.257000000003
67743,16058.249000000003
67744,16948.247000000003
67745,15533.247000000005
67746,15523.246000000006
67747,16941.236000000004
67748,17751.229000000003
67749,18160.228000000006
67750,19748.232000000004
67751,19696.231000000003
67752,20504.222
67753,19899.215000000004
67754,18119.208000000002
67755,19474.203
67756,19234.199
67757,19402.202
67758,19617.191000000003
67759,19187.190000000002
67760,18376.193000000003
67761,18774.184
67762,17229.183000000005
67763,16462.184000000005
67764,17029.190000000002
67765,17647.189000000002
67766,17842.189000000002
67767,17857.186
67768,17452.189000000002
67769,18032.187
67770,17252.188000000002
67771,16466.186
67772,17418.191000000003
67773,18045.190000000002
67774,17853.193000000003
67775,16493.193000000007
67776,15539.191000000003
67777,15324.193000000003
67778,16907.191000000003
67779,16522.192000000003
67780,18467.193
67781,18652.192
67782,18462.195
67783,18222.202
67784,17827.205
67785,18797.205
67786,18397.207000000002
67787,19757.204
67788,18564.207000000002
67789,18779.209
67790,17431.207000000002
67791,18009.208000000002
67792,17414.209
67793,16657.207000000002
67794,17632.207000000002
67795,16452.211000000003
67796,17432.21
67797,16244.212000000001
67798,16484.208000000002
67799,17079.206000000006
67800,17429.211000000003
67801,17242.210000000003
67802,17247.209000000003
67803,17247.210000000006
67804,16654.210000000006
67805,16846.211000000003
67806,17059.207000000002
67807,18054.206000000002
67808,18677.203
67809,17712.203
67810,20049.202
67811,19282.203
67812,19087.203
67813,19079.203
67814,18904.202
67815,19117.2
67816,18554.197
67817,19524.197
67818,19504.199
67819,20104.197
67820,18726.197
67821,19463.199
67822,19464.198
67823,18722.194
67824,19532.190000000002
67825,19717.189
67826,19117.193
67827,17737.197
67828,17337.198000000004
67829,16732.2
67830,16332.202000000003
67831,15982.198000000002
67832,15982.197000000002
67833,16947.198
67834,16962.197
67835,16994.197000000004
67836,17979.197
67837,18192.195
67838,19367.193
67839,18752.198
67840,20287.201
67841,20082.203
67842,20674.201
67843,20269.206000000002
67844,20066.206000000002
67845,19689.205
67846,19734.201000000005
67847,19907.203000000005
67848,19752.199000000004
67849,20562.196000000004
67850,19577.197000000004
67851,20332.198000000004
67852,19372.198000000004
67853,18792.194000000003
67854,19367.194000000003
67855,19364.192000000003
67856,18397.192000000003
67857,18622.193000000003
67858,18437.191000000003
67859,18057.190000000002
67860,17287.191000000006
67861,17102.190000000002
67862,17307.189000000002
67863,18892.184
67864,19472.183
67865,19477.183
67866,20252.182
67867,20277.179
67868,20647.181
67869,20652.18
67870,22642.175
67871,22262.175
67872,22239.177
67873,21266.18
67874,21054.182
67875,21166.188000000002
67876,20229.188000000002
67877,21029.188000000002
67878,21029.185
67879,21171.189000000002
67880,20976.186
67881,21326.189000000002
67882,21374.181
67883,20539.185
67884,20749.184
67885,20734.182
67886,20684.185
67887,21094.18
67888,20309.181
67889,20459.183
67890,20282.182
67891,19497.184
67892,18282.188000000002
67893,19847.187
67894,19872.186
67895,19637.190000000002
67896,20024.188000000002
67897,19239.188000000002
67898,19044.192000000003
67899,19451.187000000005
67900,20831.184000000005
67901,20438.184000000005
67902,21056.178000000004
67903,21076.176000000003
67904,21691.174000000003
67905,21686.173000000003
67906,21309.168
67907,22294.165
67908,21499.167
67909,21479.168
67910,21084.167
67911,21091.165
67912,21289.167
67913,19949.162000000004
67914,18994.161000000004
67915,18584.163000000004
67916,18759.167000000005
67917,20104.168
67918,20883.170000000002
67919,20278.171000000002
67920,20108.166
67921,20123.166
67922,19315.169
67923,21440.175
67924,21281.170000000002
67925,22036.171000000002
67926,22466.172000000002
67927,21296.172000000002
67928,21751.168
67929,22082.17
67930,22819.171
67931,22265.167999999998
67932,20892.172
67933,21280.176
67934,21845.18
67935,21460.182
67936,21660.183
67937,22286.183
67938,21671.190000000002
67939,22066.194000000003
67940,22661.192000000003
67941,23256.195
67942,24018.199
67943,22063.201
67944,22673.199
67945,21691.202
67946,21713.204
67947,23062.201
67948,22890.204
67949,22358.202
67950,21782.202
67951,21813.197
67952,21642.198000000004
67953,23024.200000000004
67954,23027.202000000005
67955,23261.200000000004
67956,23251.199000000004
67957,23229.202000000005
67958,23785.203000000005
67959,22848.204
67960,23875.2
67961,23332.199000000004
67962,22417.198
67963,23012.197
67964,23596.2
67965,23793.2
67966,24042.201
67967,24295.204
67968,23533.205
67969,23920.205
67970,25332.202
67971,25099.205
67972,25782.2
67973,24232.203
67974,24656.2
67975,23942.204
67976,24172.202
67977,25062.199
67978,25692.195
67979,25501.203
67980,25677.207000000002
67981,25691.206000000002
67982,25134.203
67983,26700.206000000002
67984,27165.201
67985,26826.196
67986,26642.2
67987,25854.199
67988,25910.194000000003
67989,24350.194000000003
67990,24929.191000000003
67991,25313.187
67992,24363.193000000003
67993,24950.192000000003
67994,25459.197000000004
67995,24681.195000000003
67996,24712.195000000003
67997,25497.196000000004
67998,24715.198000000004
67999,24754.196000000004
68000,25578.198000000004
68001,26200.192000000003
68002,25898.202
68003,24767.195000000003
68004,25599.189
68005,24600.191
68006,23795.189
68007,24174.194
68008,25106.193
68009,25190.187
68010,25837.184
68011,25227.185
68012,25217.185
68013,26648.184
68014,26997.191
68015,26941.192
68016,27329.192
68017,27108.192
68018,27119.191000000003
68019,26160.191
68020,27016.19
68021,27939.191
68022,26357.193
68023,26569.193
68024,27574.192
68025,26344.203
68026,26433.196
68027,26750.201
68028,25772.198999999997
68029,25595.198999999997
68030,26008.198999999997
68031,26703.190000000002
68032,27028.192000000003
68033,25471.192000000003
68034,25349.191000000003
68035,24534.197
68036,23793.194
68037,25360.198
68038,26762.197000000004
68039,26908.197
68040,26980.197
68041,27014.195000000003
68042,26889.192000000003
68043,27968.186
68044,27773.184
68045,27608.185
68046,27545.187
68047,27108.191000000003
68048,27914.187
68049,27425.187
68050,27431.193000000003
68051,28228.197
68052,26923.201
68053,27143.2
68054,27909.209000000003
68055,28114.210000000003
68056,27558.215
68057,27853.219
68058,27055.227000000003
68059,27604.233000000004
68060,27650.231000000003
68061,28519.229000000003
68062,28728.229000000003
68063,26820.224000000002
68064,25932.219
68065,25277.234
68066,24473.239
68067,26099.237
68068,27689.236
68069,27501.239
68070,28314.239
68071,27886.237
68072,27037.250000000004
68073,27971.244000000002
68074,27423.243000000002
68075,27296.245000000003
68076,26713.246000000003
68077,26762.242000000002
68078,27301.252000000004
68079,27054.259000000005
68080,27286.252000000004
68081,26998.260000000006
68082,26155.257000000005
68083,26781.259000000005
68084,27029.269000000004
68085,27081.265000000007
68086,26736.263000000006
68087,27183.266000000003
68088,26607.269000000004
68089,27624.269000000004
68090,28450.270000000004
68091,28650.279000000006
68092,29212.273000000005
68093,27590.275000000005
68094,26807.275000000005
68095,25954.265000000003
68096,26517.263000000003
68097,28403.266000000003
68098,29988.262000000002
68099,30258.266000000003
68100,30671.263000000003
68101,30657.268000000004
68102,29702.269000000004
68103,30682.266000000003
68104,30568.255
68105,29822.253000000004
68106,29972.254
68107,29219.251000000004
68108,29930.254000000004
68109,28856.257000000005
68110,28447.265000000003
68111,27752.266000000003
68112,25785.264000000006
68113,26342.256000000005
68114,27286.248000000003
68115,28088.248000000003
68116,28670.247000000003
68117,28996.248000000003
68118,27905.249000000003
68119,28740.233000000004
68120,29498.231000000003
68121,29920.219000000005
68122,30772.216000000004
68123,29020.211000000003
68124,28366.211000000003
68125,27464.213000000003
68126,27532.214000000004
68127,29236.210000000003
68128,30920.212000000003
68129,30925.212000000003
68130,30962.204
68131,30325.209000000003
68132,30314.202000000005
68133,31090.188000000002
68134,30911.183000000005
68135,31283.177000000003
68136,31194.180000000004
68137,30607.170000000002
68138,30454.164
68139,28833.167
68140,29147.172000000002
68141,27929.166
68142,26833.159000000003
68143,27701.156000000003
68144,30123.149
68145,31353.140000000003
68146,31295.132
68147,31567.118000000002
68148,31087.122000000003
68149,31303.119000000002
68150,31013.118000000002
68151,31414.112
68152,31516.108000000004
68153,30162.107000000004
68154,30353.106000000003
68155,29589.105000000003
68156,30594.100000000002
68157,31154.098
68158,32290.097
68159,32794.101
68160,32954.100000000006
68161,32754.100000000002
68162,32900.103
68163,33265.10400000001
68164,32067.106
68165,31539.103000000003
68166,31558.101000000002
68167,30808.099000000002
68168,30011.099000000002
68169,29036.099000000002
68170,28417.103000000003
68171,27543.108000000004
68172,26709.110000000004
68173,28081.110000000004
68174,28201.115000000005
68175,28766.116
68176,28441.112000000005
68177,28808.108000000004
68178,28383.109000000004
68179,29397.106000000003
68180,29806.103000000006
68181,29843.101000000006
68182,30586.100000000006
68183,29587.104000000003
68184,30014.102000000006
68185,29582.102000000006
68186,30146.104000000007
68187,31375.101000000006
68188,31768.101000000006
68189,31942.101000000006
68190,31566.100000000006
68191,31714.102000000006
68192,31684.100000000002
68193,30959.098000000005
68194,30991.095000000005
68195,31019.094000000005
68196,30995.092000000004
68197,29810.090000000004
68198,29406.090000000004
68199,28196.094000000005
68200,28176.090000000004
68201,27023.093000000004
68202,26248.091000000004
68203,27453.088000000007
68204,27048.086000000007
68205,27848.084000000006
68206,28040.080000000005
68207,28845.079000000005
68208,28125.076000000005
68209,28710.076000000005
68210,29656.072000000004
68211,29486.071000000004
68212,30861.066000000003
68213,30111.065000000002
68214,30716.063000000002
68215,30101.062
68216,31111.059000000005
68217,31916.057000000004
68218,32665.058000000005
68219,32665.057000000004
68220,32790.05200000001
68221,33735.053
68222,33815.052
68223,33280.052
68224,33540.054
68225,33545.05299999999
68226,33175.054000000004
68227,31420.054000000007
68228,31455.052000000007
68229,31260.052000000007
68230,29870.057000000004
68231,28865.058000000005
68232,27835.059000000005
68233,29005.059000000005
68234,28440.057000000004
68235,29245.057000000004
68236,28160.056000000004
68237,29000.055000000004
68238,28220.055000000004
68239,27630.056000000004
68240,28185.057000000004
68241,28650.052000000003
68242,29425.054000000004
68243,29045.052000000003
68244,29635.051000000003
68245,29270.052000000003
68246,30395.047000000006
68247,30490.052000000003
68248,31465.052000000003
68249,32050.052000000003
68250,31880.053000000004
68251,32665.052000000007
68252,32290.055000000008
68253,32045.057000000008
68254,32460.057000000008
68255,32880.056000000004
68256,33185.059
68257,31000.062000000005
68258,30685.062000000005
68259,30895.061000000005
68260,30040.057000000004
68261,29325.055000000004
68262,28945.053000000004
68263,29320.056000000004
68264,29135.054000000004
68265,29325.056000000004
68266,28265.058000000005
68267,29240.059000000005
68268,28740.057000000004
68269,28565.059000000005
68270,29305.057000000004
68271,29525.058000000008
68272,30535.056000000008
68273,30430.053000000004
68274,30025.056000000008
68275,30405.054000000007
68276,31200.056000000008
68277,31960.056000000004
68278,32960.05600000001
68279,32795.05600000001
68280,33410.05500000001
68281,34000.05500000001
68282,33345.05900000001
68283,33200.05900000001
68284,33600.058000000005
68285,34580.05700000001
68286,34055.064000000006
68287,32665.064000000006
68288,32030.064000000006
68289,32495.059000000005
68290,31290.061000000005
68291,30345.060000000005
68292,29555.058000000005
68293,30200.057000000004
68294,29655.059000000005
68295,29250.062000000005
68296,28440.063000000006
68297,29445.063000000006
68298,29805.064000000006
68299,29915.062000000005
68300,30640.063000000006
68301,31025.064000000006
68302,31940.067000000006
68303,30770.067000000006
68304,30170.071000000007
68305,29385.073000000008
68306,30520.071000000007
68307,30940.070000000007
68308,31250.070000000007
68309,30880.072000000007
68310,31290.068000000007
68311,31550.065000000006
68312,31880.068000000007
68313,31640.072000000007
68314,31840.071000000007
68315,31830.073000000008
68316,31800.075000000008
68317,30635.074000000008
68318,29535.07600000001
68319,29210.074000000008
68320,29020.074000000008
68321,28785.07700000001
68322,28045.074000000008
68323,28395.07900000001
68324,28380.07800000001
68325,28895.074000000008
68326,28400.071000000007
68327,29415.068000000007
68328,29755.068000000007
68329,30130.066000000006
68330,30545.067000000006
68331,30905.068000000007
68332,32535.064000000006
68333,31950.06400000001
68334,32100.06800000001
68335,32460.069000000007
68336,32745.06600000001
68337,33375.062000000005
68338,33395.06300000001
68339,34380.06100000001
68340,33660.05900000001
68341,33450.06300000001
68342,33485.062000000005
68343,33855.06100000001
68344,34100.06100000001
68345,34305.059
68346,34075.062000000005
68347,33520.062000000005
68348,32740.06200000001
68349,31930.06300000001
68350,31135.06700000001
68351,31435.06200000001
68352,30530.06300000001
68353,30955.06200000001
68354,30070.05900000001
68355,29900.06000000001
68356,29450.06100000001
68357,29835.06200000001
68358,30080.06200000001
68359,29655.06400000001
68360,30105.06200000001
68361,31325.06200000001
68362,32130.06200000001
68363,30930.06300000001
68364,31530.06100000001
68365,31110.06200000001
68366,31955.05900000001
68367,32085.06200000001
68368,32540.05900000001
68369,33185.05700000001
68370,33500.05300000001
68371,32400.058000000008
68372,32630.056000000008
68373,32560.05900000001
68374,32870.06500000001
68375,33320.06500000001
68376,32740.06400000001
68377,31190.06300000001
68378,30435.06300000001
68379,30050.06400000001
68380,29685.06500000001
68381,29490.06600000001
68382,29140.06400000001
68383,30905.06200000001
68384,29655.06300000001
68385,30470.06200000001
68386,30470.06200000001
68387,31270.06300000001
68388,32255.06200000001
68389,32090.061000000005
68390,32375.06000000001
68391,33540.06100000001
68392,34815.05700000001
68393,33055.058000000005
68394,33835.05900000001
68395,33635.06000000001
68396,34020.061
68397,34345.064
68398,34240.06100000001
68399,34795.062000000005
68400,34855.060000000005
68401,34475.06
68402,34740.05700000001
68403,34610.05500000001
68404,35285.055
68405,34635.058000000005
68406,34215.060000000005
68407,32365.06600000001
68408,31425.06600000001
68409,30765.06300000001
68410,30565.06500000001
68411,30010.06400000001
68412,29290.06300000001
68413,30615.06600000001
68414,30400.06600000001
68415,31040.06600000001
68416,30885.06300000001
68417,31660.06300000001
68418,32610.06300000001
68419,32430.06500000001
68420,31845.06700000001
68421,32880.066000000006
68422,33705.067
68423,32315.06800000001
68424,31760.06700000001
68425,32215.06400000001
68426,32745.06500000001
68427,33815.06100000001
68428,33040.06700000001
68429,33820.06800000001
68430,34765.07
68431,35735.072
68432,35640.072
68433,35610.074
68434,36955.073000000004
68435,36360.074
68436,36435.069
68437,35390.063
68438,34405.06100000001
68439,34015.06100000001
68440,33860.058000000005
68441,32725.056000000008
68442,31935.058000000008
68443,33050.05900000001
68444,32465.058000000008
68445,31940.06000000001
68446,31160.05900000001
68447,32115.054000000007
68448,32920.054000000004
68449,32470.056000000008
68450,32630.054000000007
68451,33585.053
68452,33835.052
68453,33295.048
68454,32150.048000000006
68455,32860.048
68456,33135.05100000001
68457,33360.05
68458,33230.05100000001
68459,33780.053
68460,34165.054000000004
68461,34725.055
68462,33295.062000000005
68463,33895.063
68464,34960.060000000005
68465,34795.059
68466,34935.060000000005
68467,33625.059
68468,33070.05300000001
68469,33140.049000000006
68470,33145.04800000001
68471,32450.050000000007
68472,32980.05100000001
68473,34170.048
68474,33555.05
68475,33725.05
68476,32620.057000000008
68477,33920.060000000005
68478,34790.064000000006
68479,34680.06300000001
68480,33795.06800000001
68481,34905.070000000014
68482,35585.06700000001
68483,33860.066000000006
68484,32905.06700000001
68485,33900.06300000001
68486,33804.06000000001
68487,33944.06100000001
68488,33154.06400000001
68489,32744.070000000007
68490,33141.07000000001
68491,33241.07000000001
68492,32271.06900000001
68493,34001.07100000001
68494,34816.069
68495,34646.069
68496,34848.07
68497,33538.07000000001
68498,32454.066000000006
68499,31434.070000000007
68500,30649.07300000001
68501,30564.066000000006
68502,30554.06900000001
68503,31139.06900000001
68504,30994.070000000007
68505,31064.066000000006
68506,30644.06700000001
68507,31804.073000000008
68508,33429.07100000001
68509,33539.07400000001
68510,34109.07300000001
68511,35293.07400000001
68512,36055.07400000001
68513,34275.07600000001
68514,34478.07400000001
68515,34413.077000000005
68516,34178.08200000001
68517,34431.08000000001
68518,34066.081000000006
68519,34626.083000000006
68520,35016.083000000006
68521,34187.08600000001
68522,33247.08500000001
68523,35054.08900000001
68524,35805.08800000001
68525,35510.08500000001
68526,35210.09100000001
68527,33435.09500000001
68528,32853.09500000001
68529,33023.088
68530,32239.088000000007
68531,31744.091000000008
68532,31774.092000000008
68533,32166.087000000007
68534,31694.084000000006
68535,32109.085000000006
68536,31264.088000000007
68537,32594.091000000008
68538,32914.09500000001
68539,33018.09300000001
68540,33098.09500000001
68541,34296.094
68542,34771.094000000005
68543,33231.096000000005
68544,32913.092000000004
68545,32968.09300000001
68546,33448.090000000004
68547,34368.092000000004
68548,33592.093000000015
68549,33752.09600000001
68550,34103.096000000005
68551,34111.09500000001
68552,32971.094000000005
68553,34392.092000000004
68554,35567.09300000001
68555,34747.096000000005
68556,34687.100000000006
68557,33547.10400000001
68558,33190.102000000006
68559,32930.11000000001
68560,32217.109000000008
68561,32402.11100000001
68562,32386.11100000001
68563,33006.11100000001
68564,32972.11300000001
68565,33216.11200000001
68566,32439.119000000006
68567,33077.11800000001
68568,34077.12000000001
68569,33682.12400000001
68570,34281.12300000001
68571,34091.12400000001
68572,35225.124
68573,34021.124
68574,33476.12100000001
68575,34150.12200000001
68576,34133.123999999996
68577,34533.126
68578,34155.124
68579,34950.12699999999
68580,34966.12899999999
68581,34871.136
68582,34222.133
68583,35362.134
68584,36361.139
68585,35395.147000000004
68586,35265.145
68587,35091.147000000004
68588,34482.151999999995
68589,34704.154
68590,33729.15800000001
68591,34096.16
68592,33577.16600000001
68593,33665.16700000001
68594,33127.16700000001
68595,32694.17400000001
68596,32416.17100000001
68597,33222.16600000001
68598,35047.167
68599,34463.164000000004
68600,34686.168000000005
68601,34328.17300000001
68602,35213.177
68603,34523.18000000001
68604,33302.18000000001
68605,33192.18400000001
68606,34016.187
68607,34544.186
68608,34282.184
68609,35550.19
68610,35646.192
68611,36241.193
68612,35679.194
68613,36916.193
68614,38623.189
68615,37752.193
68616,37350.194
68617,36574.198000000004
68618,35446.19500000001
68619,35496.193
68620,34922.195
68621,35636.19299999999
68622,34950.2
68623,33793.203
68624,33317.209
68625,34211.209
68626,32855.213
68627,33599.21200000001
68628,34751.211
68629,34344.211
68630,34963.208
68631,34552.212999999996
68632,35324.21599999999
68633,34922.219
68634,34194.225
68635,33999.233
68636,34922.231
68637,35346.236
68638,36610.233
68639,37833.242000000006
68640,38484.240000000005
68641,38814.249
68642,38175.25400000001
68643,38732.261000000006
68644,38983.26500000001
68645,38793.26500000001
68646,38184.26900000001
68647,38186.26700000001
68648,36821.26700000001
68649,36560.26900000001
68650,37095.26700000001
68651,37479.272000000004
68652,36402.28200000001
68653,36562.280000000006
68654,36163.279
68655,36451.285
68656,35828.28400000001
68657,36196.288
68658,35919.29400000001
68659,34711.298
68660,35138.3
68661,34838.30500000001
68662,35389.30600000001
68663,34859.31000000001
68664,34431.31500000001
68665,35260.32100000001
68666,35616.32700000001
68667,35562.33600000001
68668,36529.33400000001
68669,38131.34500000001
68670,37975.34200000001
68671,38405.340000000004
68672,38206.33900000001
68673,39358.32800000001
68674,39931.32400000001
68675,39333.33100000001
68676,38189.328000000016
68677,36517.33600000002
68678,36097.34000000002
68679,37222.337000000014
68680,37003.339000000014
68681,38308.339000000014
68682,37463.33600000002
68683,38402.338000000025
68684,38495.34100000002
68685,38034.34400000002
68686,37473.33700000002
68687,38553.34200000002
68688,38659.34000000002
68689,36604.34500000002
68690,37552.34600000002
68691,37664.35300000002
68692,38348.35200000002
68693,37696.362000000016
68694,37365.364000000016
68695,38232.36100000002
68696,39904.364000000016
68697,40337.36500000002
68698,40662.36800000002
68699,41454.370000000024
68700,41334.37000000002
68701,41090.37000000001
68702,40630.377000000015
68703,39996.38700000002
68704,40505.394000000015
68705,40598.39900000001
68706,39143.40700000002
68707,38307.40400000002
68708,37922.40600000002
68709,38828.40600000002
68710,39342.407000000014
68711,39217.418000000005
68712,38424.426000000014
68713,38784.429000000004
68714,38722.42900000001
68715,37677.43200000001
68716,37275.43000000001
68717,37772.431000000004
68718,38727.43000000001
68719,37518.43200000001
68720,37617.43700000001
68721,37542.445000000014
68722,38481.45100000001
68723,38624.458
68724,38661.452000000005
68725,39416.45000000001
68726,40467.451000000015
68727,41642.44400000002
68728,42273.44100000001
68729,42319.441000000006
68730,40199.45300000001
68731,40325.45500000001
68732,41044.44400000002
68733,41189.453000000016
68734,41382.462000000014
68735,42125.470000000016
68736,41235.46900000001
68737,40346.472000000016
68738,40146.479000000014
68739,40863.48000000002
68740,41346.47800000001
68741,42269.49300000002
68742,41449.49700000002
68743,41732.503000000004
68744,41380.506
68745,41388.504000000015
68746,41330.50900000001
68747,42290.50900000001
68748,41727.51700000001
68749,41511.51700000001
68750,41706.52300000001
68751,42037.51800000001
68752,42527.52100000001
68753,42875.52800000001
68754,42160.53600000001
68755,42612.542000000016
68756,42587.545000000006
68757,43381.53600000001
68758,43377.538
68759,42983.543000000005
68760,42943.539000000004
68761,42663.533
68762,42329.52800000001
68763,41985.525000000016
68764,42631.53400000001
68765,43050.534000000014
68766,42301.54000000001
68767,40697.54400000001
68768,40728.55000000001
68769,41591.54500000001
68770,41933.54800000001
68771,42858.54300000003
68772,42116.54600000002
68773,43145.54800000002
68774,42970.55500000003
68775,42827.550000000025
68776,42421.552000000025
68777,42409.55800000002
68778,42484.56000000002
68779,41827.56200000002
68780,41701.56200000002
68781,41544.561000000016
68782,42535.55700000002
68783,42417.563000000024
68784,41554.57300000001
68785,42195.57300000001
68786,43249.57100000001
68787,43463.573000000004
68788,44848.56200000002
68789,43848.57500000002
68790,43756.58600000002
68791,43622.58600000002
68792,43261.57900000002
68793,42898.58100000002
68794,43700.577000000005
68795,43472.585000000014
68796,42790.59000000001
68797,42268.58100000002
68798,41882.57900000003
68799,43034.569000000025
68800,42974.57500000002
68801,43211.59000000001
68802,43347.587000000014
68803,43546.593000000015
68804,43226.586000000025
68805,41859.58300000002
68806,41232.585000000014
68807,41879.60000000001
68808,41802.60500000001
68809,41001.60600000001
68810,41876.59800000001
68811,41480.60100000001
68812,42356.59700000001
68813,42414.59200000001
68814,42201.589000000014
68815,43024.59500000001
68816,43911.593000000015
68817,44145.59800000001
68818,45526.60500000001
68819,44924.61400000001
68820,44295.60700000001
68821,43950.60100000001
68822,44454.60200000001
68823,44688.59900000002
68824,45061.599000000024
68825,45852.59800000003
68826,45583.60300000002
68827,42924.60300000001
68828,41731.59700000001
68829,42952.59400000001
68830,43639.58600000001
68831,43978.59000000002
68832,43912.58600000002
68833,43781.58700000002
68834,43219.580000000016
68835,41523.587000000014
68836,41108.593000000015
68837,42144.60000000001
68838,42394.61400000001
68839,40751.62000000001
68840,41318.611000000004
68841,41434.608
68842,40869.60900000001
68843,40776.600000000006
68844,40760.611000000004
68845,41293.602000000006
68846,42526.60700000002
68847,42637.61300000001
68848,43886.606000000014
68849,43766.611000000004
68850,42900.599
68851,42635.60300000001
68852,41573.615000000005
68853,42203.608000000015
68854,42769.621000000014
68855,43870.62700000001
68856,42641.62800000001
68857,40995.624
68858,39814.62400000001
68859,41316.61500000001
68860,41362.616
68861,41866.62200000001
68862,42359.62800000001
68863,41817.636000000006
68864,41585.631
68865,41369.62499999999
68866,41056.624
68867,41988.63000000001
68868,42473.633000000016
68869,42261.62900000001
68870,42700.62900000001
68871,42316.628
68872,42411.629
68873,41810.628000000004
68874,41436.621
68875,41777.629
68876,43517.625
68877,43782.631
68878,43808.623999999996
68879,42458.621000000014
68880,41718.63000000002
68881,41217.633000000016
68882,39861.618
68883,40143.61400000001
68884,40195.61600000001
68885,40164.619
68886,40275.62200000001
68887,39012.628000000004
68888,38861.619
68889,39310.616
68890,39078.619999999995
68891,40106.612
68892,39707.609000000004
68893,39398.600000000006
68894,38575.60800000001
68895,37969.607
68896,37058.600000000006
68897,37545.60700000001
68898,38088.60900000001
68899,38546.59800000001
68900,38747.604000000014
68901,38430.60700000001
68902,38795.606000000014
68903,38636.595000000016
68904,39474.597000000016
68905,39566.597000000016
68906,39949.60000000002
68907,40393.584000000024
68908,39843.595000000016
68909,39441.59000000002
68910,39321.593000000015
68911,38254.595000000016
68912,37988.59600000001
68913,38153.59900000001
68914,38079.585000000014
68915,38048.58200000001
68916,38182.58900000001
68917,37231.58300000001
68918,36755.58400000001
68919,36310.58
68920,36015.575000000004
68921,37359.581000000006
68922,36150.57900000001
68923,35257.56700000001
68924,35054.567
68925,34614.564000000006
68926,33253.563000000024
68927,34118.561000000016
68928,34026.553000000014
68929,35309.553
68930,35464.553
68931,34449.56000000001
68932,35062.55200000001
68933,34623.55400000001
68934,34849.54700000001
68935,34533.542000000016
68936,36159.538000000015
68937,35833.52900000001
68938,36544.52800000001
68939,34211.52700000002
68940,34463.530000000006
68941,33375.53300000001
68942,32890.53500000002
68943,33478.53500000001
68944,33702.530000000006
68945,33521.52200000001
68946,32730.52100000002
68947,32688.515000000014
68948,32762.511000000017
68949,33378.51000000001
68950,33175.498000000014
68951,34212.503
68952,33405.501000000004
68953,31435.50300000002
68954,31204.50600000002
68955,30553.507000000016
68956,31264.494000000017
68957,32003.505000000016
68958,31380.505000000016
68959,32110.50000000002
68960,32936.508000000016
68961,32147.52000000002
68962,32747.515000000018
68963,32962.51000000002
68964,33051.51200000002
68965,33058.51600000002
68966,32861.52100000002
68967,31918.51400000002
68968,31817.511000000017
68969,31263.515000000018
68970,31228.509000000024
68971,29964.508000000023
68972,30230.501000000022
68973,31012.50400000002
68974,31287.49000000002
68975,31697.493000000024
68976,30804.496000000017
68977,30443.50400000002
68978,31036.51200000002
68979,31286.50400000002
68980,30965.49100000002
68981,31362.500000000025
68982,30330.49100000002
68983,29027.492000000024
68984,29400.48400000002
68985,28959.486000000023
68986,29698.487000000023
68987,30015.486000000023
68988,29557.48700000002
68989,29141.48600000002
68990,29493.486000000015
68991,29064.48500000002
68992,28562.48700000002
68993,28347.48700000002
68994,28749.47900000002
68995,27627.47900000002
68996,27255.48200000002
68997,27441.476000000017
68998,26898.469000000012
68999,26014.46900000002
69000,26433.473000000013
69001,27093.46800000001
69002,28031.46200000001
69003,28495.45600000001
69004,28908.451000000015
69005,29523.46100000001
69006,28468.464000000014
69007,27859.466000000015
69008,28338.469000000016
69009,28190.470000000012
69010,26645.469000000016
69011,27235.46200000001
69012,25851.46800000001
69013,24982.46800000001
69014,25091.47100000001
69015,24438.471000000016
69016,24385.469000000012
69017,24755.47400000001
69018,24520.47300000001
69019,24535.475000000006
69020,24534.480000000007
69021,24082.476000000013
69022,23440.47200000001
69023,22932.471000000005
69024,22625.466000000008
69025,22789.46200000001
69026,22925.45300000001
69027,22971.44500000001
69028,23513.446000000007
69029,23680.44500000001
69030,24252.43700000001
69031,23675.44300000001
69032,25080.43800000001
69033,25087.440000000006
69034,25442.43900000001
69035,24995.448000000008
69036,25251.449000000004
69037,24950.440000000006
69038,23766.44700000001
69039,23475.445000000003
69040,23620.445000000007
69041,23404.442000000003
69042,22370.440000000006
69043,22075.428000000004
69044,22333.421000000002
69045,22352.414
69046,22667.415000000005
69047,22967.415
69048,22324.414
69049,23034.412
69050,23613.408000000003
69051,23774.408000000003
69052,23060.413000000004
69053,22211.414
69054,21521.41
69055,21403.406
69056,19895.409
69057,19476.402
69058,20038.407
69059,19379.407
69060,18951.404000000002
69061,19517.398
69062,20153.398
69063,20894.398
69064,20618.399
69065,20134.402000000002
69066,20887.399999999998
69067,20716.394
69068,20951.393
69069,20301.405000000002
69070,20422.403000000002
69071,20475.395
69072,19413.39
69073,20245.379999999997
69074,19537.385
69075,19597.391
69076,19816.394
69077,20940.389
69078,19838.396
69079,20886.397
69080,20864.393000000004
69081,21507.390000000003
69082,21960.384
69083,20634.387000000002
69084,20852.38
69085,20687.376000000004
69086,19836.372
69087,19768.377
69088,20128.375999999997
69089,20105.363999999998
69090,20344.357999999997
69091,19300.365999999995
69092,19167.357999999997
69093,19034.364999999998
69094,18709.365999999998
69095,17506.365999999998
69096,17144.362
69097,14573.363000000003
69098,15096.363000000003
69099,13285.364000000003
69100,11810.369
69101,11616.378000000004
69102,11874.383000000003
69103,12814.381000000005
69104,12363.382000000005
69105,12257.387000000008
69106,12925.391000000007
69107,14346.39700000001
69108,13936.40900000001
69109,13669.415000000012
69110,14865.424000000014
69111,14414.438000000016
69112,13099.450000000019
69113,11415.46700000002
69114,9852.485000000024
69115,9734.507000000027
69116,8191.5210000000225
69117,6513.541000000021
69118,4447.568000000013
69119,1327.602999999999
69120,2211.425000000001
69121,4101.41600000001
69122,5621.403000000021
69123,6571.399000000019
69124,7423.395000000019
69125,8548.392000000018
69126,9093.384000000018
69127,10155.383000000018
69128,10898.385000000017
69129,12598.375000000015
69130,16348.373000000014
69131,15125.369000000012
69132,14190.371000000012
69133,13786.36300000001
69134,14036.36000000001
69135,13961.356000000007
69136,14581.353000000006
69137,14001.357000000005
69138,14186.360000000004
69139,13206.359000000002
69140,12046.350000000004
69141,13053.347000000002
69142,14711.341000000004
69143,15610.343000000003
69144,15861.340000000002
69145,17221.329
69146,17751.328
69147,18441.319
69148,18789.307999999997
69149,20924.293999999998
69150,18560.302999999996
69151,19760.304999999997
69152,19985.303999999996
69153,19595.307999999997
69154,18505.311999999998
69155,19420.313
69156,19145.315
69157,19275.318
69158,18545.326
69159,18723.324
69160,19493.314
69161,18773.304
69162,17508.301
69163,16948.295000000002
69164,16678.29
69165,15218.292000000001
69166,15443.287000000002
69167,13913.293000000001
69168,15108.289
69169,14735.286000000002
69170,15567.279
69171,15407.277000000004
69172,15807.280000000004
69173,15944.280000000004
69174,15819.282000000005
69175,15982.270000000002
69176,15587.268000000004
69177,15947.264000000003
69178,14505.263000000004
69179,16170.261000000006
69180,16333.253000000004
69181,16708.254
69182,17658.254
69183,18748.254000000004
69184,18403.256000000005
69185,19587.249000000003
69186,18617.248000000003
69187,19197.240000000005
69188,19052.235000000004
69189,18887.230000000003
69190,17372.232000000004
69191,16567.231000000003
69192,14970.230000000003
69193,12835.227000000003
69194,12427.223000000005
69195,12025.215000000006
69196,13020.209000000004
69197,12600.207000000004
69198,13200.200000000004
69199,13860.190000000006
69200,14453.187000000005
69201,14848.183000000006
69202,15230.184000000005
69203,15385.187000000005
69204,14241.186000000005
69205,13611.192000000006
69206,14381.195000000007
69207,13416.193000000007
69208,13176.201000000008
69209,15346.199000000006
69210,15746.199000000006
69211,15776.197000000006
69212,16336.203000000007
69213,18276.205000000005
69214,18671.205000000005
69215,18861.208000000006
69216,17873.209000000006
69217,18253.215000000004
69218,17263.218000000008
69219,16688.22000000001
69220,16103.223000000007
69221,15913.222000000007
69222,14933.223000000007
69223,13976.221000000007
69224,13971.222000000007
69225,14969.222000000007
69226,15374.219000000006
69227,15799.215000000006
69228,16379.217000000004
69229,15994.216000000004
69230,16624.211000000003
69231,17034.210000000006
69232,17059.207000000002
69233,16077.210000000005
69234,15687.210000000005
69235,15302.207000000004
69236,16629.211000000003
69237,16399.212000000003
69238,17582.209000000003
69239,19122.212000000003
69240,18352.210000000003
69241,17167.211000000003
69242,17762.210000000003
69243,18567.206000000002
69244,17777.208000000002
69245,18342.210000000003
69246,18547.206000000002
69247,18924.205
69248,18149.204
69249,17559.206000000002
69250,17967.204
69251,18002.202
69252,17997.203
69253,17407.204
69254,17802.205
69255,18329.208000000002
69256,17579.206000000002
69257,17394.205
69258,17029.201
69259,17239.199
69260,18401.2
69261,18561.204
69262,18556.205
69263,17999.202
69264,17014.204
69265,16449.201000000005
69266,17842.198
69267,17262.197
69268,18052.196
69269,20179.197
69270,18839.195
69271,18859.194000000003
69272,19044.192
69273,19609.195
69274,18814.196
69275,19414.193
69276,18991.196
69277,18796.198
69278,19039.194
69279,18854.193
69280,19244.195
69281,19037.198
69282,19222.199
69283,19027.2
69284,19032.199
69285,19647.197
69286,18664.197
69287,18674.197
69288,17091.199000000004
69289,17501.196000000004
69290,18271.196
69291,18469.196
69292,18844.196
69293,19057.194
69294,18867.193
69295,18292.191
69296,18732.188000000002
69297,19322.187
69298,19912.187
69299,21087.185999999998
69300,19957.183
69301,19949.183
69302,19549.185
69303,20339.186
69304,19736.188000000002
69305,19744.187
69306,19919.189000000002
69307,19917.188000000002
69308,20492.190000000002
69309,20474.192
69310,20517.191000000003
69311,20107.195000000003
69312,20512.194000000003
69313,19942.193000000003
69314,19182.191000000003
69315,19374.191000000003
69316,18749.192000000003
69317,18354.189000000002
69318,16386.190000000002
69319,16966.190000000002
69320,18296.190000000002
69321,18448.195000000003
69322,18661.192000000003
69323,18436.196000000004
69324,18601.199000000004
69325,17796.199000000004
69326,17829.195000000003
69327,18227.195000000003
69328,19192.195
69329,20337.196000000004
69330,19169.197000000004
69331,18999.190000000002
69332,19589.189000000002
69333,20544.191000000003
69334,19764.190000000002
69335,19924.193000000003
69336,20337.189000000002
69337,20534.188000000002
69338,20752.185
69339,20987.179000000004
69340,21157.178000000004
69341,22122.179000000004
69342,22107.179000000004
69343,20937.179000000004
69344,20597.174000000003
69345,21574.170000000002
69346,21374.169
69347,20794.170000000002
69348,20014.172000000002
69349,19963.174000000003
69350,20148.174000000003
69351,19550.177000000003
69352,19755.173000000003
69353,19353.175000000003
69354,19325.176000000003
69355,18550.176000000003
69356,18715.179
69357,19128.176
69358,20711.175
69359,21316.178
69360,21326.178
69361,20918.181
69362,20318.184
69363,20473.190000000002
69364,19688.191000000003
69365,20853.189000000002
69366,21044.191000000003
69367,21255.193000000003
69368,21640.193000000003
69369,22021.198
69370,21251.198000000004
69371,21478.195000000003
69372,22884.194000000003
69373,22305.198000000004
69374,22144.194000000003
69375,22177.189000000002
69376,22182.189000000002
69377,21802.188000000002
69378,21417.186
69379,20830.191000000003
69380,20862.190000000002
69381,20464.191000000003
69382,20056.195000000003
69383,19529.192000000003
69384,19949.187
69385,19775.186
69386,20415.182
69387,20445.181
69388,21415.18
69389,22610.18
69390,22795.182
69391,21955.192000000003
69392,21423.189000000002
69393,21412.186
69394,21407.185
69395,23196.183
69396,23226.183
69397,23208.183
69398,23594.181
69399,23009.184
69400,23216.183
69401,23355.189000000002
69402,23742.189000000002
69403,23738.195000000003
69404,23593.194000000003
69405,23021.191000000003
69406,23071.193000000003
69407,22896.193000000003
69408,22948.188000000002
69409,22406.185
69410,23063.184
69411,22316.183
69412,23317.183
69413,24146.187
69414,25126.187
69415,25657.18
69416,25915.182
69417,26080.187
69418,26253.188000000002
69419,27258.184
69420,27235.189000000002
69421,26510.186
69422,26090.192000000003
69423,26135.189000000002
69424,25338.192
69425,25084.198
69426,26230.201
69427,26207.201
69428,26215.203
69429,25633.206000000002
69430,24898.206000000002
69431,25503.206000000002
69432,24994.205
69433,24204.208000000002
69434,24271.201
69435,23665.201
69436,24713.194
69437,24366.196
69438,23757.199
69439,23183.201
69440,23912.196000000004
69441,22942.203
69442,23580.204
69443,25001.198
69444,25750.204
69445,25581.202000000005
69446,25456.198000000004
69447,26412.194000000003
69448,26890.186
69449,28125.184
69450,28529.183
69451,28122.181
69452,27699.185
69453,27955.183
69454,27021.181
69455,27813.18
69456,27814.178
69457,28505.171000000002
69458,28494.172000000002
69459,27913.170000000002
69460,27525.169
69461,28103.165
69462,28117.169
69463,27482.176
69464,27356.170000000002
69465,26357.173999999995
69466,26821.17
69467,25864.172000000002
69468,25226.172000000002
69469,24638.175
69470,24816.179
69471,24587.179
69472,24749.181999999997
69473,25771.179999999997
69474,26743.181
69475,26567.18
69476,26249.177
69477,26038.178000000004
69478,26005.182
69479,27930.182
69480,27960.182
69481,27040.182
69482,26624.187
69483,26866.181000000004
69484,25601.174000000003
69485,26181.175000000003
69486,25780.175000000003
69487,26814.177000000003
69488,27485.172000000002
69489,26503.174000000003
69490,26465.174000000003
69491,27064.176000000003
69492,26797.183
69493,27036.183
69494,26816.191000000003
69495,26673.196
69496,26952.199
69497,26240.2
69498,26032.204
69499,25760.208000000002
69500,26545.208000000002
69501,26980.208000000002
69502,27408.209000000003
69503,28214.213000000003
69504,29299.218
69505,28525.217
69506,29126.217
69507,28727.218
69508,28170.218
69509,29446.215
69510,29247.219
69511,29094.216
69512,28229.224000000002
69513,27526.225000000002
69514,26619.218
69515,27017.224000000002
69516,27019.225000000002
69517,28653.225000000002
69518,28852.225000000002
69519,27853.228000000003
69520,27803.234000000004
69521,28256.229000000003
69522,28457.229000000003
69523,28702.236000000004
69524,28967.238000000005
69525,28777.253000000004
69526,28915.253
69527,28573.249000000003
69528,27610.249000000003
69529,26987.259000000002
69530,27118.269000000004
69531,27133.273000000005
69532,26948.274000000005
69533,28395.270000000004
69534,29537.267000000003
69535,29441.260000000002
69536,30267.264000000003
69537,29843.261000000002
69538,29129.264000000003
69539,29882.265000000003
69540,29347.262000000002
69541,29590.252
69542,29370.253
69543,29535.249
69544,28152.25
69545,29076.252
69546,27908.261000000002
69547,29113.259000000002
69548,29834.259000000002
69549,28398.263000000003
69550,28824.255
69551,29259.248000000003
69552,29026.245000000003
69553,29013.246000000003
69554,29510.253
69555,29753.238000000005
69556,29698.241000000005
69557,28552.246000000006
69558,28014.238000000005
69559,28557.237000000005
69560,28999.235000000004
69561,29183.227000000003
69562,30069.227000000003
69563,30429.227000000003
69564,30737.228000000003
69565,30086.231000000003
69566,30939.228000000003
69567,30601.223000000005
69568,30839.213000000003
69569,32005.210000000003
69570,31798.205
69571,31751.210000000003
69572,31501.207000000002
69573,31497.197000000004
69574,29550.196
69575,29765.194
69576,28757.199
69577,29367.199
69578,30080.191
69579,29372.192000000003
69580,29153.188
69581,30122.188000000002
69582,30129.181
69583,28955.175
69584,29823.177
69585,30544.179
69586,29961.169
69587,29529.16
69588,29491.153
69589,28687.148
69590,28515.139
69591,27852.138
69592,27804.136000000002
69593,28121.131
69594,29008.125
69595,28362.126000000004
69596,28968.124000000003
69597,28357.124000000003
69598,29147.122
69599,30469.127000000004
69600,30425.131
69601,30413.13
69602,31014.129
69603,30987.128
69604,30587.125
69605,30610.124
69606,30351.118000000002
69607,30894.117000000002
69608,31990.115
69609,31577.113
69610,31224.110000000004
69611,32197.107000000004
69612,32750.107000000004
69613,31584.102
69614,31974.101
69615,32250.107
69616,31455.111
69617,30821.111
69618,29924.109000000004
69619,29091.107
69620,29474.106
69621,28475.107000000004
69622,28261.107000000004
69623,29226.104000000007
69624,29476.102000000006
69625,29341.099000000006
69626,29250.104000000003
69627,28795.105000000003
69628,28988.102000000003
69629,30009.102000000003
69630,29636.098
69631,29462.096
69632,29497.094
69633,28852.093
69634,27712.092
69635,28125.091000000004
69636,28675.089000000004
69637,29680.087000000003
69638,30590.086000000003
69639,30425.084000000006
69640,30018.086000000007
69641,31006.086000000003
69642,31586.080000000005
69643,30994.079
69644,31770.078000000005
69645,31582.075
69646,30584.074000000004
69647,30194.073
69648,28643.071
69649,27978.067000000003
69650,28519.068000000003
69651,28072.066000000003
69652,27971.063000000002
69653,29143.061000000005
69654,29553.061000000005
69655,30423.058000000005
69656,30698.058000000008
69657,30708.056000000008
69658,30675.054000000007
69659,31450.055000000004
69660,30640.056000000008
69661,30575.059000000005
69662,30795.057000000004
69663,30470.054000000007
69664,29695.053000000007
69665,29650.053000000004
69666,29880.051000000003
69667,30875.052000000007
69668,30855.056000000008
69669,29840.059000000005
69670,29665.06000000001
69671,31010.059000000005
69672,30425.059000000005
69673,29805.061000000005
69674,29960.065000000006
69675,29910.065000000006
69676,29715.065000000006
69677,28515.067000000006
69678,27645.061000000005
69679,26865.061000000005
69680,27670.062000000005
69681,26690.063000000006
69682,27060.063000000006
69683,28505.058000000005
69684,28900.059000000005
69685,30300.057000000004
69686,30295.058000000005
69687,30660.058000000005
69688,31435.059000000005
69689,33170.05900000001
69690,33240.05500000001
69691,33615.053
69692,32845.056000000004
69693,32710.054000000004
69694,31835.058000000005
69695,31570.053000000004
69696,30785.054000000004
69697,32190.051000000003
69698,32595.053000000004
69699,32205.053000000004
69700,32060.054000000004
69701,33240.052
69702,32235.053000000004
69703,31280.054000000004
69704,31525.054000000007
69705,30750.053000000007
69706,30655.048000000003
69707,29480.050000000007
69708,28475.052000000003
69709,27500.052000000003
69710,27320.055000000004
69711,26440.061000000005
69712,27115.058000000005
69713,27910.055000000004
69714,29105.055000000004
69715,29800.054000000004
69716,30170.053000000004
69717,30985.051000000003
69718,31370.054000000004
69719,32910.053
69720,32870.048
69721,33830.048
69722,32955.053
69723,32760.053000000004
69724,31160.057000000004
69725,31250.059000000005
69726,31860.054000000004
69727,32475.053000000004
69728,32900.052
69729,32315.052000000003
69730,32755.053000000004
69731,33560.053
69732,33135.05500000001
69733,32680.059000000005
69734,32885.058000000005
69735,32045.060000000005
69736,31455.062000000005
69737,30120.061000000005
69738,29365.061000000005
69739,28280.060000000005
69740,28480.061000000005
69741,27310.061000000005
69742,27845.062000000005
69743,28150.060000000005
69744,29510.062000000005
69745,30380.05900000001
69746,30565.06100000001
69747,31015.059000000005
69748,31960.06200000001
69749,32795.06100000001
69750,32655.06200000001
69751,33015.065
69752,33220.06300000001
69753,32635.06300000001
69754,31820.06500000001
69755,32055.06200000001
69756,31500.06200000001
69757,32700.06100000001
69758,32355.06200000001
69759,32585.06000000001
69760,32755.06000000001
69761,33550.05700000001
69762,33225.05500000001
69763,33110.054000000004
69764,32490.056000000008
69765,32165.054000000007
69766,32135.055000000008
69767,30395.057000000008
69768,29810.057000000008
69769,28455.055000000008
69770,28480.055000000008
69771,28290.055000000008
69772,28880.054000000007
69773,29465.055000000004
69774,31170.051000000007
69775,31625.049000000006
69776,31895.054000000007
69777,31670.056000000008
69778,32485.054000000007
69779,33260.05500000001
69780,33065.05600000001
69781,32680.06200000001
69782,32695.06500000001
69783,31740.06600000001
69784,31440.05900000001
69785,32530.051000000007
69786,32510.050000000007
69787,33720.047000000006
69788,34245.049000000006
69789,34640.048
69790,34280.048
69791,34720.048
69792,33545.05
69793,32915.054000000004
69794,32865.05900000001
69795,32950.05700000001
69796,32520.06100000001
69797,31565.06300000001
69798,30485.06100000001
69799,28880.06100000001
69800,29710.06000000001
69801,30080.059000000005
69802,30695.058000000008
69803,31515.055000000008
69804,31695.05900000001
69805,31305.05900000001
69806,30825.05900000001
69807,30595.06100000001
69808,31535.06300000001
69809,33485.058000000005
69810,33225.05200000001
69811,32420.052000000007
69812,32445.052000000007
69813,32070.050000000007
69814,30670.052000000007
69815,31315.050000000007
69816,31315.050000000007
69817,32105.049000000006
69818,33265.04800000001
69819,33505.049000000006
69820,33220.05
69821,33640.049000000006
69822,33250.049000000006
69823,34170.05
69824,34525.053
69825,34330.053
69826,33965.05300000001
69827,33925.057
69828,32925.058000000005
69829,31015.055000000008
69830,31650.056000000008
69831,32065.056000000008
69832,32060.057000000008
69833,31625.06200000001
69834,32325.06800000001
69835,32110.06700000001
69836,32005.06700000001
69837,31490.06400000001
69838,32030.06300000001
69839,32580.06600000001
69840,31600.06700000001
69841,30945.07100000001
69842,30335.07100000001
69843,29345.07000000001
69844,28795.06800000001
69845,29655.06200000001
69846,30565.06400000001
69847,30755.06600000001
69848,31380.06400000001
69849,32095.06800000001
69850,32325.06600000001
69851,32275.06700000001
69852,33135.062000000005
69853,33845.066000000006
69854,34780.066000000006
69855,35250.066000000006
69856,34330.06400000001
69857,34720.06500000001
69858,34415.06300000001
69859,32445.06800000001
69860,33595.06700000001
69861,33910.064000000006
69862,33565.06500000001
69863,33535.068000000014
69864,33295.06900000001
69865,33115.07100000001
69866,33165.07000000001
69867,32600.07100000001
69868,32870.066000000006
69869,32765.06300000001
69870,32375.06300000001
69871,32925.06500000001
69872,32065.06200000001
69873,31450.06300000001
69874,31435.06100000001
69875,30855.06000000001
69876,31815.06300000001
69877,31615.06400000001
69878,31585.06500000001
69879,32915.062000000005
69880,32705.06000000001
69881,32570.06200000001
69882,32860.06700000001
69883,33090.06500000001
69884,34225.067
69885,35305.06599999999
69886,34055.063
69887,34700.061
69888,34940.057
69889,34195.055
69890,35145.055
69891,34570.05700000001
69892,34145.058
69893,34340.058
69894,33615.056000000004
69895,34100.057
69896,34460.058000000005
69897,34680.058000000005
69898,33930.061
69899,34145.057
69900,33940.059
69901,34985.055
69902,34745.049999999996
69903,34720.049000000006
69904,34490.05100000001
69905,33165.05200000001
69906,33725.05200000001
69907,32930.05500000001
69908,32360.058000000008
69909,33040.06300000001
69910,32655.06100000001
69911,32060.06300000001
69912,32045.06600000001
69913,31565.06900000001
69914,33020.068000000014
69915,33315.06400000001
69916,32085.06700000001
69917,32515.06500000001
69918,32170.06600000001
69919,31625.06500000001
69920,32015.06500000001
69921,32575.06600000001
69922,33010.063
69923,33040.062000000005
69924,33042.06300000001
69925,33604.063
69926,34359.064
69927,34827.06100000001
69928,35027.06100000001
69929,34497.060000000005
69930,34727.058000000005
69931,34582.05800000001
69932,34426.05900000001
69933,34191.063
69934,33381.064000000006
69935,31826.068000000007
69936,32636.067000000006
69937,31862.065000000006
69938,31397.071000000007
69939,32127.071000000007
69940,31552.069000000007
69941,31590.066000000006
69942,31825.064000000006
69943,31175.069000000007
69944,32350.070000000007
69945,32315.072000000007
69946,31384.072000000007
69947,31607.073000000008
69948,30429.07600000001
69949,30469.074000000008
69950,30849.07600000001
69951,31391.075000000008
69952,32251.069000000007
69953,32446.072000000007
69954,33056.073000000004
69955,34661.07000000001
69956,34236.073000000004
69957,35558.07200000001
69958,35955.07100000001
69959,35760.07100000001
69960,35710.073000000004
69961,35695.077000000005
69962,36170.07600000001
69963,35483.081000000006
69964,34283.083000000006
69965,33805.077000000005
69966,34425.07500000001
69967,33474.07800000001
69968,33823.07800000001
69969,34248.077000000005
69970,34216.078
69971,33069.079000000005
69972,31713.081000000006
69973,32263.083000000006
69974,33227.084
69975,32152.090000000007
69976,31782.091000000008
69977,31669.09500000001
69978,30914.09600000001
69979,30292.10000000001
69980,30772.09800000001
69981,31177.09500000001
69982,31542.09500000001
69983,32091.09400000001
69984,32065.09700000001
69985,34235.09700000001
69986,34630.09700000001
69987,35412.09700000001
69988,35414.09700000001
69989,35049.09800000001
69990,34460.09800000001
69991,35070.09800000001
69992,36085.09500000001
69993,35274.09700000001
69994,34095.09800000001
69995,33320.09800000001
69996,33778.09700000001
69997,33446.09700000001
69998,33463.10100000001
69999,33993.10400000001
70000,34190.109
70001,33991.11000000001
70002,32898.11300000001
70003,32652.11800000001
70004,33432.12200000001
70005,32224.11700000001
70006,32069.120000000006
70007,31318.124000000007
70008,30568.129000000008
70009,31070.123000000007
70010,31358.129000000008
70011,31368.129000000008
70012,32023.13200000001
70013,32853.130000000005
70014,33147.13300000001
70015,34717.135
70016,35099.136000000006
70017,36139.141
70018,35868.149
70019,35779.153999999995
70020,35675.154
70021,35952.16100000001
70022,35749.164000000004
70023,35730.162000000004
70024,34773.16700000001
70025,34194.17100000001
70026,34217.17800000001
70027,33674.174000000006
70028,33374.17800000001
70029,32829.18000000001
70030,32116.18600000001
70031,32512.18800000001
70032,31541.18800000001
70033,31871.18600000001
70034,32828.185000000005
70035,32369.18700000001
70036,32679.183000000008
70037,33429.18600000001
70038,33246.18600000001
70039,33388.19000000001
70040,33506.19500000001
70041,32548.198000000008
70042,34001.198000000004
70043,34096.204000000005
70044,33890.209
70045,34430.214
70046,34258.213
70047,34502.214
70048,35104.218
70049,34986.218
70050,34688.22
70051,35076.222
70052,35169.227999999996
70053,35139.234000000004
70054,34852.235
70055,34785.231
70056,35342.22900000001
70057,34460.23
70058,34315.23100000001
70059,33648.23700000001
70060,33402.242000000006
70061,34438.244000000006
70062,32720.242000000006
70063,32776.240000000005
70064,34039.23900000001
70065,34606.239
70066,34789.240000000005
70067,34970.23800000001
70068,34574.244000000006
70069,34419.244000000006
70070,34781.24600000001
70071,34519.24100000001
70072,35242.24600000001
70073,34668.251000000004
70074,34073.255000000005
70075,34804.261000000006
70076,33785.270000000004
70077,34116.26900000001
70078,34524.273
70079,35303.272
70080,35397.271
70081,36111.27
70082,36994.268
70083,36812.276
70084,36477.27599999999
70085,36144.278999999995
70086,36909.284999999996
70087,36297.291
70088,36904.291999999994
70089,36997.291999999994
70090,36841.294
70091,37855.294
70092,36931.295
70093,36307.3
70094,37170.301999999996
70095,36736.308000000005
70096,37412.30700000001
70097,37559.30500000001
70098,36161.30700000001
70099,36361.30700000001
70100,36248.305000000015
70101,35200.30700000001
70102,35860.30800000001
70103,35720.31200000001
70104,35706.310000000005
70105,36222.313
70106,35560.312000000005
70107,35945.314000000006
70108,35871.32200000001
70109,36087.32700000001
70110,36467.329000000005
70111,36787.33900000001
70112,37376.344000000005
70113,36995.33700000001
70114,36643.34200000001
70115,37194.343000000015
70116,38011.343000000015
70117,37222.34100000001
70118,37430.343000000015
70119,37459.34900000001
70120,37199.34900000001
70121,37933.35300000001
70122,37480.35300000001
70123,37733.35900000001
70124,38846.35800000001
70125,38496.35800000001
70126,37750.36100000001
70127,38153.36500000001
70128,37978.37000000001
70129,37545.379000000015
70130,37748.37600000002
70131,37394.379000000015
70132,37363.37800000002
70133,37687.37800000002
70134,37195.38000000001
70135,37000.38100000001
70136,36367.38100000001
70137,37031.37900000001
70138,37805.373000000014
70139,37668.38100000001
70140,38399.388000000006
70141,38023.39500000001
70142,38990.39900000001
70143,38639.401000000005
70144,38407.40200000001
70145,38348.40600000001
70146,40003.40200000001
70147,39840.39700000001
70148,40068.39600000001
70149,40409.39500000001
70150,40106.40100000001
70151,40698.40300000001
70152,40127.40800000001
70153,39798.40800000002
70154,40005.413000000015
70155,39917.42100000002
70156,39802.42300000001
70157,39138.430000000015
70158,38888.43700000002
70159,38413.436000000016
70160,37611.43700000002
70161,37145.44600000002
70162,36630.447000000015
70163,37404.453000000016
70164,38310.447000000015
70165,38984.44500000002
70166,38418.44800000001
70167,39744.45000000001
70168,39369.451000000015
70169,39963.449000000015
70170,40478.445000000014
70171,40613.44700000001
70172,41296.45200000001
70173,41698.44800000001
70174,41766.452000000005
70175,41164.46000000001
70176,42673.464000000014
70177,42240.46100000002
70178,41483.46300000002
70179,40824.47200000001
70180,41778.46400000001
70181,42206.46300000001
70182,42167.46000000001
70183,41352.46300000001
70184,41091.46400000001
70185,40680.46800000001
70186,40872.472000000016
70187,40164.482000000025
70188,41107.48300000002
70189,41699.483000000015
70190,41162.49200000001
70191,40339.49500000001
70192,40887.49000000001
70193,41996.50000000001
70194,42971.50200000001
70195,44051.498000000014
70196,43256.502000000015
70197,44226.50100000001
70198,44330.51100000001
70199,43867.51200000002
70200,44253.51000000002
70201,44151.515000000014
70202,45092.50600000002
70203,44960.51300000002
70204,44855.516000000025
70205,44908.51900000002
70206,45597.515000000036
70207,44606.51500000002
70208,43592.522000000026
70209,43428.51800000003
70210,42898.522000000026
70211,43847.52200000002
70212,43066.522000000026
70213,41365.53000000002
70214,41123.533000000025
70215,40329.53400000002
70216,41032.53300000001
70217,41267.53100000002
70218,41230.54000000002
70219,41212.552000000025
70220,41215.55300000002
70221,41101.551000000014
70222,41319.56000000001
70223,42022.567000000025
70224,41721.57400000002
70225,41035.57200000002
70226,40720.572000000015
70227,41953.578000000016
70228,41947.58000000001
70229,41673.591000000015
70230,43140.58300000001
70231,43118.585000000014
70232,44069.58100000001
70233,45042.57400000001
70234,44649.582
70235,44695.58500000002
70236,45110.58100000002
70237,44163.58100000002
70238,43466.58600000002
70239,42751.584
70240,42486.587000000014
70241,42975.595000000016
70242,41750.601000000024
70243,41639.60400000002
70244,42253.593000000015
70245,42219.59200000001
70246,43069.587000000014
70247,42932.59700000001
70248,43601.59200000001
70249,43502.593000000015
70250,43561.595000000016
70251,42641.60300000002
70252,42559.60500000001
70253,42564.611000000004
70254,42951.60500000001
70255,42813.60400000001
70256,41924.603
70257,43276.594000000005
70258,43526.58800000001
70259,43548.58700000001
70260,43630.587000000014
70261,43118.59500000001
70262,44059.60500000001
70263,43829.606000000014
70264,43472.617000000006
70265,43460.615000000005
70266,43604.61300000001
70267,42965.61300000001
70268,42747.613000000005
70269,43226.60600000001
70270,42690.613000000005
70271,43713.608
70272,43048.603
70273,42706.60400000001
70274,42892.611000000004
70275,43282.613000000005
70276,42697.615000000005
70277,41745.61000000001
70278,41815.60800000001
70279,42484.60700000002
70280,42963.61000000001
70281,42606.61600000001
70282,42466.611000000004
70283,43408.60100000001
70284,43307.60700000001
70285,43682.61400000001
70286,42817.62400000001
70287,43411.613000000005
70288,43445.60700000001
70289,43617.61100000001
70290,43395.613000000005
70291,42664.61500000001
70292,43375.613000000005
70293,43280.60500000001
70294,43539.609000000004
70295,43307.607
70296,43049.614000000016
70297,43221.61700000001
70298,43120.61500000001
70299,42265.61900000002
70300,41852.62200000002
70301,42419.62500000002
70302,41852.62300000002
70303,41296.62400000002
70304,40913.629000000015
70305,41619.62000000002
70306,41978.61900000001
70307,41596.63200000001
70308,40829.64800000002
70309,41211.63600000001
70310,41660.64700000001
70311,41406.65300000001
70312,40940.645000000004
70313,41353.650000000016
70314,42088.65300000001
70315,41381.65300000003
70316,41110.64800000003
70317,41212.65100000002
70318,41761.65600000002
70319,41960.644000000015
70320,42213.64200000002
70321,42610.63600000002
70322,42531.633000000016
70323,42342.63700000001
70324,42369.63000000001
70325,42348.624
70326,42387.62000000001
70327,42587.61800000001
70328,42899.61000000001
70329,42400.610000000015
70330,41793.61400000002
70331,41937.612000000016
70332,40751.606000000014
70333,40583.598000000005
70334,40284.597
70335,40667.592000000004
70336,40578.58800000001
70337,38875.590000000004
70338,38383.59000000001
70339,38836.584
70340,38389.587999999996
70341,37235.59100000001
70342,36816.58600000001
70343,36582.591000000015
70344,37757.59600000001
70345,37894.60000000001
70346,38212.58700000002
70347,38545.59200000002
70348,37690.58900000001
70349,37350.591
70350,37808.581000000006
70351,38144.580000000016
70352,38483.58700000001
70353,39104.59000000002
70354,39143.57900000001
70355,38215.57300000001
70356,37943.56900000001
70357,38059.56600000001
70358,37983.56500000002
70359,38030.55500000001
70360,38427.56100000001
70361,38895.55600000001
70362,38726.54800000002
70363,37786.55800000001
70364,37228.55200000002
70365,36581.55600000001
70366,36176.55700000001
70367,34814.55800000001
70368,34436.56000000001
70369,35088.558000000005
70370,34376.557000000015
70371,33318.548000000024
70372,32642.546000000024
70373,32458.540000000023
70374,32572.536000000022
70375,33535.53500000002
70376,33542.53800000002
70377,33983.53300000002
70378,33205.53700000002
70379,32368.54100000002
70380,32275.544000000024
70381,32260.542000000023
70382,32951.55100000002
70383,33390.54500000002
70384,34044.542000000016
70385,33202.538000000015
70386,33398.538000000015
70387,34097.52700000001
70388,34378.528000000006
70389,35101.528000000006
70390,35863.522000000004
70391,36143.528
70392,35455.526
70393,35469.526
70394,34762.52
70395,35228.521
70396,34890.530000000006
70397,32863.52400000002
70398,31790.53300000002
70399,32032.52200000002
70400,31438.51300000002
70401,30538.507000000023
70402,30584.50100000002
70403,30394.50300000002
70404,30156.501000000022
70405,29997.498000000018
70406,30292.499000000018
70407,31232.499000000018
70408,31281.489000000016
70409,30914.491000000016
70410,30572.491000000016
70411,30764.49000000002
70412,31687.498000000018
70413,31725.48700000002
70414,31968.491000000016
70415,30796.488000000016
70416,30108.487000000016
70417,30551.495000000017
70418,30541.50100000002
70419,31425.498000000014
70420,31893.498000000014
70421,32260.491000000016
70422,31404.485000000015
70423,32067.471000000012
70424,31785.475000000013
70425,32563.471000000012
70426,32285.474000000013
70427,30578.469000000016
70428,30474.456000000013
70429,29322.450000000015
70430,29229.449000000015
70431,27092.453000000016
70432,26843.448000000015
70433,25739.464000000014
70434,26698.457000000013
70435,27014.453000000012
70436,26864.460000000014
70437,27460.455000000016
70438,27276.447000000015
70439,27413.438000000016
70440,26976.434000000012
70441,27349.434000000012
70442,27551.44200000001
70443,28461.44000000001
70444,28101.43600000001
70445,26895.440000000006
70446,27316.436000000005
70447,27770.43500000001
70448,27906.443000000007
70449,28854.43900000001
70450,29925.43400000001
70451,30380.43400000001
70452,29929.43400000001
70453,29596.42200000001
70454,29389.42000000001
70455,29576.42600000001
70456,29767.42300000001
70457,28431.41800000001
70458,27961.42100000001
70459,26469.42500000001
70460,25750.42500000001
70461,24183.42300000001
70462,23558.42100000001
70463,23302.42100000001
70464,23250.41800000001
70465,23381.409000000007
70466,22868.409000000007
70467,22966.414000000008
70468,23002.41100000001
70469,22873.40600000001
70470,22785.406000000006
70471,23876.40000000001
70472,25056.395000000008
70473,24849.40100000001
70474,25213.388000000006
70475,23830.396000000008
70476,24575.395000000008
70477,25003.395000000008
70478,23819.396000000008
70479,24221.393000000007
70480,25360.387000000006
70481,26074.389000000006
70482,24297.39900000001
70483,24461.39800000001
70484,24240.40400000001
70485,25034.39900000001
70486,25310.39900000001
70487,24192.39800000001
70488,25260.396000000008
70489,24940.386000000006
70490,24141.385000000006
70491,21916.379000000004
70492,22898.369000000002
70493,23388.372
70494,23462.373000000003
70495,23196.372000000003
70496,21493.38
70497,21800.375
70498,21219.375
70499,20763.376
70500,20546.374
70501,21055.374999999996
70502,20932.38
70503,19832.376
70504,19487.374
70505,19287.37
70506,19810.368000000002
70507,19769.377
70508,19272.378
70509,20565.384
70510,20962.38
70511,21386.381
70512,19802.39
70513,20036.386
70514,20305.389
70515,20958.391000000003
70516,22103.391000000003
70517,21451.39
70518,21759.389
70519,19240.393000000004
70520,19637.386000000002
70521,17983.390000000003
70522,18701.385000000002
70523,19116.382
70524,19160.369
70525,19121.363999999998
70526,18270.356000000003
70527,19614.350000000002
70528,19603.346
70529,21765.34
70530,22965.323999999997
70531,22828.326999999997
70532,22396.324999999997
70533,21339.327999999998
70534,20456.332
70535,19909.334
70536,18106.347999999998
70537,17619.346
70538,16117.351000000002
70539,14930.353000000001
70540,13375.355000000003
70541,13989.363000000005
70542,12486.372000000005
70543,12692.377000000006
70544,13167.379000000008
70545,12089.37700000001
70546,13185.381000000008
70547,11605.386000000011
70548,12145.389000000012
70549,11654.397000000012
70550,12814.395000000013
70551,10929.408000000016
70552,11076.418000000016
70553,9797.430000000015
70554,9414.437000000014
70555,8654.453000000016
70556,7014.475000000014
70557,5925.503000000015
70558,3997.5300000000116
70559,1351.5749999999978
70560,1265.448999999996
70561,3688.430000000017
70562,4998.41900000002
70563,6075.416000000018
70564,7531.41100000002
70565,8311.412000000022
70566,9564.409000000023
70567,9839.409000000021
70568,10282.402000000026
70569,11788.394000000022
70570,13847.388000000017
70571,12421.382000000016
70572,11751.382000000014
70573,11481.376000000013
70574,11361.371000000012
70575,11152.375000000011
70576,10252.370000000012
70577,12144.36100000001
70578,12464.360000000008
70579,11944.359000000008
70580,10464.353000000006
70581,12206.354000000007
70582,14367.350000000002
70583,14469.342
70584,13967.339000000002
70585,15304.325
70586,16223.32
70587,16250.313
70588,16855.310999999998
70589,18295.304999999997
70590,19465.306999999997
70591,19423.315
70592,18943.317999999996
70593,19141.326999999997
70594,20944.324999999997
70595,19874.335
70596,21984.334
70597,20954.34
70598,21056.336
70599,20081.335
70600,19578.334000000003
70601,19003.332000000002
70602,19783.327
70603,20036.329
70604,20901.323
70605,21586.315
70606,18791.313000000002
70607,19698.302
70608,19943.299
70609,19313.299
70610,17313.294
70611,16883.292
70612,17058.288
70613,15561.293000000003
70614,13766.294000000004
70615,14281.293000000003
70616,15324.283000000003
70617,14916.281000000003
70618,13631.286000000002
70619,14803.276000000003
70620,15438.283000000003
70621,16591.280000000002
70622,16589.272000000004
70623,16881.271000000004
70624,18206.267000000003
70625,17999.266000000003
70626,18674.265000000003
70627,18196.266000000007
70628,18601.262000000006
70629,17924.263000000006
70630,18922.259000000005
70631,17757.252000000008
70632,18552.246000000006
70633,18167.237000000005
70634,18382.228000000006
70635,18912.225000000006
70636,17577.221000000005
70637,17402.217000000004
70638,17684.214000000007
70639,17636.218000000008
70640,17016.217000000008
70641,17206.213000000007
70642,17484.208000000006
70643,17499.205000000005
70644,16508.210000000006
70645,15953.207000000008
70646,16379.203000000007
70647,16602.202000000005
70648,16052.200000000006
70649,16642.200000000004
70650,16837.202000000005
70651,17617.205000000005
70652,16634.206000000006
70653,17037.207000000006
70654,18207.207000000006
70655,18437.206000000006
70656,18834.203000000005
70657,18462.202000000005
70658,19449.201000000005
70659,18649.206000000006
70660,19824.205000000005
70661,18858.205000000005
70662,20428.204
70663,19793.211000000003
70664,19796.211000000003
70665,20384.211000000003
70666,19999.210000000003
70667,20019.206000000002
70668,19479.201000000005
70669,20833.2
70670,20248.2
70671,20679.197
70672,20289.198
70673,18954.198000000004
70674,17809.196000000004
70675,17801.196000000004
70676,17646.194000000003
70677,18279.191000000003
70678,18479.192000000003
70679,18684.190000000006
70680,18502.190000000002
70681,19497.189000000002
70682,19552.184
70683,20527.184
70684,20537.183
70685,20162.181
70686,21007.177000000003
70687,20204.181000000004
70688,20217.181000000004
70689,18647.183000000005
70690,19402.187
70691,18182.190000000002
70692,18384.190000000006
70693,18579.190000000002
70694,19384.188000000002
70695,19769.188000000006
70696,19343.190000000006
70697,18755.189000000006
70698,18140.194000000007
70699,19125.194000000007
70700,18166.195000000007
70701,18351.197000000007
70702,18774.192000000006
70703,17594.193000000007
70704,17396.192000000006
70705,17383.191000000003
70706,17598.187
70707,18563.189000000002
70708,19386.185
70709,19549.188000000002
70710,20149.186
70711,20531.187
70712,20541.185
70713,21559.18
70714,20584.181
70715,20379.182
70716,20572.182
70717,20757.183
70718,20192.181
70719,20937.18
70720,21702.181
70721,21497.183
70722,21467.186
70723,21257.189000000002
70724,22042.187
70725,22187.192000000003
70726,21992.192000000003
70727,20604.194000000003
70728,20381.196000000004
70729,21148.197000000004
70730,20541.199000000004
70731,20891.204
70732,21461.207000000002
70733,21061.205
70734,20879.204
70735,20499.202
70736,19511.203000000005
70737,20696.2
70738,21876.2
70739,21691.199
70740,22101.197
70741,22294.199
70742,22264.202
70743,22649.203
70744,22241.205
70745,21696.2
70746,22846.201
70747,23089.197
70748,21889.199
70749,20699.203
70750,21639.205
70751,21444.205
70752,21644.203
70753,21284.199
70754,21836.204
70755,21590.207000000002
70756,22010.203
70757,21048.2
70758,21228.201
70759,22188.201
70760,21968.202
70761,22133.201000000005
70762,22564.195000000003
70763,21807.193000000003
70764,21612.192000000003
70765,21814.187
70766,20864.181
70767,21411.185
70768,22151.187
70769,22756.182
70770,22579.179
70771,22744.18
70772,22159.178
70773,23719.178
70774,22581.177
70775,21733.184
70776,21926.184000000005
70777,22321.180000000004
70778,21746.180000000004
70779,21136.180000000004
70780,22131.179000000004
70781,22911.178000000004
70782,23901.177000000003
70783,22511.179000000004
70784,22711.178000000004
70785,21951.175000000003
70786,21571.174000000003
70787,21183.170000000002
70788,21338.175000000003
70789,22673.176000000003
70790,23268.172000000002
70791,22843.172000000002
70792,22225.176000000003
70793,21845.176000000003
70794,21655.175000000003
70795,21465.171000000002
70796,20655.173000000003
70797,20288.170000000006
70798,21258.172000000006
70799,21818.178000000004
70800,21608.180000000004
70801,21585.181000000004
70802,21988.179000000004
70803,23982.176000000007
70804,23587.175000000007
70805,23277.173000000003
70806,24270.170000000002
70807,24470.170000000006
70808,23282.171000000002
70809,22546.173000000003
70810,22946.171000000002
70811,23521.172000000006
70812,24308.169000000005
70813,23960.166000000005
70814,24580.161000000004
70815,23821.161000000004
70816,23236.162000000004
70817,22441.167000000005
70818,23216.165000000005
70819,24984.166000000005
70820,25420.160000000003
70821,24497.161000000004
70822,24282.163000000004
70823,23803.155000000002
70824,22805.160000000003
70825,22808.160000000003
70826,22662.158000000003
70827,22854.162
70828,22838.165000000005
70829,23244.167000000005
70830,23407.171000000006
70831,23647.170000000006
70832,24188.176000000003
70833,25333.177
70834,24547.179000000004
70835,24574.176000000007
70836,25148.179000000007
70837,25168.179000000004
70838,24181.181000000004
70839,23589.184000000005
70840,24769.179000000004
70841,25345.180000000004
70842,25517.183000000005
70843,25114.186
70844,25170.186
70845,24618.182000000004
70846,25193.184
70847,24770.185
70848,25767.186
70849,27692.186
70850,27476.189000000002
70851,26760.185
70852,26931.188000000002
70853,26329.184
70854,26527.186
70855,26147.185
70856,25389.186
70857,25954.188000000002
70858,26343.190000000002
70859,26552.190000000002
70860,26739.196000000004
70861,26366.198000000004
70862,26191.197000000004
70863,27585.197000000004
70864,26850.194000000003
70865,27030.196000000004
70866,27846.193000000003
70867,27875.195000000003
70868,26531.197000000004
70869,25386.200000000004
70870,26163.202000000005
70871,26108.196000000004
70872,26183.195000000003
70873,25861.193000000003
70874,26280.197000000004
70875,25630.206000000002
70876,26491.201000000005
70877,25760.202000000005
70878,26989.200000000004
70879,28423.198000000004
70880,28228.199000000004
70881,27894.195000000003
70882,27184.194000000003
70883,26995.195000000003
70884,26854.195000000003
70885,25651.193000000003
70886,25904.192000000003
70887,26684.194000000003
70888,27235.196000000004
70889,26670.198000000004
70890,27077.198000000004
70891,26433.199
70892,26575.198
70893,27855.191000000003
70894,27840.191
70895,28300.19
70896,28717.189
70897,29356.186999999998
70898,28181.188
70899,27684.182
70900,29654.183999999997
70901,29400.192
70902,29748.194
70903,29522.198
70904,29967.198
70905,30014.196
70906,30415.198
70907,29883.195
70908,29649.2
70909,30054.206000000002
70910,29477.203
70911,28420.204999999998
70912,27807.204999999998
70913,27080.203999999998
70914,26884.209
70915,26699.212
70916,26773.211
70917,27260.207
70918,28024.206000000002
70919,28091.214
70920,28092.216
70921,27828.212
70922,27751.209
70923,29579.197000000004
70924,29280.190000000002
70925,29741.188000000002
70926,29909.190000000002
70927,30155.188000000002
70928,29060.184
70929,27455.193000000003
70930,28451.196000000004
70931,28838.201000000005
70932,29837.2
70933,30021.204
70934,30478.205
70935,30131.209000000003
70936,31233.211000000003
70937,30998.214000000004
70938,31024.216000000004
70939,32678.211000000003
70940,31315.210000000003
70941,31013.208000000002
70942,30854.215000000004
70943,29863.221
70944,29614.234000000004
70945,29074.227000000003
70946,28837.237000000005
70947,28865.238000000005
70948,28627.240000000005
70949,29029.239000000005
70950,28929.248000000003
70951,28383.245000000003
70952,28418.244000000002
70953,29020.243000000006
70954,29291.235000000004
70955,29746.234000000004
70956,29599.232000000004
70957,29715.234000000004
70958,28891.237000000005
70959,27874.241000000005
70960,29242.250000000004
70961,29058.253000000004
70962,29891.255000000005
70963,30771.261000000006
70964,30829.263000000006
70965,30898.262000000006
70966,31775.258000000005
70967,30725.268
70968,31374.265000000003
70969,32213.271000000004
70970,31661.277000000002
70971,30957.278000000002
70972,31311.282000000003
70973,30350.277000000006
70974,29521.278000000002
70975,28991.275000000005
70976,29478.266000000003
70977,29137.271000000004
70978,29238.277000000006
70979,28736.272000000004
70980,29715.273000000005
70981,30038.277000000006
70982,29440.275000000005
70983,29544.276000000005
70984,29558.272000000004
70985,30116.272000000004
70986,30651.272000000004
70987,30976.276000000005
70988,30949.274000000005
70989,29944.279000000006
70990,30903.277000000006
70991,31888.269000000004
70992,32302.267000000003
70993,32784.258
70994,34009.240000000005
70995,33507.234000000004
70996,33690.225000000006
70997,34358.222
70998,35141.217
70999,36441.217999999986
71000,35845.219999999994
71001,35562.221
71002,36009.221999999994
71003,34392.224
71004,33193.212999999996
71005,32343.209000000003
71006,31794.210000000006
71007,31206.213000000003
71008,31450.214000000004
71009,30486.210000000006
71010,30165.206000000006
71011,30308.213000000007
71012,29366.207000000006
71013,30078.206000000006
71014,30948.199000000004
71015,31202.189000000006
71016,31191.187000000005
71017,31810.183000000005
71018,31838.177000000003
71019,31044.170000000006
71020,31418.169000000005
71021,31461.175000000003
71022,33290.164000000004
71023,34437.154
71024,34685.147000000004
71025,34805.149000000005
71026,34567.14
71027,35929.134999999995
71028,35874.136
71029,37098.132999999994
71030,36765.12499999999
71031,36224.11699999999
71032,41758.109000000004
71033,40904.111
71034,39953.109
71035,39352.107
71036,38584.109000000004
71037,37881.105
71038,38596.10400000001
71039,32808.108
71040,33156.108
71041,33195.11
71042,32000.112000000005
71043,32160.108000000004
71044,33533.103
71045,33268.106
71046,33242.105
71047,33630.111000000004
71048,32852.111000000004
71049,32090.112000000005
71050,32199.115000000005
71051,32220.111000000004
71052,33624.109000000004
71053,34148.112
71054,34736.109000000004
71055,34721.11
71056,34738.107
71057,34875.107
71058,35035.109
71059,36455.10599999999
71060,36266.10199999999
71061,36322.09799999999
71062,40268.098
71063,40437.098
71064,44182.098
71065,43322.094
71066,44044.097
71067,43366.099
71068,43521.101
71069,42740.099
71070,42925.100000000006
71071,38061.09700000001
71072,37128.094000000005
71073,36670.09700000001
71074,37225.096000000005
71075,36633.09300000001
71076,36640.091
71077,37605.092000000004
71078,36256.09000000001
71079,36096.08700000001
71080,36507.083000000006
71081,36690.083000000006
71082,38242.084
71083,38243.08
71084,39437.07800000001
71085,40250.07400000001
71086,40050.07400000001
71087,39819.07800000001
71088,40328.08500000001
71089,41693.083000000006
71090,41882.079000000005
71091,40697.082
71092,39322.07800000001
71093,39877.079000000005
71094,38879.077000000005
71095,39070.075000000004
71096,38485.077000000005
71097,36985.073000000004
71098,37205.073000000004
71099,36420.073000000004
71100,35900.06700000001
71101,36125.06400000001
71102,35435.06000000001
71103,35440.05900000001
71104,35205.062000000005
71105,34640.06500000001
71106,35235.06300000001
71107,36750.062000000005
71108,36000.062000000005
71109,29955.06000000001
71110,30535.06100000001
71111,31130.05900000001
71112,32680.06200000001
71113,31905.06200000001
71114,32885.061
71115,31825.06000000001
71116,31675.056000000008
71117,32660.054000000007
71118,38830.05200000001
71119,40730.051999999996
71120,39925.057
71121,39965.054000000004
71122,38205.05500000001
71123,39235.054000000004
71124,38640.05500000001
71125,38820.058000000005
71126,38815.05900000001
71127,37580.062000000005
71128,38045.061
71129,37430.062000000005
71130,37440.06000000001
71131,37925.05600000001
71132,36740.06000000001
71133,36725.058000000005
71134,36495.061
71135,35540.062000000005
71136,36150.062000000005
71137,37685.062000000005
71138,36933.061
71139,36603.06100000001
71140,37205.06300000001
71141,37435.062000000005
71142,38740.064000000006
71143,38095.066000000006
71144,38870.06800000001
71145,39720.065
71146,38915.065
71147,39450.066000000006
71148,40405.065
71149,41965.065
71150,41090.06899999999
71151,40905.066999999995
71152,39960.066000000006
71153,40970.064
71154,39790.066000000006
71155,39840.066000000006
71156,39410.07000000001
71157,38525.06700000001
71158,38495.06800000001
71159,36575.07000000001
71160,36270.06800000001
71161,36125.06300000001
71162,34175.06800000001
71163,34085.06300000001
71164,34725.06300000001
71165,33920.06400000001
71166,34835.066000000006
71167,36030.066000000006
71168,35095.06300000001
71169,29205.06400000001
71170,29950.067000000006
71171,30970.06800000001
71172,31940.06900000001
71173,31385.06800000001
71174,31430.06900000001
71175,32445.06600000001
71176,32225.06600000001
71177,31800.06900000001
71178,32990.07100000001
71179,33950.075000000004
71180,34520.073
71181,34000.073000000004
71182,33365.073000000004
71183,34680.073
71184,33865.07
71185,33325.07200000001
71186,33150.06800000001
71187,32960.06800000001
71188,33325.06800000001
71189,32180.069000000007
71190,31435.069000000007
71191,30420.072000000007
71192,29450.071000000007
71193,29485.069000000007
71194,30055.072000000007
71195,29855.073000000008
71196,31055.072000000007
71197,31815.073000000008
71198,30775.07600000001
71199,30620.073000000008
71200,31245.070000000007
71201,32225.070000000007
71202,33110.073000000004
71203,31790.074000000008
71204,31415.07600000001
71205,31215.07800000001
71206,31635.07800000001
71207,31890.07600000001
71208,31920.075000000008
71209,33940.072
71210,34365.071
71211,33470.07
71212,33280.06900000001
71213,33160.07000000001
71214,32095.07300000001
71215,31725.07400000001
71216,31765.07100000001
71217,31380.07200000001
71218,31535.07500000001
71219,30455.07200000001
71220,29930.07000000001
71221,29545.07000000001
71222,28740.07000000001
71223,28575.06900000001
71224,28795.07000000001
71225,28755.07300000001
71226,29380.07000000001
71227,30380.07000000001
71228,30360.06900000001
71229,30595.06600000001
71230,30920.06900000001
71231,31730.06800000001
71232,32335.06900000001
71233,32170.06900000001
71234,33025.064000000006
71235,33355.067
71236,33030.06900000001
71237,33430.067
71238,33395.06900000001
71239,33940.07200000001
71240,34250.07400000001
71241,33300.07400000001
71242,33665.07400000001
71243,34565.07000000001
71244,33820.06800000001
71245,33840.069
71246,33650.07000000001
71247,33225.072
71248,32980.069
71249,31640.069000000007
71250,31510.06700000001
71251,30920.06900000001
71252,29590.06800000001
71253,29380.06700000001
71254,29685.07000000001
71255,29300.069000000007
71256,30330.06800000001
71257,30590.065000000006
71258,29870.07400000001
71259,30290.075000000008
71260,30480.078000000012
71261,31420.080000000013
71262,31730.077000000012
71263,31870.079000000012
71264,32485.08100000001
71265,32950.07600000001
71266,32510.076000000012
71267,32760.076000000012
71268,32910.075000000004
71269,33755.073000000004
71270,34735.072
71271,34620.067
71272,34615.068
71273,35230.067
71274,33530.076
71275,33925.075000000004
71276,34020.072
71277,33030.075000000004
71278,33455.07300000001
71279,32700.074000000008
71280,31650.079000000012
71281,30905.077000000012
71282,30120.08000000001
71283,29755.08000000001
71284,29595.07800000001
71285,29630.077000000012
71286,30695.07400000001
71287,31725.07400000001
71288,31555.07400000001
71289,30935.076000000012
71290,30665.07300000001
71291,31535.079000000012
71292,31850.081000000013
71293,32530.077000000012
71294,34255.07400000001
71295,34800.07800000001
71296,34020.07800000001
71297,33855.077000000005
71298,33445.08100000001
71299,33800.083000000006
71300,35300.08
71301,34420.08
71302,34955.08
71303,34225.081
71304,35520.077
71305,36240.07
71306,36045.07
71307,35668.067
71308,35658.069
71309,34783.07400000001
71310,34433.07100000001
71311,33443.07500000001
71312,32923.07600000001
71313,32678.07600000001
71314,31138.07700000001
71315,29618.07800000001
71316,30593.078000000012
71317,31603.075000000008
71318,31498.07200000001
71319,31128.07300000001
71320,30383.07100000001
71321,31778.06900000001
71322,31018.07000000001
71323,32193.06900000001
71324,33133.07100000001
71325,34278.071
71326,33723.07000000001
71327,33783.06800000001
71328,32768.07100000001
71329,33393.06800000001
71330,34203.07200000001
71331,33653.07000000001
71332,33713.067
71333,33086.065
71334,33616.06500000001
71335,34251.065
71336,33846.063
71337,33291.062000000005
71338,34496.06
71339,33821.063
71340,33411.062000000005
71341,33301.05900000001
71342,33306.058000000005
71343,33591.05500000001
71344,32626.053000000007
71345,31351.049000000006
71346,32741.049000000006
71347,32801.047000000006
71348,33608.047000000006
71349,33038.04900000001
71350,32508.047000000006
71351,33813.049000000006
71352,33783.05200000001
71353,34613.052
71354,35003.054000000004
71355,35348.053
71356,34768.053
71357,35163.057
71358,34213.05900000001
71359,34343.063
71360,35158.060999999994
71361,34174.062
71362,33744.064999999995
71363,32544.067000000006
71364,33264.072
71365,34819.073
71366,34304.07
71367,33767.071
71368,33447.077000000005
71369,33246.076
71370,32226.08200000001
71371,31981.08200000001
71372,31816.08200000001
71373,31506.08100000001
71374,30586.08100000001
71375,28323.08600000001
71376,29873.08900000001
71377,30313.08900000001
71378,31598.08000000001
71379,31234.08300000001
71380,30809.08500000001
71381,32234.08300000001
71382,32269.08100000001
71383,33609.08100000001
71384,33391.08200000001
71385,34261.079000000005
71386,33301.081000000006
71387,33391.078000000016
71388,34981.072
71389,34526.075000000004
71390,35236.079000000005
71391,34521.07600000001
71392,34926.073000000004
71393,35532.071
71394,36032.073000000004
71395,36998.074
71396,36368.073
71397,36463.068999999996
71398,35288.07000000001
71399,34823.076
71400,33720.075000000004
71401,33725.07400000001
71402,34055.076
71403,33842.076
71404,33957.077000000005
71405,32167.07900000001
71406,34092.08
71407,34206.083000000006
71408,33651.084
71409,33161.090000000004
71410,32936.09300000001
71411,33911.095
71412,33116.09900000001
71413,32911.102000000006
71414,33070.10100000001
71415,33745.098
71416,32801.102000000006
71417,33096.09700000001
71418,33901.09700000001
71419,33884.100000000006
71420,35172.104999999996
71421,33832.10600000001
71422,33816.107
71423,34294.105
71424,33761.105
71425,34711.107
71426,33696.11000000001
71427,33651.10900000001
71428,33506.10900000001
71429,32946.10900000001
71430,32026.10900000001
71431,32755.10200000001
71432,33784.097
71433,33394.098000000005
71434,33394.09900000001
71435,32449.10000000001
71436,33670.102
71437,34441.11
71438,33925.103
71439,32883.109000000004
71440,31600.111000000008
71441,32345.11400000001
71442,32085.12100000001
71443,32536.120000000014
71444,33258.124
71445,33472.128000000004
71446,32487.131000000012
71447,32712.13500000001
71448,34254.136
71449,34850.138000000006
71450,36329.142
71451,35606.140999999996
71452,34892.147
71453,34827.151
71454,34322.15700000001
71455,35363.15900000001
71456,35013.159999999996
71457,34182.165
71458,33162.17500000001
71459,33157.17800000001
71460,33042.18200000001
71461,34267.18
71462,34804.183000000005
71463,34438.177
71464,33873.179000000004
71465,33618.178
71466,34652.178
71467,35103.174
71468,33604.17
71469,32659.176000000007
71470,31249.183000000008
71471,30842.19000000001
71472,31067.19000000001
71473,32122.19200000001
71474,32762.19000000001
71475,32969.19
71476,33664.189
71477,34071.186
71478,35833.189999999995
71479,35931.193
71480,37152.198
71481,36442.197
71482,36690.201
71483,36282.199
71484,36070.199
71485,36413.202
71486,35226.201
71487,34546.208999999995
71488,34798.208999999995
71489,35152.212999999996
71490,34580.21000000001
71491,36142.208999999995
71492,36532.212999999996
71493,35582.216
71494,35079.217
71495,34522.219
71496,35033.22099999999
71497,35530.219
71498,33973.223
71499,33572.225999999995
71500,32942.231
71501,33335.231
71502,32983.232
71503,33244.24
71504,33691.244
71505,34141.245
71506,34752.242
71507,35139.24799999999
71508,36499.25399999999
71509,36781.25999999999
71510,37541.26199999999
71511,36214.26299999999
71512,36329.25899999999
71513,35952.257
71514,36176.25199999999
71515,36693.257999999994
71516,35906.25299999999
71517,35355.256
71518,35249.255999999994
71519,35730.255999999994
71520,35738.257999999994
71521,36883.263
71522,37669.267
71523,37042.271
71524,36796.273
71525,36036.275
71526,36608.276
71527,36458.28
71528,36100.278
71529,35194.277
71530,33904.277
71531,34201.278000000006
71532,33866.281
71533,34550.28200000001
71534,35231.28400000001
71535,35233.287000000004
71536,36185.288
71537,36395.29000000001
71538,38066.293000000005
71539,38970.292
71540,39627.297000000006
71541,38564.30100000001
71542,38355.304000000004
71543,38158.304000000004
71544,38244.305
71545,39101.312000000005
71546,37689.310000000005
71547,37406.312
71548,37383.314000000006
71549,37994.316000000006
71550,38046.316000000006
71551,38664.32200000001
71552,39192.319
71553,38882.31800000001
71554,38211.322
71555,37391.31500000001
71556,37967.31500000001
71557,38608.318000000014
71558,38292.31900000001
71559,37951.31700000002
71560,37289.32100000002
71561,37496.322000000015
71562,37243.32300000002
71563,38196.31900000002
71564,38554.32500000002
71565,40087.324000000015
71566,39733.33400000002
71567,39442.33800000001
71568,39626.345000000016
71569,40326.34200000002
71570,40086.35000000002
71571,38662.354000000014
71572,38961.35900000002
71573,39566.35300000002
71574,38563.35200000002
71575,38349.36000000002
71576,37079.362000000016
71577,37474.36500000001
71578,36954.364000000016
71579,37130.36100000001
71580,37728.36300000001
71581,39637.37000000002
71582,40798.368000000024
71583,40470.37300000001
71584,39993.38300000001
71585,39618.38900000002
71586,40052.393000000025
71587,39917.40200000003
71588,40152.40200000003
71589,39627.40700000003
71590,39211.41500000002
71591,39216.41900000002
71592,38702.42200000002
71593,38846.43100000001
71594,39370.43900000002
71595,40663.44100000001
71596,41315.441000000006
71597,41258.44200000001
71598,42714.44200000002
71599,42629.449000000015
71600,42481.45200000001
71601,40870.45400000002
71602,40471.45400000002
71603,40085.453000000016
71604,39649.455000000016
71605,39697.45000000002
71606,38784.45200000001
71607,39229.46100000002
71608,38796.45900000002
71609,38421.47100000001
71610,37899.47100000001
71611,39466.47500000002
71612,40953.474000000024
71613,41615.47500000002
71614,40730.483000000015
71615,45892.49400000001
71616,46776.491000000016
71617,46964.48600000001
71618,46220.491000000016
71619,46164.504000000015
71620,45897.50800000001
71621,46039.50600000001
71622,45356.507000000005
71623,45158.513000000006
71624,47096.50900000001
71625,47651.50800000001
71626,48581.51000000001
71627,48111.51300000001
71628,49211.51400000002
71629,48066.516
71630,48666.51500000001
71631,47984.513999999996
71632,47880.522000000004
71633,47460.52000000002
71634,47283.52000000002
71635,47891.52800000001
71636,51811.53000000001
71637,52071.52500000002
71638,53146.514000000025
71639,53214.522000000026
71640,53128.52800000003
71641,54560.533000000025
71642,55429.53500000003
71643,56137.53600000003
71644,55432.53500000003
71645,54524.55500000002
71646,54839.55800000002
71647,53978.55800000002
71648,52842.56200000002
71649,52676.56200000001
71650,51979.561000000016
71651,51132.557000000015
71652,50892.56000000003
71653,51042.56000000003
71654,53003.558000000034
71655,53078.55500000002
71656,53734.543000000034
71657,54651.54700000002
71658,55455.54300000002
71659,55135.54100000001
71660,55654.53600000002
71661,55097.537000000026
71662,54978.54100000003
71663,54155.553000000014
71664,53208.563000000024
71665,48407.56100000002
71666,47513.57200000002
71667,46628.58800000002
71668,41225.59800000002
71669,41795.59600000002
71670,41973.59700000002
71671,43216.589000000014
71672,44144.59100000003
71673,45074.58800000002
71674,45313.58300000002
71675,44928.58500000002
71676,44743.58800000001
71677,43236.59400000001
71678,41635.600000000006
71679,41070.60000000001
71680,40788.60000000001
71681,40560.60100000001
71682,39319.60100000001
71683,39304.61000000001
71684,40670.614
71685,42085.616
71686,42099.615000000005
71687,42413.613000000005
71688,43708.617000000006
71689,43366.616
71690,43561.614
71691,43289.615000000005
71692,42238.62700000001
71693,41516.634000000005
71694,41396.630000000005
71695,41960.619000000006
71696,40223.633
71697,39949.625
71698,40598.630000000005
71699,41331.624
71700,40896.623999999996
71701,41555.62100000001
71702,42759.62000000001
71703,43390.62200000001
71704,42283.62200000001
71705,42237.61300000001
71706,42733.625000000015
71707,42404.62000000001
71708,40704.621000000014
71709,40610.62000000002
71710,40024.61600000001
71711,40842.613000000005
71712,40057.62499999999
71713,39701.627
71714,40273.63900000001
71715,39921.64900000001
71716,40651.63400000001
71717,41268.63000000002
71718,42738.63300000002
71719,41825.63800000002
71720,41734.648000000016
71721,41806.64300000001
71722,41450.642
71723,41430.64400000001
71724,41258.63700000001
71725,40290.645000000004
71726,39155.65000000001
71727,38582.66200000001
71728,38577.66100000001
71729,39147.66099999999
71730,39267.659999999996
71731,39825.659
71732,40857.659
71733,41944.653
71734,41345.653000000006
71735,41015.66300000001
71736,41694.659
71737,41705.661000000015
71738,40954.66200000001
71739,40692.65900000001
71740,40414.65000000001
71741,41295.64100000001
71742,40427.634000000005
71743,39976.63000000001
71744,40890.63000000001
71745,41883.634000000005
71746,42259.62900000001
71747,43115.62900000001
71748,43930.628000000004
71749,43489.63300000001
71750,44172.632000000005
71751,43907.64600000001
71752,43021.648000000016
71753,43105.649000000005
71754,42847.645000000004
71755,42065.64100000001
71756,40932.64500000001
71757,40893.64900000002
71758,40144.642000000014
71759,40681.643000000025
71760,40370.64100000002
71761,41953.637000000024
71762,43293.64600000003
71763,43404.644000000015
71764,43348.648000000016
71765,43081.64300000002
71766,43368.644000000015
71767,42951.64200000002
71768,42200.63600000002
71769,41802.64300000002
71770,40613.65300000001
71771,39664.65800000002
71772,38272.65800000002
71773,37051.65800000002
71774,37577.65700000002
71775,37941.66000000002
71776,36900.657000000014
71777,37451.64500000002
71778,38376.64800000002
71779,38031.64000000002
71780,38054.63500000002
71781,37578.637000000024
71782,37182.63000000003
71783,36924.62600000002
71784,35971.63200000003
71785,36394.63000000003
71786,36729.616000000016
71787,36437.608000000015
71788,35957.60700000001
71789,35552.606000000014
71790,35251.59400000001
71791,36498.588000000025
71792,36982.59200000002
71793,37176.59400000001
71794,37045.59000000001
71795,36857.58400000002
71796,37027.57700000002
71797,36548.58100000001
71798,35903.58300000001
71799,34989.581000000006
71800,34960.579
71801,35003.57300000001
71802,34973.568000000014
71803,34184.574000000015
71804,34331.574000000015
71805,34735.56500000001
71806,34415.56900000001
71807,35491.565
71808,36276.563
71809,36336.556
71810,35970.551000000014
71811,35881.543000000005
71812,34620.552
71813,34851.544
71814,34885.54200000001
71815,35269.541000000005
71816,35269.537000000004
71817,34549.54200000001
71818,33681.538000000015
71819,33691.52800000001
71820,34198.529
71821,34897.529
71822,35429.520000000004
71823,34809.514
71824,33675.52000000001
71825,33764.523000000016
71826,33770.51800000001
71827,33494.51400000002
71828,33490.51100000001
71829,33126.517000000014
71830,32116.518000000022
71831,31686.521000000015
71832,31258.526000000013
71833,31601.528000000013
71834,32338.53400000001
71835,31739.54000000001
71836,32238.531000000017
71837,31748.52600000002
71838,31851.52700000002
71839,31607.528000000017
71840,31113.525000000016
71841,30430.52600000002
71842,28989.52900000002
71843,29762.52700000002
71844,29173.51900000002
71845,29750.50800000002
71846,29653.511000000017
71847,29791.51300000002
71848,29930.515000000018
71849,29947.512000000017
71850,31017.505000000016
71851,32227.501000000015
71852,33261.49700000001
71853,32424.493000000017
71854,31872.490000000016
71855,31740.489000000016
71856,31636.491000000016
71857,30448.497000000018
71858,29697.499000000014
71859,29916.498000000014
71860,29321.491000000016
71861,28618.489000000016
71862,27642.491000000016
71863,27442.491000000016
71864,29362.480000000014
71865,29070.481000000014
71866,29062.482000000015
71867,29343.482000000015
71868,29491.472000000016
71869,29779.470000000012
71870,29034.476000000013
71871,28140.479000000014
71872,27790.488000000016
71873,29019.480000000014
71874,27612.469000000016
71875,27975.46400000001
71876,26516.465000000015
71877,27250.452000000016
71878,28027.447000000015
71879,27885.438000000013
71880,28517.449000000015
71881,29798.444000000014
71882,30933.442000000017
71883,28582.454000000012
71884,28620.446000000014
71885,27995.461000000014
71886,28695.457000000017
71887,27865.458000000017
71888,26919.459000000013
71889,27035.457000000013
71890,27598.444000000018
71891,26895.435000000016
71892,25364.431000000015
71893,25574.435000000016
71894,26556.441000000017
71895,25651.454000000016
71896,24930.443000000014
71897,25702.439000000017
71898,25378.440000000017
71899,25675.42800000001
71900,24325.42500000001
71901,24405.42200000001
71902,24674.427000000007
71903,25694.42900000001
71904,23845.42600000001
71905,23806.42400000001
71906,22849.434000000016
71907,23149.43300000001
71908,23710.442000000014
71909,23420.446000000007
71910,23779.449000000008
71911,24386.44600000001
71912,24950.44400000001
71913,23474.448000000008
71914,22715.444000000007
71915,22636.44600000001
71916,23281.45100000001
71917,22591.450000000008
71918,22336.444000000007
71919,24281.44100000001
71920,24076.43600000001
71921,22481.43700000001
71922,21657.42700000001
71923,22746.42400000001
71924,23697.42500000001
71925,23451.428000000007
71926,23444.42400000001
71927,23996.418000000005
71928,23147.42000000001
71929,21874.41900000001
71930,20653.421000000006
71931,22106.410000000007
71932,22220.409000000007
71933,22035.409000000007
71934,21931.402000000006
71935,21649.397000000004
71936,21983.393000000004
71937,22230.387000000006
71938,22726.391000000007
71939,21831.4
71940,22639.401000000005
71941,22007.395000000004
71942,23314.394000000004
71943,22039.391000000003
71944,21032.398
71945,20204.393
71946,19526.395000000004
71947,18123.396000000004
71948,18055.397000000004
71949,19393.396000000004
71950,19255.390000000003
71951,18911.385000000006
71952,17508.376000000004
71953,18658.379000000004
71954,19075.374000000003
71955,19244.379000000004
71956,20265.378
71957,21630.382000000005
71958,21391.377000000004
71959,20447.376000000004
71960,19496.369000000006
71961,20722.365
71962,21221.363000000005
71963,20791.365
71964,20443.356000000003
71965,19609.355000000003
71966,20506.343
71967,20109.336
71968,19270.336
71969,19421.332
71970,21562.320999999996
71971,19183.328999999998
71972,20120.327999999998
71973,19164.328999999998
71974,19381.331999999995
71975,18714.338
71976,18030.339
71977,16715.341
71978,17162.348
71979,17099.347
71980,15436.343000000004
71981,16284.359000000006
71982,15023.358000000006
71983,15695.366000000007
71984,15090.370000000008
71985,15744.374000000009
71986,14980.38000000001
71987,15457.384000000011
71988,15889.394000000013
71989,15731.399000000009
71990,15454.411000000011
71991,15211.428000000014
71992,13692.439000000013
71993,11783.44500000001
71994,10391.458000000011
71995,8030.480000000009
71996,7528.499000000009
71997,5821.524000000012
71998,4073.5640000000158
71999,974.6089999999973
72000,1665.4549999999977
72001,4020.4420000000096
72002,5328.429000000014
72003,6773.4210000000185
72004,7653.420000000019
72005,8282.42200000002
72006,9382.417000000023
72007,10535.414000000024
72008,11567.404000000024
72009,12089.397000000023
72010,13723.396000000024
72011,12763.38700000002
72012,12323.378000000017
72013,11152.377000000015
72014,11447.373000000014
72015,11783.367000000013
72016,12205.368000000011
72017,12534.364000000009
72018,12468.361000000006
72019,12453.361000000003
72020,11845.353000000003
72021,12885.353000000003
72022,14693.344000000001
72023,16003.338000000002
72024,16316.332000000002
72025,16961.326000000005
72026,16371.325000000003
72027,15789.320000000002
72028,16329.306999999999
72029,17964.301999999996
72030,17252.308999999997
72031,17451.315
72032,17036.319000000003
72033,17241.322000000004
72034,18006.322
72035,18789.326
72036,19449.322
72037,18952.327999999998
72038,19507.328999999998
72039,18663.329
72040,19118.328
72041,18390.325
72042,17617.325
72043,16207.321000000002
72044,15500.326000000003
72045,14850.331000000002
72046,16735.324
72047,17748.315000000002
72048,18033.320000000003
72049,18253.314000000002
72050,16803.315
72051,16798.312
72052,17373.307
72053,18338.299000000003
72054,18368.295000000002
72055,18268.296000000002
72056,17633.29
72057,17153.289
72058,15823.285000000003
72059,15703.278000000002
72060,15270.274000000001
72061,16553.269000000004
72062,16113.260000000002
72063,15885.257000000001
72064,16040.252000000004
72065,16680.257000000005
72066,15985.262000000006
72067,15795.255000000008
72068,15905.250000000007
72069,16495.245000000006
72070,18063.241000000005
72071,17815.23800000001
72072,18048.230000000007
72073,17413.230000000007
72074,17998.228000000006
72075,16983.222000000005
72076,18028.214000000007
72077,17813.214000000007
72078,18618.210000000006
72079,17858.206000000006
72080,16685.205000000005
72081,15115.207000000008
72082,15538.203000000007
72083,16363.199000000006
72084,16153.200000000006
72085,16363.201000000006
72086,16176.201000000006
72087,16171.202000000007
72088,15411.202000000005
72089,15821.198000000004
72090,15456.198000000004
72091,16601.199000000004
72092,16021.202000000005
72093,16046.200000000004
72094,17018.201000000005
72095,17608.202000000005
72096,17208.202000000005
72097,17415.202000000005
72098,17395.205
72099,17190.205
72100,17560.208000000002
72101,17188.210000000003
72102,17588.211000000003
72103,17978.209000000003
72104,19381.204
72105,18791.208000000002
72106,18589.212000000003
72107,18799.209000000003
72108,20159.208000000002
72109,20759.205
72110,19404.205
72111,18444.205
72112,17881.206000000002
72113,17686.209000000003
72114,16126.209000000004
72115,16681.209000000003
72116,17676.210000000003
72117,18246.213000000003
72118,17491.212000000003
72119,17111.210000000003
72120,17111.210000000003
72121,18079.213000000003
72122,18339.207000000002
72123,18334.208000000002
72124,19524.204
72125,19094.208000000002
72126,17504.212000000003
72127,17489.213000000003
72128,17679.212000000003
72129,17066.215000000004
72130,16844.219000000005
72131,17257.216000000004
72132,16467.218000000004
72133,16872.215000000004
72134,18484.213000000003
72135,18089.215000000004
72136,18307.213000000007
72137,18299.213000000007
72138,19069.212000000003
72139,19274.214000000004
72140,20084.210000000003
72141,19709.208000000002
72142,19324.207000000002
72143,19324.207000000002
72144,17584.205000000005
72145,19187.199
72146,19969.199
72147,19947.202
72148,19164.201
72149,19369.199
72150,18202.200000000004
72151,18627.195
72152,18822.194
72153,19007.193
72154,19047.194
72155,18882.19
72156,17904.192000000003
72157,17909.193000000003
72158,17304.196000000004
72159,17704.192000000003
72160,17881.193000000003
72161,17679.195000000003
72162,18059.195000000003
72163,18244.197000000004
72164,25669.194
72165,25887.194
72166,26292.189
72167,26437.195
72168,26847.193
72169,26637.196
72170,27442.191
72171,27447.193
72172,26487.192
72173,26522.189000000002
72174,25162.187
72175,25544.19
72176,25306.195
72177,26461.197
72178,25684.198
72179,25066.203
72180,24309.201
72181,24124.202000000005
72182,24126.199000000004
72183,24326.197
72184,25336.196000000004
72185,25701.199000000004
72186,25541.197000000004
72187,24971.193000000003
72188,25171.191000000003
72189,25949.192000000003
72190,26154.192000000003
72191,27296.193000000003
72192,27674.192000000003
72193,28254.193000000003
72194,28439.195000000003
72195,27664.193000000003
72196,26836.198000000004
72197,27229.196000000004
72198,27224.194
72199,27022.194
72200,27042.192000000003
72201,25692.190000000002
72202,25487.192000000003
72203,24692.191000000003
72204,24652.190000000002
72205,24657.188000000002
72206,25437.186
72207,26637.185
72208,26009.186
72209,25039.184
72210,24624.190000000002
72211,25414.187
72212,25188.189000000002
72213,26155.191000000003
72214,26745.190000000002
72215,26930.190000000002
72216,26363.192000000003
72217,25766.188000000002
72218,20851.186
72219,21621.186
72220,22389.185
72221,23329.187
72222,23522.186
72223,24097.186
72224,24464.185000000005
72225,23274.187
72226,22669.189000000002
72227,23474.184
72228,22654.184
72229,22456.183000000005
72230,22276.182000000004
72231,21106.180000000004
72232,21156.177000000003
72233,19606.177000000003
72234,19626.174000000003
72235,19626.173000000003
72236,19791.177000000003
72237,20581.175000000003
72238,20036.174
72239,20241.174
72240,20011.178
72241,21171.176
72242,20941.18
72243,21926.18
72244,22314.184
72245,22894.184
72246,22241.191000000003
72247,21858.194000000003
72248,22043.199000000004
72249,23026.199000000004
72250,23619.205000000005
72251,25333.209000000003
72252,24205.206000000002
72253,24581.207000000006
72254,24226.204000000005
72255,22638.209000000003
72256,21648.209000000003
72257,21633.216000000004
72258,21468.215000000004
72259,20721.212000000003
72260,20954.212000000003
72261,20023.210000000003
72262,20824.202000000005
72263,20623.201000000005
72264,20867.199000000004
72265,21057.202000000005
72266,21486.197000000004
72267,21711.197000000004
72268,20765.197000000004
72269,20600.196000000004
72270,19447.201000000005
72271,20540.192000000003
72272,20968.189000000002
72273,21778.185
72274,22365.187
72275,22947.187
72276,23316.193000000003
72277,23557.190000000002
72278,23524.193000000003
72279,25319.189000000002
72280,26170.188000000002
72281,28166.193000000003
72282,27102.203
72283,28099.206000000002
72284,28142.203000000005
72285,27051.201000000005
72286,25704.195000000003
72287,25517.199000000004
72288,24758.202000000005
72289,24396.204000000005
72290,23603.207000000002
72291,22818.209000000003
72292,22609.205
72293,22347.211000000003
72294,21586.210000000003
72295,21440.210000000003
72296,21865.208000000002
72297,22435.212000000003
72298,21848.212000000003
72299,20337.213000000003
72300,20554.212000000003
72301,21328.216000000004
72302,21986.213000000003
72303,23300.213000000003
72304,24432.220000000005
72305,24865.220000000005
72306,25453.224000000002
72307,25838.225000000002
72308,25728.217000000004
72309,27319.215
72310,28541.211
72311,29762.207000000002
72312,29160.208000000002
72313,30072.211000000003
72314,30617.202
72315,29809.206000000002
72316,28433.209000000003
72317,27903.210000000003
72318,27034.216000000004
72319,27074.213000000003
72320,26340.210000000003
72321,24960.210000000003
72322,24579.208000000006
72323,24035.206000000006
72324,22917.207000000006
72325,22973.204000000005
72326,23189.201000000005
72327,23826.202000000005
72328,23856.200000000004
72329,22741.203000000005
72330,22674.208000000002
72331,22541.207000000006
72332,28240.210000000003
72333,29036.209000000006
72334,30502.205
72335,31301.204
72336,31883.206000000002
72337,31461.213000000003
72338,31736.209000000003
72339,33297.212
72340,34076.212
72341,34139.212
72342,33527.216
72343,34761.207
72344,34619.199
72345,33858.198
72346,33416.199
72347,32433.199
72348,31802.204
72349,31637.204
72350,31027.209000000003
72351,30715.201000000005
72352,31256.206000000006
72353,30163.205000000005
72354,29177.205000000005
72355,29868.200000000004
72356,29844.198
72357,30879.198
72358,30952.194000000003
72359,30080.201000000005
72360,30660.201000000005
72361,30270.201000000005
72362,31321.197000000004
72363,31045.201000000005
72364,32673.196000000004
72365,33266.196
72366,33825.195
72367,33472.192
72368,33626.194
72369,29733.197000000004
72370,30262.204000000005
72371,30402.213000000003
72372,30098.212000000003
72373,30276.217000000008
72374,29356.216000000008
72375,27647.214000000007
72376,27476.214000000007
72377,26039.229000000007
72378,25874.231000000007
72379,25725.233000000007
72380,25750.231000000007
72381,26050.233000000004
72382,25693.234000000004
72383,24338.239000000005
72384,24498.235000000004
72385,25470.229000000003
72386,25229.233000000004
72387,26805.238000000005
72388,27112.238000000005
72389,26663.237000000005
72390,27066.23900000001
72391,26437.237000000005
72392,27036.241000000005
72393,27860.242000000006
72394,29455.238000000005
72395,29811.238000000005
72396,30381.235000000004
72397,30369.233000000004
72398,29915.239000000005
72399,30898.243000000002
72400,31614.248000000003
72401,31987.255000000005
72402,31873.249000000003
72403,32530.250000000004
72404,32102.258000000005
72405,29765.258
72406,29952.263000000003
72407,29166.265000000003
72408,28357.271000000004
72409,27740.285000000003
72410,27501.289000000004
72411,26465.293000000005
72412,26554.285000000003
72413,25556.288000000004
72414,24553.286000000004
72415,26006.282000000003
72416,25290.281000000003
72417,26944.277000000002
72418,28284.272000000004
72419,27761.268000000004
72420,28549.263000000003
72421,28503.270000000004
72422,28882.267000000003
72423,30107.259000000002
72424,30739.257000000005
72425,31366.255000000005
72426,31797.249000000003
72427,31348.248000000003
72428,31585.244000000002
72429,32754.24
72430,32941.229
72431,33862.215
72432,33318.227
72433,33472.226
72434,33463.229
72435,31113.223
72436,31209.233000000004
72437,29522.232000000004
72438,28946.224000000006
72439,28755.228000000006
72440,27882.229000000007
72441,27236.229000000007
72442,28732.223000000005
72443,28552.217000000004
72444,28141.211000000003
72445,29378.207000000006
72446,28537.198000000004
72447,29532.197000000004
72448,29681.192000000006
72449,29234.191000000006
72450,30012.183000000005
72451,30037.182000000004
72452,30886.175000000003
72453,32027.176000000003
72454,31935.170000000006
72455,33307.167
72456,33365.162000000004
72457,31781.163000000004
72458,31803.160000000003
72459,32064.164000000004
72460,32445.156000000003
72461,32942.158
72462,32781.151000000005
72463,32416.154000000002
72464,32439.147000000004
72465,30833.148000000005
72466,31559.147000000004
72467,30390.145000000004
72468,30021.141000000003
72469,29997.144000000004
72470,29305.139000000003
72471,28917.130000000005
72472,29695.126000000004
72473,29488.122000000003
72474,30145.117000000002
72475,30924.118000000002
72476,30487.121000000003
72477,31745.116
72478,31754.112
72479,31611.112000000005
72480,32159.112000000005
72481,31913.113
72482,32080.112
72483,32616.112000000005
72484,33021.113000000005
72485,32535.117000000006
72486,32334.121000000006
72487,32137.119000000006
72488,31930.117000000006
72489,32158.111000000004
72490,32699.109000000004
72491,33693.104
72492,32952.101
72493,33157.095
72494,32227.087000000007
72495,30848.088000000003
72496,31092.084000000003
72497,30483.087000000003
72498,30300.085000000003
72499,30328.084000000003
72500,29508.087000000003
72501,29018.092000000008
72502,29239.088000000003
72503,29249.086000000003
72504,29409.086000000003
72505,30741.087000000003
72506,31304.083000000002
72507,32216.084000000003
72508,31618.086000000003
72509,36999.08
72510,37391.08
72511,38036.078
72512,38831.078
72513,39014.08
72514,40194.078
72515,40364.079000000005
72516,39353.081000000006
72517,38373.082
72518,38707.088
72519,37992.086
72520,38192.084
72521,38398.085
72522,37423.083000000006
72523,37497.077000000005
72524,36736.074
72525,35345.076
72526,35125.075000000004
72527,35040.072
72528,34985.072
72529,35410.068
72530,35224.067
72531,34299.066
72532,34477.067
72533,34064.067
72534,27916.071000000007
72535,28926.068000000007
72536,30240.067000000006
72537,30785.069000000007
72538,30335.071000000007
72539,29955.068000000007
72540,30310.070000000007
72541,30725.070000000007
72542,31290.067000000006
72543,32230.070000000007
72544,34070.068
72545,34100.068
72546,33910.067
72547,33385.065
72548,33585.064
72549,33360.065
72550,33395.063
72551,34040.062999999995
72552,33680.063
72553,33510.065
72554,32935.065
72555,31560.067000000006
72556,30585.067000000006
72557,29945.068000000007
72558,30030.066000000006
72559,30160.069000000007
72560,29400.071000000007
72561,29420.067000000006
72562,29425.067000000006
72563,28645.068000000007
72564,27505.067000000006
72565,28865.068000000007
72566,29275.070000000007
72567,30695.069000000007
72568,31085.070000000007
72569,31085.070000000007
72570,31405.066000000006
72571,32020.066000000006
72572,32770.06800000001
72573,34230.064
72574,36215.062
72575,35820.062999999995
72576,35580.066999999995
72577,34570.07
72578,33955.072
72579,33195.07400000001
72580,33830.068999999996
72581,33010.073000000004
72582,31670.073000000008
72583,32095.071000000007
72584,31860.06600000001
72585,30515.06200000001
72586,29990.06100000001
72587,30180.06200000001
72588,30200.06300000001
72589,30595.062000000005
72590,31215.06100000001
72591,31750.06100000001
72592,31850.065000000006
72593,30910.063000000006
72594,29570.063000000006
72595,31315.065000000006
72596,31505.068000000007
72597,32510.067000000006
72598,32800.063
72599,33250.06100000001
72600,32675.06000000001
72601,32880.059
72602,33625.062
72603,34205.062
72604,35400.062
72605,35585.058999999994
72606,35390.058999999994
72607,34160.063
72608,33970.062
72609,33180.064000000006
72610,33430.06300000001
72611,34085.059
72612,32900.062000000005
72613,33185.060000000005
72614,32845.060000000005
72615,31655.05900000001
72616,31750.055000000008
72617,32110.056000000008
72618,31520.057000000008
72619,31315.06000000001
72620,31890.06300000001
72621,31910.06400000001
72622,32590.06500000001
72623,31415.06700000001
72624,30250.06600000001
72625,31275.06600000001
72626,31430.06400000001
72627,31950.06700000001
72628,31940.07000000001
72629,32145.06800000001
72630,31360.06900000001
72631,31070.06500000001
72632,31615.06900000001
72633,32770.06900000001
72634,34280.068999999996
72635,34470.07
72636,35055.06999999999
72637,33520.07
72638,33220.067
72639,32820.069
72640,32430.070000000007
72641,32750.075000000008
72642,31575.07800000001
72643,31905.08000000001
72644,32385.07800000001
72645,31475.07600000001
72646,30790.08100000001
72647,31235.08100000001
72648,31405.08100000001
72649,31850.08000000001
72650,33455.07600000001
72651,32895.077000000005
72652,33100.07600000001
72653,32945.07200000001
72654,32010.069000000007
72655,32590.070000000007
72656,32775.064000000006
72657,34070.060000000005
72658,34910.058000000005
72659,34565.061
72660,34185.060000000005
72661,33930.062000000005
72662,34395.057
72663,34810.057
72664,34990.061
72665,36010.058
72666,36595.058999999994
72667,34465.061
72668,33355.05900000001
72669,32800.058000000005
72670,32600.06000000001
72671,33835.057
72672,34035.057
72673,33845.056000000004
72674,34045.055
72675,33330.052
72676,32330.052000000007
72677,32690.053000000007
72678,32290.056000000008
72679,32620.059000000005
72680,33205.059
72681,32850.057
72682,32990.058000000005
72683,33635.056000000004
72684,32935.05500000001
72685,32910.05500000001
72686,33240.05700000001
72687,34013.058
72688,35398.057
72689,35508.060000000005
72690,34918.06100000001
72691,34148.05900000001
72692,34318.059
72693,39638.06000000001
72694,40073.061
72695,41013.06300000001
72696,41485.066000000006
72697,39690.06000000001
72698,38910.06100000001
72699,38505.06000000001
72700,38885.05700000001
72701,39840.057000000015
72702,34005.05700000001
72703,33790.05900000001
72704,33955.06300000001
72705,32815.062000000005
72706,32440.06400000001
72707,32595.06700000001
72708,32820.066000000006
72709,34200.064000000006
72710,34525.06700000001
72711,34970.06200000001
72712,34820.064000000006
72713,35575.064000000006
72714,34860.06200000001
72715,35840.062000000005
72716,35450.063
72717,36745.058000000005
72718,36135.06200000001
72719,36390.060000000005
72720,35860.05900000001
72721,35900.057
72722,36090.058000000005
72723,36255.061
72724,36630.061
72725,36720.058000000005
72726,37300.059
72727,35515.060000000005
72728,35085.063
72729,34150.060000000005
72730,33750.06300000001
72731,34300.06300000001
72732,34275.06300000001
72733,33460.06500000001
72734,34475.062000000005
72735,33075.060000000005
72736,33180.054000000004
72737,33150.05500000001
72738,32920.05700000001
72739,33725.05700000001
72740,34565.05500000001
72741,34725.05700000001
72742,35140.058000000005
72743,35510.058000000005
72744,35310.055
72745,37135.051
72746,36705.054
72747,37815.056
72748,37390.058
72749,37755.058000000005
72750,36810.061
72751,36645.060000000005
72752,36670.060000000005
72753,37160.06
72754,37160.06
72755,37320.062
72756,38040.06
72757,36720.057
72758,36475.060000000005
72759,36205.064000000006
72760,35575.06800000001
72761,34935.07300000001
72762,34900.06600000001
72763,35215.062000000005
72764,35495.059
72765,34360.05700000001
72766,34310.05700000001
72767,34728.052
72768,35053.055
72769,34833.055
72770,34858.055
72771,34853.056000000004
72772,34828.056000000004
72773,35173.055
72774,33088.05900000001
72775,34988.057
72776,34898.06
72777,36568.06300000001
72778,35758.064000000006
72779,36208.062
72780,36438.059
72781,36053.058000000005
72782,35458.060000000005
72783,35213.065
72784,35318.067
72785,35513.067
72786,35633.06800000001
72787,33863.066000000006
72788,34078.066000000006
72789,34333.064000000006
72790,34583.063
72791,35793.061
72792,35533.072
72793,35468.075
72794,35923.072
72795,35053.06800000001
72796,34918.067
72797,35073.07200000001
72798,35745.077000000005
72799,40460.077000000005
72800,40140.077000000005
72801,40235.07400000001
72802,39900.072000000015
72803,39717.07000000001
72804,38857.06800000001
72805,34492.071
72806,34297.071
72807,36277.072
72808,36103.07
72809,36888.069
72810,36728.068
72811,35893.07
72812,35723.07
72813,36088.070999999996
72814,36143.07
72815,36108.071
72816,35878.073000000004
72817,33198.077000000005
72818,32863.07600000001
72819,33283.075000000004
72820,33843.07600000001
72821,34658.075000000004
72822,35448.07200000001
72823,36218.06900000001
72824,36113.075000000004
72825,34804.07200000001
72826,34609.07400000001
72827,35394.07400000001
72828,36429.072
72829,36189.074
72830,35794.075000000004
72831,35734.077000000005
72832,35953.077000000005
72833,34962.07800000001
72834,33957.079000000005
72835,35327.078
72836,35117.082
72837,36762.083999999995
72838,36230.083000000006
72839,37040.083
72840,36840.083999999995
72841,36125.090000000004
72842,36327.089
72843,36182.092000000004
72844,35756.09700000001
72845,35431.09600000001
72846,35271.09400000001
72847,32816.09300000001
72848,32791.09400000001
72849,33168.09300000001
72850,33454.090000000004
72851,34209.090000000004
72852,34044.08900000001
72853,35029.08700000001
72854,34473.093
72855,33508.09100000001
72856,33973.086
72857,34698.088
72858,35260.088
72859,35283.089
72860,36373.090000000004
72861,36798.088
72862,37028.08700000001
72863,36463.087999999996
72864,35599.085999999996
72865,36220.092
72866,36484.091
72867,36889.094000000005
72868,36119.094000000005
72869,36275.095
72870,35676.096000000005
72871,35228.09900000001
72872,35513.101
72873,35713.100000000006
72874,36073.10100000001
72875,35783.105
72876,35168.109000000004
72877,33738.11500000001
72878,34152.11400000001
72879,34357.115000000005
72880,33068.11500000001
72881,33307.11400000001
72882,32937.11800000001
72883,33204.12500000001
72884,32979.12900000001
72885,32064.12700000001
72886,32329.12800000001
72887,33229.12900000001
72888,33260.132000000005
72889,33975.12700000001
72890,35187.125
72891,34976.128000000004
72892,34430.132
72893,34234.13100000001
72894,33645.131
72895,34255.133
72896,34452.134000000005
72897,34827.14
72898,34052.139
72899,34252.14
72900,33910.142
72901,33985.144
72902,34450.141
72903,34245.147000000004
72904,34680.152
72905,34710.158
72906,34156.156
72907,32401.15800000001
72908,33086.15900000001
72909,33465.15800000001
72910,33115.15800000001
72911,32955.15800000001
72912,33086.16300000001
72913,33441.16600000001
72914,33107.16400000001
72915,32292.165000000008
72916,33479.164000000004
72917,34419.169
72918,34619.17
72919,35311.171
72920,36224.165
72921,36737.169
72922,36886.173
72923,36531.177
72924,36350.17799999999
72925,37328.179
72926,37453.178
72927,37986.179000000004
72928,36096.182
72929,36258.186
72930,36516.185
72931,36611.183
72932,36607.186
72933,36528.185
72934,37060.185
72935,37302.187
72936,36361.191
72937,35632.193999999996
72938,36312.192
72939,35917.197
72940,35372.198
72941,35191.199
72942,35653.201
72943,35750.202999999994
72944,35164.20799999999
72945,34314.208
72946,35027.208
72947,35640.21
72948,36189.211
72949,36143.208
72950,36929.208
72951,36854.210999999996
72952,36317.214
72953,35972.218
72954,35995.22
72955,37122.215
72956,37187.218
72957,37550.222
72958,36732.225
72959,37263.231
72960,37802.234
72961,37700.242999999995
72962,37305.242999999995
72963,37621.244
72964,38222.244
72965,38736.246
72966,38210.248
72967,37132.242999999995
72968,37567.242
72969,37280.244
72970,36516.248
72971,37190.253
72972,37410.257999999994
72973,37258.263999999996
72974,36771.265999999996
72975,35555.271
72976,36470.272
72977,36921.273
72978,37808.275
72979,37870.277
72980,37678.278
72981,37395.281
72982,37283.284
72983,36947.284999999996
72984,36834.284999999996
72985,37222.294
72986,37307.289000000004
72987,38607.288
72988,37494.29000000001
72989,37298.29
72990,37679.288
72991,38614.286
72992,38281.291000000005
72993,38678.291
72994,39133.293
72995,39998.292
72996,39098.295
72997,37445.301
72998,38117.301
72999,38415.3
73000,38110.30500000001
73001,38196.308
73002,38421.312
73003,38661.312000000005
73004,38726.30900000001
73005,38497.318
73006,39294.315
73007,39475.316000000006
73008,40159.317
73009,40466.31500000001
73010,41089.31700000001
73011,39725.320000000014
73012,39876.325000000004
73013,39570.332
73014,39642.333000000006
73015,40300.33900000001
73016,40160.34300000001
73017,40372.34700000001
73018,38809.350000000006
73019,39505.35000000001
73020,38560.352000000006
73021,39652.35400000001
73022,39243.36200000001
73023,39858.361000000004
73024,41188.363
73025,41174.37
73026,40611.375
73027,40180.381
73028,40517.380000000005
73029,39902.386000000006
73030,39863.38900000001
73031,39353.39000000001
73032,39782.388000000006
73033,39899.38900000001
73034,39199.39100000001
73035,38384.40000000001
73036,38745.40600000001
73037,39223.40200000001
73038,40137.39900000001
73039,39652.401000000005
73040,41448.398000000016
73041,41647.400000000016
73042,42165.393000000004
73043,41908.400000000016
73044,42149.40200000001
73045,43586.40400000001
73046,43590.40900000002
73047,44584.40500000002
73048,43912.40100000002
73049,44606.40200000002
73050,43939.41100000002
73051,44551.419000000016
73052,44296.42200000001
73053,44550.418000000005
73054,45654.42200000001
73055,46078.42600000002
73056,44982.432000000015
73057,44050.44400000001
73058,44144.445000000014
73059,44247.44700000002
73060,42789.451000000015
73061,41569.45500000002
73062,41695.45300000002
73063,41603.457000000024
73064,40205.46500000002
73065,38617.46900000001
73066,40057.47800000001
73067,39755.482
73068,40008.486000000004
73069,39547.488000000005
73070,41022.48800000001
73071,41633.49000000001
73072,41776.49700000001
73073,42680.50000000001
73074,42969.505
73075,44348.507000000005
73076,44426.509000000005
73077,44855.50700000001
73078,44279.51100000002
73079,45352.519000000015
73080,45063.51600000001
73081,44751.51800000001
73082,44995.50800000001
73083,43952.51800000001
73084,45189.51800000001
73085,45195.53700000002
73086,44541.53900000001
73087,43958.539000000004
73088,44367.53800000001
73089,44644.533
73090,43839.541000000005
73091,43030.54100000001
73092,42273.55
73093,42231.552
73094,41863.55300000001
73095,40989.54800000001
73096,42469.54300000001
73097,43046.54000000001
73098,44360.53500000002
73099,43969.53500000001
73100,44570.54700000002
73101,51031.54000000003
73102,51668.53800000002
73103,52272.53200000002
73104,52009.533000000025
73105,52306.533000000025
73106,52072.55200000002
73107,51362.559000000016
73108,49446.56700000001
73109,50396.56700000001
73110,50252.56400000001
73111,51273.56700000002
73112,51247.56700000001
73113,51034.554000000026
73114,51977.54800000002
73115,52494.555000000015
73116,51486.56900000002
73117,52124.56600000002
73118,51903.58000000002
73119,51714.58000000002
73120,51899.57400000003
73121,50425.571000000025
73122,50000.56900000002
73123,50006.578000000016
73124,49558.57300000002
73125,48766.57900000002
73126,50334.58400000002
73127,50320.585000000014
73128,50605.583000000006
73129,51447.581000000006
73130,52150.58700000001
73131,52272.588
73132,53011.58600000001
73133,48321.59
73134,48039.58900000001
73135,48053.597
73136,47788.598000000005
73137,46778.61000000001
73138,44414.61400000002
73139,44565.61900000001
73140,44147.62000000002
73141,44368.614000000016
73142,44124.608000000015
73143,43850.60500000001
73144,43120.62300000001
73145,42889.611000000004
73146,41535.61600000001
73147,41726.617000000006
73148,42209.60800000002
73149,42202.61000000001
73150,42751.619
73151,41716.619999999995
73152,41291.616
73153,41389.608
73154,41887.609
73155,41288.613
73156,43356.615
73157,44383.617000000006
73158,45032.60900000001
73159,45191.60100000002
73160,45411.60100000002
73161,44840.61100000002
73162,45484.61700000002
73163,45529.63600000002
73164,44735.635000000024
73165,45148.63700000002
73166,44951.63800000001
73167,44431.63500000002
73168,42956.64200000001
73169,42772.63900000001
73170,42167.636000000006
73171,42465.63700000001
73172,41638.63500000002
73173,41734.62
73174,41510.63200000001
73175,41178.626000000004
73176,39961.62500000001
73177,39613.61700000001
73178,39739.628
73179,40404.61900000001
73180,41830.62100000001
73181,40781.630000000005
73182,40706.628000000004
73183,39941.640999999996
73184,39928.647000000004
73185,39886.64200000001
73186,41861.639
73187,42770.652
73188,42961.643000000004
73189,42936.638999999996
73190,42955.634000000005
73191,43299.63300000001
73192,44128.63000000001
73193,44188.62900000001
73194,43150.628000000004
73195,43576.617
73196,43887.60699999999
73197,43200.617999999995
73198,41976.619999999995
73199,41811.622
73200,41042.623
73201,41394.62200000001
73202,41122.63300000001
73203,40491.636000000006
73204,40244.64000000001
73205,40440.643000000004
73206,39125.648
73207,39175.64400000001
73208,39914.65100000001
73209,40677.63900000002
73210,41592.63400000001
73211,40376.63100000001
73212,39544.63100000001
73213,38560.623000000014
73214,38250.627000000015
73215,37819.631000000016
73216,39341.61300000002
73217,38550.61700000001
73218,38481.61700000001
73219,37349.62400000001
73220,37297.62000000002
73221,38411.62100000002
73222,38713.62800000002
73223,39027.630000000005
73224,38654.63200000001
73225,38417.627
73226,38317.617000000006
73227,38116.610000000015
73228,37135.615000000005
73229,36842.617000000006
73230,36247.614
73231,35916.613000000005
73232,35421.616
73233,35921.605
73234,35288.60800000001
73235,34696.60300000002
73236,32803.612000000016
73237,33028.62000000002
73238,33640.61600000001
73239,34209.61300000002
73240,34335.60500000002
73241,33517.60500000002
73242,33369.60400000002
73243,32329.607000000025
73244,33011.599000000024
73245,32694.58900000002
73246,34253.57700000001
73247,33317.58200000002
73248,33362.57900000002
73249,32424.573000000026
73250,32707.561000000023
73251,33406.55800000003
73252,34270.55100000002
73253,34371.55700000002
73254,34350.56000000003
73255,34513.55400000001
73256,34272.55500000002
73257,34322.559000000016
73258,33189.55600000002
73259,33331.56000000002
73260,32926.56000000001
73261,33762.551000000014
73262,33808.554000000004
73263,32985.561000000016
73264,32350.56800000002
73265,32127.569000000018
73266,30569.569000000018
73267,31143.55900000002
73268,32551.548000000024
73269,33167.542000000016
73270,32253.55400000002
73271,31095.538000000015
73272,30592.541000000016
73273,30425.534000000018
73274,30525.52600000002
73275,30188.525000000023
73276,31750.52900000002
73277,31045.53300000002
73278,30501.539000000022
73279,29790.545000000024
73280,31009.53500000002
73281,31062.532000000017
73282,31378.53400000002
73283,31446.53700000002
73284,30440.541000000016
73285,31000.533000000018
73286,30981.538000000015
73287,31677.535000000018
73288,30079.53400000002
73289,29666.52400000002
73290,28989.51600000002
73291,30459.521000000026
73292,30068.51300000002
73293,29720.51100000002
73294,30001.51800000002
73295,29272.512000000017
73296,28364.498000000014
73297,27446.501000000015
73298,28595.502000000015
73299,29599.50100000002
73300,30139.502000000015
73301,27984.497000000018
73302,27600.49400000002
73303,28024.49000000002
73304,27914.49000000002
73305,27458.483000000022
73306,27840.486000000023
73307,28164.486000000023
73308,27757.472000000016
73309,27190.475000000017
73310,27332.46900000002
73311,27978.47000000002
73312,28604.481000000018
73313,28893.475000000017
73314,27900.483000000022
73315,28776.476000000013
73316,27931.485000000015
73317,28476.481000000018
73318,27713.473000000016
73319,27874.474000000013
73320,28988.47000000002
73321,29686.472000000016
73322,28883.457000000013
73323,28440.460000000017
73324,28325.461000000014
73325,28138.456000000013
73326,28709.449000000015
73327,27335.44700000001
73328,27577.447000000015
73329,27663.447000000015
73330,28138.445000000014
73331,26041.441000000013
73332,26058.438000000016
73333,25371.438000000013
73334,26078.439000000013
73335,24378.442000000014
73336,23711.43500000002
73337,24205.43600000002
73338,24662.430000000015
73339,23760.443000000017
73340,23534.44200000002
73341,24379.445000000018
73342,24518.441000000017
73343,25999.440000000013
73344,25075.435000000012
73345,25707.439000000017
73346,25456.434000000016
73347,26575.428000000018
73348,26915.426000000018
73349,26491.419000000016
73350,26555.42300000001
73351,27745.416000000016
73352,27044.408000000014
73353,25097.421000000017
73354,25658.413000000015
73355,26232.407000000014
73356,25548.41200000001
73357,23522.403000000017
73358,22678.398000000012
73359,23461.39900000001
73360,23584.39600000001
73361,22174.402000000013
73362,23106.39900000001
73363,21782.39600000001
73364,22540.39400000001
73365,22546.385000000013
73366,22227.38600000001
73367,22391.392000000003
73368,22310.390000000003
73369,21200.382000000005
73370,21076.374000000007
73371,20381.38
73372,19723.383
73373,21816.378000000008
73374,21032.370000000006
73375,20915.36700000001
73376,20900.377000000008
73377,22862.371000000003
73378,24281.372000000007
73379,23357.377000000008
73380,23563.385000000002
73381,23657.391999999996
73382,22461.403000000002
73383,21854.401000000005
73384,22152.389000000003
73385,21951.386000000006
73386,21559.383
73387,19663.376
73388,19039.371000000003
73389,21072.361
73390,20343.354
73391,19922.352000000003
73392,20515.359
73393,18917.358
73394,18646.361
73395,18354.366
73396,18348.361
73397,18324.356
73398,18069.352
73399,16860.353000000003
73400,16449.355000000003
73401,18019.351
73402,17936.353
73403,20286.349
73404,19216.345999999998
73405,19817.341999999997
73406,20467.34
73407,20845.338
73408,20669.34
73409,21632.328999999998
73410,23781.316999999995
73411,22828.322999999997
73412,21455.328999999998
73413,20568.331
73414,20941.339
73415,18854.347
73416,18649.355000000007
73417,17647.362
73418,17150.361000000004
73419,16615.368000000002
73420,12934.370000000004
73421,12445.371000000005
73422,13190.375000000007
73423,13333.376000000006
73424,12988.374000000007
73425,12678.377000000008
73426,12004.382000000005
73427,12236.388000000006
73428,12309.396000000006
73429,12119.403000000008
73430,12210.416000000012
73431,12557.429000000013
73432,11001.442000000012
73433,10281.46200000001
73434,9327.476000000013
73435,8653.484000000011
73436,8482.495000000017
73437,6003.5220000000145
73438,4157.543000000014
73439,1011.5839999999984
73440,2568.459999999998
73441,3988.454000000012
73442,6318.442000000018
73443,7628.427000000016
73444,8778.421000000017
73445,9826.416000000017
73446,10886.41000000002
73447,11718.40600000002
73448,13190.40400000002
73449,14055.404000000017
73450,16785.40400000002
73451,15725.398000000017
73452,14201.397000000017
73453,13641.399000000016
73454,13633.390000000014
73455,13380.389000000012
73456,14510.37900000001
73457,14850.369000000008
73458,14570.365000000007
73459,14008.364000000007
73460,11360.366000000005
73461,12680.358000000002
73462,14435.347000000002
73463,15425.346
73464,16377.346999999998
73465,17007.341
73466,16982.332
73467,17350.332000000002
73468,17386.325
73469,17651.321
73470,16955.324
73471,16750.326999999997
73472,16490.333
73473,16295.332999999997
73474,16505.338
73475,16500.341
73476,17855.345
73477,17835.343
73478,18355.35
73479,18593.346
73480,19798.339
73481,19338.336
73482,19298.331000000002
73483,18748.324
73484,17498.318000000003
73485,16883.316000000003
73486,17708.31
73487,17590.308
73488,18335.309000000005
73489,16852.312
73490,16573.309000000005
73491,16733.304000000004
73492,16488.303000000004
73493,16263.299000000003
73494,16683.291000000005
73495,16033.296000000004
73496,16003.285000000003
73497,16938.285000000007
73498,16303.283000000003
73499,16748.276000000005
73500,16294.275000000003
73501,15647.269000000004
73502,15582.265000000003
73503,16410.254000000004
73504,16370.253000000002
73505,16490.249000000003
73506,16855.246000000003
73507,16848.245000000003
73508,16393.243000000006
73509,15620.237000000005
73510,15940.236000000004
73511,16745.234000000004
73512,17318.225000000006
73513,17278.225000000002
73514,16053.225000000004
73515,15643.223000000002
73516,15628.220000000003
73517,15228.213000000002
73518,16028.205
73519,16636.199
73520,17196.194000000003
73521,22901.189000000002
73522,22491.195000000003
73523,22906.190000000006
73524,23318.189000000006
73525,22523.192000000006
73526,23883.193000000007
73527,23481.197000000007
73528,23876.196000000007
73529,24466.196000000007
73530,23476.199000000008
73531,22296.201000000005
73532,21678.202000000005
73533,21668.205000000005
73534,21638.208000000006
73535,22013.209000000006
73536,21998.210000000006
73537,22963.212000000007
73538,23398.205000000005
73539,22248.208000000006
73540,22686.203000000005
73541,23074.205000000005
73542,23074.207000000006
73543,22676.208000000006
73544,22081.210000000006
73545,22466.212000000007
73546,22481.210000000006
73547,21891.212000000007
73548,22099.210000000006
73549,22239.213000000003
73550,22024.216000000004
73551,21821.216000000008
73552,22689.209000000006
73553,23077.209000000006
73554,22892.208000000006
73555,22144.205
73556,22719.208000000006
73557,23109.207000000006
73558,22904.209000000006
73559,23872.209000000006
73560,23497.207000000006
73561,22332.206000000002
73562,21357.206000000006
73563,20374.206000000002
73564,22164.202
73565,23157.200000000004
73566,23142.203
73567,23357.203
73568,24937.199000000004
73569,24126.202000000005
73570,24351.200000000004
73571,25111.201000000005
73572,24141.203000000005
73573,19241.202000000005
73574,17843.204
73575,17656.204
73576,17469.202
73577,17517.197000000004
73578,16942.196000000004
73579,18262.197
73580,18680.196
73581,18895.193000000003
73582,19652.196000000004
73583,18842.199000000004
73584,19060.196000000004
73585,18845.200000000004
73586,20590.195000000003
73587,21175.195000000003
73588,21742.197000000004
73589,22145.196000000004
73590,21167.197000000004
73591,20004.197000000004
73592,19219.198000000004
73593,18662.193
73594,18812.198000000004
73595,19574.200000000004
73596,19362.200000000004
73597,19954.199000000004
73598,21124.200000000004
73599,20499.206000000006
73600,20486.207000000006
73601,20301.205000000005
73602,20341.199000000004
73603,21534.196000000004
73604,19969.197000000004
73605,19372.199
73606,19352.203000000005
73607,18937.207000000002
73608,18947.204000000005
73609,17967.206000000002
73610,18549.205
73611,20157.200000000004
73612,20517.205000000005
73613,20904.204000000005
73614,21092.205000000005
73615,21892.201000000005
73616,21317.201000000005
73617,21317.200000000004
73618,20309.204000000005
73619,20694.206000000006
73620,19719.206000000006
73621,19549.204000000005
73622,19179.201000000005
73623,18389.203
73624,19934.205000000005
73625,19977.200000000004
73626,20744.200000000004
73627,20309.202000000005
73628,21294.203000000005
73629,21322.201000000005
73630,22092.203000000005
73631,21522.201000000005
73632,21307.201000000005
73633,21692.202000000005
73634,20327.202000000005
73635,20529.198000000004
73636,20514.200000000004
73637,20914.199000000004
73638,20284.203000000005
73639,20468.201000000005
73640,21098.199000000004
73641,21658.202000000005
73642,22238.203000000005
73643,21828.207000000006
73644,22208.208000000006
73645,22421.205000000005
73646,22029.204000000005
73647,22254.199000000004
73648,21849.201000000005
73649,20534.199000000004
73650,19169.198000000004
73651,19369.198000000004
73652,19149.199000000004
73653,18554.200000000004
73654,19944.192000000006
73655,19111.196000000007
73656,19693.194000000007
73657,18481.20100000001
73658,19266.20100000001
73659,19886.198000000008
73660,21059.198000000008
73661,20864.197000000007
73662,20844.197000000007
73663,21789.198000000008
73664,20594.199000000008
73665,20594.197000000007
73666,21039.192000000006
73667,21469.18500000001
73668,20853.18700000001
73669,20273.18400000001
73670,20465.182000000008
73671,20498.180000000008
73672,21298.178000000007
73673,20543.177000000007
73674,21728.173000000006
73675,21763.172000000006
73676,21368.170000000006
73677,21536.173000000003
73678,21746.173000000003
73679,21936.177000000003
73680,19976.180000000004
73681,20748.181000000004
73682,19591.182000000004
73683,19251.179000000004
73684,20813.183000000008
73685,20438.180000000004
73686,21428.178000000004
73687,21238.178000000004
73688,21808.180000000004
73689,22023.179000000007
73690,22998.181000000008
73691,22413.184000000005
73692,22802.183000000005
73693,23589.186000000005
73694,22866.184000000005
73695,22661.188000000006
73696,22916.186000000005
73697,22932.185000000005
73698,22775.185000000005
73699,21790.189000000006
73700,21581.193000000007
73701,26711.186000000005
73702,27113.189000000006
73703,26887.192000000006
73704,27126.189000000006
73705,27723.187000000005
73706,27529.187000000005
73707,27139.187000000005
73708,26186.185000000005
73709,26351.187000000005
73710,24406.183000000005
73711,25018.18500000001
73712,24376.190000000006
73713,24168.191000000006
73714,20406.194000000007
73715,20497.20200000001
73716,22271.199000000008
73717,21495.200000000008
73718,22307.199000000008
73719,22717.199000000008
73720,23891.200000000008
73721,23302.200000000008
73722,23890.20300000001
73723,23994.20100000001
73724,23837.199000000008
73725,24658.197000000007
73726,25653.197000000007
73727,26043.198000000008
73728,26039.199000000008
73729,25684.194000000007
73730,25726.195000000007
73731,23917.197000000007
73732,24632.20500000001
73733,25218.20600000001
73734,25233.20900000001
73735,25455.20600000001
73736,25093.211000000007
73737,25101.216000000008
73738,24297.216000000008
73739,24076.215000000007
73740,22088.217000000008
73741,22113.216000000008
73742,21552.211000000007
73743,21798.207000000006
73744,23223.200000000008
73745,23839.200000000008
73746,25839.199000000008
73747,24649.201000000005
73748,25432.203000000005
73749,24654.204000000005
73750,25422.204000000005
73751,25055.201000000005
73752,25277.203
73753,25515.205
73754,26122.206000000002
73755,26655.215000000004
73756,27481.215000000004
73757,27933.211000000003
73758,27141.214000000004
73759,27357.214000000004
73760,27424.211000000003
73761,25537.210000000003
73762,26650.22
73763,27322.217
73764,26652.222
73765,26655.227000000003
73766,26517.226000000002
73767,26071.232000000004
73768,25532.232
73769,25043.227
73770,23315.229
73771,23795.235
73772,28549.233000000004
73773,27708.239
73774,29249.241
73775,30152.238
73776,26200.239
73777,25673.235000000004
73778,26658.234000000004
73779,27156.227000000003
73780,27414.227000000003
73781,27083.221
73782,27659.22
73783,27282.22
73784,26935.221
73785,27735.218
73786,27671.226000000002
73787,27654.229000000003
73788,28384.230000000003
73789,28825.227000000003
73790,28635.229000000003
73791,27123.231000000003
73792,27904.229000000003
73793,28387.226000000002
73794,27005.224000000002
73795,26871.234000000004
73796,25359.232000000004
73797,25151.234000000004
73798,24950.234000000004
73799,24957.236
73800,23248.236
73801,24375.227000000003
73802,24274.221000000005
73803,22895.220000000005
73804,23827.216000000004
73805,24414.217000000004
73806,25621.215000000004
73807,25024.213000000007
73808,25450.211000000007
73809,25290.216000000004
73810,25115.222000000005
73811,26098.222000000005
73812,26697.231000000007
73813,26675.234000000008
73814,27032.224000000006
73815,27787.224000000006
73816,28993.219000000005
73817,29220.220000000005
73818,29423.231000000003
73819,30067.229000000003
73820,30204.237000000005
73821,29039.237000000005
73822,30422.240000000005
73823,30840.242000000002
73824,30275.244000000002
73825,30012.250000000004
73826,28883.247000000003
73827,28672.251000000004
73828,28493.250000000004
73829,28648.243000000002
73830,27326.244000000002
73831,26818.244000000006
73832,26320.245000000006
73833,25817.249000000003
73834,27145.249000000003
73835,27930.262000000002
73836,28704.266000000003
73837,27827.259000000005
73838,28628.260000000002
73839,28598.266000000003
73840,28802.265000000003
73841,29243.263000000003
73842,29288.260000000002
73843,29431.258000000005
73844,29173.253000000004
73845,29691.253000000004
73846,30308.254000000004
73847,30248.266000000007
73848,30355.262000000006
73849,29879.266000000007
73850,30467.271000000004
73851,30666.275000000005
73852,31770.267000000003
73853,32466.273000000005
73854,31071.272000000004
73855,31053.275000000005
73856,29617.281000000003
73857,30045.276000000005
73858,28833.273000000005
73859,29458.270000000004
73860,27705.265000000003
73861,27494.268000000004
73862,27292.264000000006
73863,27071.264000000006
73864,28531.265000000007
73865,29598.276000000005
73866,29713.280000000006
73867,29090.282000000007
73868,29727.280000000006
73869,30111.270000000008
73870,30283.271000000008
73871,30883.261000000006
73872,30971.257000000005
73873,29720.260000000006
73874,29325.251000000007
73875,29408.246000000006
73876,30144.245000000006
73877,29853.243000000006
73878,29104.234000000004
73879,29318.232000000007
73880,30099.228000000006
73881,30224.229000000007
73882,31303.228000000006
73883,32172.225000000006
73884,31037.215000000007
73885,30706.214000000004
73886,29844.215000000004
73887,29968.211000000003
73888,30205.209000000003
73889,30602.205
73890,29788.201
73891,29610.198000000004
73892,29542.193000000003
73893,29599.183
73894,29850.185
73895,30251.179000000007
73896,31826.177000000007
73897,32175.175000000003
73898,32929.171
73899,33055.171
73900,32562.162000000004
73901,32028.170000000002
73902,32084.168000000005
73903,31074.167000000005
73904,31162.160000000003
73905,30788.161000000007
73906,31550.155000000002
73907,31079.154000000002
73908,30308.145
73909,29822.143000000004
73910,31064.137000000002
73911,30685.13
73912,32052.132
73913,33106.128000000004
73914,32957.126000000004
73915,32187.126000000004
73916,30804.123000000003
73917,31179.124000000003
73918,32103.126000000004
73919,32063.127000000004
73920,32367.121000000003
73921,32362.119000000002
73922,31420.115
73923,31971.114
73924,32488.117000000006
73925,32880.113000000005
73926,33615.115000000005
73927,33824.108
73928,34551.108
73929,34314.111000000004
73930,33572.105
73931,33623.102
73932,32617.105000000003
73933,31077.103000000003
73934,30489.105000000003
73935,30294.105000000003
73936,31226.102000000006
73937,31597.102000000006
73938,31217.097000000005
73939,31667.094000000005
73940,33258.087
73941,32562.087000000003
73942,33511.090000000004
73943,33376.089
73944,33515.085
73945,32818.090000000004
73946,31425.089000000004
73947,31049.084000000003
73948,31189.086000000003
73949,31118.091
73950,30710.089
73951,31308.090000000004
73952,29983.093
73953,30979.091
73954,32308.096
73955,31474.097000000005
73956,33686.093
73957,33882.091
73958,34664.09099999999
73959,34088.087
73960,34108.085
73961,34938.07899999999
73962,35358.077000000005
73963,34178.076
73964,32839.074
73965,32429.078000000005
73966,33017.077
73967,38633.078
73968,38659.074
73969,39299.07200000001
73970,39627.074
73971,39462.073000000004
73972,40044.074
73973,39779.074
73974,39208.07200000001
73975,39828.06800000001
73976,38648.072
73977,37660.077000000005
73978,37885.07400000001
73979,38000.07400000001
73980,38270.07000000001
73981,38475.068
73982,37240.07000000001
73983,37755.075000000004
73984,39510.075
73985,39720.073
73986,39390.070999999996
73987,39480.068
73988,39938.064000000006
73989,37720.066000000006
73990,33900.062
73991,34435.058
73992,34430.059
73993,33490.057
73994,32775.059
73995,32410.059000000005
73996,32970.063
73997,33165.065
73998,33225.063
73999,33585.064
74000,34555.06599999999
74001,34360.06599999999
74002,34685.068999999996
74003,35445.068999999996
74004,34055.064999999995
74005,34550.06399999999
74006,33750.064999999995
74007,33740.064
74008,33515.066000000006
74009,33710.066999999995
74010,32895.069
74011,33510.069
74012,33340.07000000001
74013,33725.070999999996
74014,35490.068999999996
74015,35940.066999999995
74016,36105.069
74017,36535.066
74018,35935.068999999996
74019,35385.06799999999
74020,34690.066
74021,34915.066
74022,34485.069
74023,32455.071000000007
74024,31890.072000000007
74025,31695.073000000008
74026,32880.071
74027,33215.07200000001
74028,31230.075000000008
74029,31775.074000000008
74030,31795.07600000001
74031,31010.07700000001
74032,31425.07700000001
74033,33005.07400000001
74034,31305.073000000008
74035,31480.07200000001
74036,30440.07600000001
74037,29685.07600000001
74038,30040.07900000001
74039,30300.07600000001
74040,29940.075000000008
74041,30285.08000000001
74042,30690.07800000001
74043,30435.08000000001
74044,31780.08000000001
74045,31885.08300000001
74046,31370.07900000001
74047,31185.07700000001
74048,31740.07800000001
74049,32750.075000000008
74050,32645.072000000007
74051,33645.07200000001
74052,33675.071
74053,34470.072
74054,34300.072
74055,34685.073000000004
74056,36220.073000000004
74057,37125.068
74058,36415.065
74059,37330.065
74060,37940.065
74061,36188.069
74062,35693.069
74063,36583.071
74064,35803.072
74065,35868.069
74066,34038.06800000001
74067,34018.06700000001
74068,34373.06900000001
74069,34148.07000000001
74070,33583.07100000001
74071,33253.071
74072,33828.069
74073,34088.06800000001
74074,35523.064000000006
74075,34878.066000000006
74076,34383.071
74077,34303.067
74078,35123.065
74079,35123.065
74080,34750.066999999995
74081,35800.062
74082,36555.064
74083,35555.064
74084,34740.066
74085,34950.068
74086,35515.06800000001
74087,35570.066999999995
74088,35015.066
74089,35465.065
74090,36085.065
74091,35110.06800000001
74092,33825.071
74093,34495.069
74094,32725.07200000001
74095,33350.06900000001
74096,32580.06700000001
74097,32780.066000000006
74098,33365.066000000006
74099,33460.062000000005
74100,32545.06100000001
74101,32490.06300000001
74102,31045.06700000001
74103,32025.06600000001
74104,34065.063
74105,33970.059
74106,34370.057
74107,34370.057
74108,34085.060000000005
74109,33625.064000000006
74110,34205.065
74111,34610.062000000005
74112,34805.062999999995
74113,33895.060000000005
74114,33725.06
74115,33845.057
74116,34365.060999999994
74117,34340.061
74118,33635.065
74119,33615.06900000001
74120,33520.07400000001
74121,32920.07700000001
74122,31950.07700000001
74123,32235.075000000008
74124,30450.072000000007
74125,31440.06900000001
74126,30280.067000000006
74127,30475.06700000001
74128,31275.06900000001
74129,30990.07300000001
74130,29840.07400000001
74131,29470.07800000001
74132,30415.079000000012
74133,30590.08400000001
74134,31865.08800000001
74135,31930.08600000001
74136,33475.084
74137,33260.08500000001
74138,32925.084
74139,32920.086
74140,33090.086
74141,33650.086
74142,33290.08500000001
74143,32585.08000000001
74144,32815.078
74145,32450.08100000001
74146,32715.07800000001
74147,34545.078
74148,33875.08
74149,34460.08
74150,34715.07800000001
74151,35760.07400000001
74152,35415.079
74153,36280.077000000005
74154,35630.07600000001
74155,35810.079000000005
74156,34280.078
74157,34305.079000000005
74158,35135.079000000005
74159,34975.07700000001
74160,34820.07700000001
74161,34525.07300000001
74162,36525.067
74163,36495.068
74164,36615.073
74165,36100.073
74166,37020.07
74167,36500.069
74168,36670.069
74169,36695.07
74170,37025.07200000001
74171,36665.072
74172,36340.069
74173,34915.070999999996
74174,34905.073000000004
74175,34940.070999999996
74176,34800.07
74177,35175.074
74178,34325.077999999994
74179,35080.079
74180,34830.079999999994
74181,36060.078
74182,36595.079000000005
74183,37790.079000000005
74184,37085.074
74185,37770.07
74186,36810.06799999999
74187,36340.066
74188,36495.068999999996
74189,35680.070999999996
74190,35110.077
74191,34170.079000000005
74192,34605.079
74193,34190.079000000005
74194,33565.082
74195,34795.08
74196,36570.081000000006
74197,36480.084
74198,37270.082
74199,37560.078
74200,36535.08200000001
74201,35590.081000000006
74202,35265.07800000001
74203,35160.075000000004
74204,35730.073000000004
74205,35335.07400000001
74206,35270.073000000004
74207,36203.07200000001
74208,35253.07200000001
74209,36858.06800000001
74210,36718.066
74211,37443.070999999996
74212,37218.072
74213,38063.069
74214,37668.068999999996
74215,37088.068
74216,35448.064999999995
74217,35068.062
74218,35158.058999999994
74219,34323.061
74220,35163.059
74221,35023.05699999999
74222,35583.056
74223,35418.055
74224,35398.055
74225,36318.056
74226,38263.05699999999
74227,39018.05699999999
74228,39073.058
74229,39213.059
74230,38663.057
74231,37523.056000000004
74232,36723.055
74233,35513.059
74234,35363.064000000006
74235,35283.068000000014
74236,34078.07000000001
74237,35163.07000000001
74238,33613.07200000001
74239,34673.07
74240,34293.07200000001
74241,35668.07000000001
74242,36058.069
74243,36878.067
74244,35868.07
74245,36458.069
74246,35443.07200000001
74247,35458.07100000001
74248,36008.07400000001
74249,35490.072
74250,36500.07
74251,36778.068
74252,37138.068999999996
74253,37473.068999999996
74254,38338.066999999995
74255,37915.068999999996
74256,38655.073
74257,39075.072
74258,39170.073000000004
74259,39345.072
74260,38325.072
74261,36790.070999999996
74262,35680.068999999996
74263,35220.073
74264,34710.068
74265,34320.068
74266,33935.068999999996
74267,33770.068
74268,33015.069
74269,33820.068999999996
74270,33915.074
74271,35313.073
74272,35528.075
74273,36113.074
74274,35565.073
74275,36628.071
74276,36160.07200000001
74277,35849.068999999996
74278,36639.06800000001
74279,36263.067
74280,36063.06800000001
74281,36213.06700000001
74282,36373.07
74283,35572.073
74284,36721.074
74285,36378.08
74286,37604.077
74287,37819.079
74288,38114.083
74289,38799.08
74290,35904.083999999995
74291,35544.08299999999
74292,34211.084
74293,33858.082
74294,33096.083000000006
74295,32690.08400000001
74296,31482.09100000001
74297,32102.09200000001
74298,30725.094000000012
74299,31479.08800000001
74300,32875.08600000001
74301,32840.08900000001
74302,33440.09100000001
74303,34569.09300000001
74304,34209.09300000001
74305,34624.094000000005
74306,33909.094000000005
74307,32906.096000000005
74308,32902.09700000001
74309,32312.09900000001
74310,32565.09700000001
74311,32080.10100000001
74312,31680.10500000001
74313,31265.10800000001
74314,32076.10600000001
74315,32019.10300000001
74316,33775.10100000001
74317,34815.099
74318,35685.109
74319,36470.111
74320,35181.113999999994
74321,35360.115999999995
74322,34000.118
74323,34094.124
74324,33509.12500000001
74325,33433.12800000001
74326,33068.13100000001
74327,33472.134000000005
74328,32962.13100000001
74329,33586.133
74330,34731.136000000006
74331,34502.14000000001
74332,36005.14
74333,37238.138999999996
74334,36483.143
74335,35495.148
74336,33444.15500000001
74337,33169.16400000001
74338,32808.16900000001
74339,31763.16900000001
74340,31950.16800000001
74341,32636.17300000001
74342,33016.170000000006
74343,31886.17000000001
74344,32980.16700000001
74345,33402.168000000005
74346,35027.168
74347,35342.172
74348,36947.176999999996
74349,37249.176999999996
74350,36358.17599999999
74351,36740.17599999999
74352,34965.183
74353,34439.185000000005
74354,34812.179000000004
74355,35412.179000000004
74356,34362.181000000004
74357,34538.189000000006
74358,33823.191000000006
74359,34879.189000000006
74360,36048.19299999999
74361,35459.192
74362,36501.2
74363,37749.198
74364,36984.19699999999
74365,36077.202
74366,35098.202
74367,34388.204000000005
74368,33904.204000000005
74369,33025.20100000001
74370,32735.197000000007
74371,33543.196
74372,33411.200000000004
74373,33367.204000000005
74374,34061.203
74375,34508.204999999994
74376,36508.20399999999
74377,37590.205999999984
74378,38815.20399999999
74379,38615.20199999999
74380,38300.19799999999
74381,38538.194999999985
74382,37609.19999999998
74383,37069.20099999999
74384,37283.20299999999
74385,37999.20299999999
74386,36927.20899999999
74387,36894.21099999999
74388,36628.21499999999
74389,37290.21799999999
74390,38228.22099999999
74391,38035.221999999994
74392,38573.22599999999
74393,39398.22699999999
74394,37846.227999999996
74395,37843.23099999999
74396,36811.227
74397,35664.225999999995
74398,35011.23299999999
74399,34852.23500000001
74400,33930.240000000005
74401,34422.24600000001
74402,34920.24800000001
74403,34785.25400000001
74404,35985.253
74405,36390.257
74406,37957.264
74407,39123.263
74408,40011.257000000005
74409,39854.26
74410,39994.265
74411,40138.265999999996
74412,39083.268
74413,38096.272
74414,37817.279
74415,37739.284999999996
74416,37260.285
74417,37041.293000000005
74418,37201.289000000004
74419,37555.293
74420,39062.291
74421,39052.293
74422,39420.297
74423,39823.301999999996
74424,38786.304
74425,38393.304
74426,37581.306
74427,36977.305
74428,36738.312
74429,36523.316999999995
74430,36033.318
74431,36414.326
74432,36359.329
74433,36503.334
74434,37843.337
74435,38589.344999999994
74436,40754.348999999995
74437,41534.342
74438,41329.349
74439,40957.342
74440,41195.34500000001
74441,41211.34100000001
74442,40961.340000000004
74443,40083.344000000005
74444,40180.346000000005
74445,40048.346000000005
74446,38931.34500000001
74447,39331.34200000001
74448,39260.340000000004
74449,40348.33600000001
74450,40285.33200000001
74451,40742.32900000001
74452,40671.33700000001
74453,41330.34100000001
74454,40163.343000000015
74455,39443.34600000001
74456,39306.345000000016
74457,38683.34600000001
74458,39392.34600000001
74459,38677.356000000014
74460,38734.36300000001
74461,39570.36500000001
74462,38937.37200000002
74463,39227.38000000002
74464,41052.37500000002
74465,41915.38000000003
74466,42735.38600000002
74467,42965.38800000003
74468,42938.39000000002
74469,42602.39600000002
74470,43185.40000000002
74471,42830.40300000002
74472,43085.40800000001
74473,41823.413000000015
74474,42436.411000000015
74475,41764.417000000016
74476,40949.418000000005
74477,41321.413000000015
74478,40532.415000000015
74479,41068.42100000001
74480,41093.42000000002
74481,41421.41600000002
74482,42058.42100000002
74483,42589.421000000024
74484,40878.43000000002
74485,40808.42800000002
74486,41252.43500000002
74487,41221.42900000002
74488,41268.43700000002
74489,41494.43500000002
74490,40903.43500000002
74491,41188.43900000002
74492,40334.44500000002
74493,40839.444000000025
74494,41216.45400000003
74495,42468.45500000002
74496,43288.459000000024
74497,44645.45800000002
74498,44447.462000000014
74499,45450.462000000014
74500,45362.47400000002
74501,44913.481000000014
74502,44608.48600000002
74503,43498.49700000002
74504,44871.48900000001
74505,45439.48700000001
74506,44242.48400000001
74507,43477.494000000006
74508,42990.499
74509,43347.49800000001
74510,43355.509000000005
74511,43253.508
74512,43002.512
74513,44172.51
74514,43799.505
74515,42943.498
74516,42402.503
74517,41821.511
74518,42338.518
74519,41987.527
74520,41867.53700000001
74521,42307.54300000001
74522,41706.549000000006
74523,41965.541999999994
74524,42147.538000000015
74525,43378.541000000005
74526,43888.54200000001
74527,44939.542000000016
74528,44690.55000000002
74529,44839.55200000002
74530,44971.55400000002
74531,44297.55400000002
74532,44497.55300000002
74533,44182.544000000016
74534,44880.55400000002
74535,43646.56700000002
74536,44010.56600000001
74537,42319.57000000001
74538,42522.56700000001
74539,42625.56900000002
74540,43161.570000000014
74541,43573.576000000015
74542,44180.57400000001
74543,44644.57100000001
74544,44749.56300000001
74545,44047.56300000002
74546,42572.56900000001
74547,42121.57500000001
74548,42757.57800000001
74549,41856.58400000002
74550,41491.58800000001
74551,42650.58600000001
74552,42355.58700000001
74553,41882.60200000001
74554,41504.60400000001
74555,42585.60800000001
74556,43055.608
74557,44219.608
74558,43760.60800000001
74559,43987.60400000001
74560,43687.607
74561,43705.611000000004
74562,43216.60800000001
74563,43688.61200000001
74564,44387.615000000005
74565,44391.617
74566,44899.626
74567,44282.634
74568,44345.619
74569,45060.617000000006
74570,45164.62400000001
74571,45016.619000000006
74572,45345.619
74573,45888.617
74574,45424.63000000001
74575,44083.63000000001
74576,43294.638000000006
74577,42376.653000000006
74578,42578.64700000001
74579,42045.636000000006
74580,42162.633
74581,43120.635
74582,42758.64200000001
74583,42459.64100000002
74584,41533.653000000006
74585,42549.648000000016
74586,43151.63900000003
74587,43846.637000000024
74588,44715.64100000002
74589,44908.648000000016
74590,45337.65200000002
74591,44567.65400000001
74592,44615.648000000016
74593,44552.64300000002
74594,44672.639000000025
74595,44749.639000000025
74596,45270.63700000002
74597,44826.63700000001
74598,44562.63500000001
74599,45343.636000000006
74600,45421.638000000006
74601,45283.64100000001
74602,46045.63500000001
74603,46364.63600000001
74604,45438.64400000001
74605,44351.64300000001
74606,44290.641
74607,43732.64500000001
74608,44150.64900000002
74609,43060.63600000001
74610,42731.63400000002
74611,43095.633000000016
74612,43249.62500000002
74613,42556.61100000002
74614,42341.61700000002
74615,43659.61800000002
74616,43746.61700000001
74617,44710.62200000002
74618,45017.62600000001
74619,45688.622
74620,46410.619000000006
74621,44267.627000000015
74622,44548.62900000002
74623,44218.63000000001
74624,44025.63700000002
74625,43409.63500000001
74626,43522.62700000001
74627,42615.62900000001
74628,41941.62700000001
74629,42962.63000000001
74630,42774.642000000014
74631,43479.64200000002
74632,42986.64400000001
74633,43126.643000000004
74634,43723.636
74635,42255.645000000004
74636,41643.651000000005
74637,41193.64500000001
74638,40799.645000000004
74639,40235.63900000001
74640,39887.629000000015
74641,39786.62600000001
74642,39457.64000000001
74643,39223.64900000001
74644,39706.65200000001
74645,41004.65200000001
74646,41437.63900000001
74647,42500.633
74648,43216.636000000006
74649,42549.641
74650,42447.653000000006
74651,41522.65700000001
74652,41190.653000000006
74653,41012.649
74654,40990.63999999999
74655,39830.654
74656,40194.649
74657,39848.643000000004
74658,38259.652
74659,39099.65
74660,38628.65100000001
74661,39105.64800000001
74662,39159.64100000001
74663,39380.63900000002
74664,38534.642000000014
74665,36919.648
74666,37033.634000000005
74667,37404.617
74668,37266.607
74669,37288.602
74670,37217.604
74671,37262.6
74672,36823.604
74673,36106.587
74674,36907.585
74675,37452.590000000004
74676,36968.587
74677,37274.591
74678,38526.583
74679,37869.575
74680,36986.581000000006
74681,36365.575000000004
74682,36845.57100000001
74683,37011.57100000001
74684,36915.561000000016
74685,37210.56300000002
74686,38137.56200000001
74687,36858.56600000001
74688,35752.56200000001
74689,36316.56600000001
74690,36403.56700000001
74691,36721.56700000001
74692,36610.56900000001
74693,36646.57500000001
74694,35937.57800000001
74695,33978.585000000014
74696,33666.578000000016
74697,34242.57700000001
74698,34359.580000000016
74699,33977.578000000016
74700,34268.57200000001
74701,34545.564
74702,34439.55200000001
74703,34085.54300000001
74704,34045.55100000001
74705,34442.54600000001
74706,35122.544
74707,34930.547000000006
74708,35643.544
74709,35316.549000000006
74710,34303.55800000001
74711,32770.55000000002
74712,32562.549000000014
74713,32700.545000000016
74714,32378.540000000015
74715,32360.545000000013
74716,31514.549000000014
74717,31248.540000000015
74718,30710.535000000018
74719,30845.54300000002
74720,31492.54500000002
74721,32192.543000000016
74722,32570.538000000015
74723,31922.53700000002
74724,32304.53800000002
74725,31006.54100000002
74726,31348.542000000016
74727,31260.532000000017
74728,31334.53700000002
74729,31563.533000000018
74730,30948.533000000018
74731,30667.52900000002
74732,30145.525000000016
74733,30192.52900000002
74734,35677.52400000002
74735,36267.523000000016
74736,35919.523000000016
74737,34963.523000000016
74738,35155.523000000016
74739,35696.52200000002
74740,35048.51800000001
74741,34960.51400000002
74742,35287.50900000002
74743,34938.50500000002
74744,35058.496000000014
74745,35576.49300000002
74746,34433.50300000001
74747,34468.498000000014
74748,34041.504000000015
74749,33888.498000000014
74750,34411.498000000014
74751,34605.496000000014
74752,34570.49500000001
74753,35054.498000000014
74754,35751.481000000014
74755,34694.47600000001
74756,35055.470000000016
74757,34674.46300000002
74758,34720.46500000001
74759,32917.46500000001
74760,33191.46300000001
74761,33250.46000000001
74762,32799.46100000001
74763,32541.460000000014
74764,26822.456000000013
74765,27396.45000000001
74766,27057.454000000012
74767,26659.455000000013
74768,26897.457000000013
74769,28173.460000000006
74770,26292.46600000001
74771,26060.46300000001
74772,26340.46600000001
74773,25071.466000000008
74774,24922.46300000001
74775,25657.462000000014
74776,26183.46300000001
74777,25619.471000000012
74778,25345.474000000013
74779,25110.475000000013
74780,25983.47800000001
74781,26318.478000000014
74782,26549.481000000007
74783,27810.47600000001
74784,27755.478000000006
74785,26248.48100000001
74786,25973.47900000001
74787,26294.48800000001
74788,26070.49100000001
74789,25169.483000000007
74790,25756.480000000007
74791,30960.478000000006
74792,29981.482000000007
74793,29841.471000000005
74794,30086.465000000007
74795,30499.462000000007
74796,29936.462000000007
74797,30293.458000000002
74798,30766.453
74799,31857.452
74800,30091.448000000004
74801,29286.454000000005
74802,29528.456000000002
74803,28929.453
74804,29232.440000000002
74805,28844.432000000004
74806,28647.436000000005
74807,26837.436
74808,26484.431000000004
74809,27078.424000000003
74810,27833.420000000002
74811,28080.416000000005
74812,27767.413
74813,27558.420000000002
74814,26923.418
74815,27107.411000000004
74816,27529.410000000003
74817,27793.410000000003
74818,28615.406000000003
74819,27595.407000000007
74820,28187.404000000002
74821,28117.407000000003
74822,28306.405000000006
74823,28141.402000000006
74824,27844.403000000006
74825,27197.400000000005
74826,26214.409000000003
74827,26851.412000000004
74828,26358.409000000003
74829,27408.410000000003
74830,25685.405000000006
74831,25539.405000000002
74832,24393.398000000005
74833,24099.403000000006
74834,24382.404000000006
74835,25346.395000000008
74836,25757.385000000006
74837,20050.378000000008
74838,19226.374000000007
74839,18958.374000000003
74840,19439.373000000007
74841,18310.369000000006
74842,18258.365
74843,17963.364
74844,18366.362
74845,17980.357000000004
74846,18169.366
74847,18349.347
74848,19622.338
74849,18963.336
74850,20742.325999999997
74851,21370.317
74852,21225.327999999998
74853,21000.335
74854,19713.339
74855,18629.341
74856,17674.347000000005
74857,17805.348
74858,16765.347
74859,16591.356000000003
74860,14404.357000000002
74861,14472.366000000004
74862,13985.374000000003
74863,14237.379000000004
74864,13887.389000000006
74865,14322.398000000007
74866,13954.408000000007
74867,14244.405000000008
74868,14271.40300000001
74869,14295.39800000001
74870,14749.406000000014
74871,13931.424000000014
74872,12404.446000000014
74873,11211.465000000015
74874,10573.471000000018
74875,9004.492000000018
74876,7645.5190000000175
74877,4808.5430000000115
74878,4241.564000000011
74879,1355.6139999999982
74880,2483.4290000000005
74881,3988.416000000006
74882,6526.404000000017
74883,8038.39000000002
74884,8933.38200000002
74885,9667.381000000018
74886,10680.38000000002
74887,11002.375000000018
74888,11669.37200000002
74889,12689.37200000002
74890,14746.37300000002
74891,14511.367000000018
74892,12096.373000000018
74893,11146.374000000016
74894,11476.372000000014
74895,11168.374000000013
74896,11218.37400000001
74897,11773.370000000008
74898,11909.372000000005
74899,11643.375000000004
74900,9232.370000000003
74901,11097.359000000002
74902,13211.354000000001
74903,13861.353000000001
74904,14514.344000000001
74905,15854.340000000002
74906,15957.330000000004
74907,17474.318
74908,19319.310999999998
74909,20764.304999999997
74910,20466.314
74911,19211.318
74912,19596.324
74913,21351.324
74914,19854.334
74915,19704.334
74916,21004.337
74917,20189.338
74918,18637.34
74919,18057.336000000003
74920,18972.335000000003
74921,19655.336
74922,17880.332000000002
74923,16320.328000000003
74924,17297.323000000004
74925,15857.313000000004
74926,14990.300000000003
74927,14530.297000000004
74928,13703.296000000004
74929,13923.289000000002
74930,12506.287000000004
74931,12934.279000000002
74932,14629.273000000003
74933,14869.262000000002
74934,14569.266000000003
74935,15679.263
74936,16044.260000000004
74937,16234.259000000002
74938,17566.259000000002
74939,17453.258
74940,17766.252000000004
74941,16616.248000000003
74942,17011.249
74943,18356.239
74944,16956.234000000004
74945,17679.231000000003
74946,19579.228000000006
74947,19349.229000000007
74948,18974.225000000006
74949,19884.226000000006
74950,20794.221000000005
74951,20984.219000000005
74952,19604.213000000003
74953,18393.209000000006
74954,19113.207000000006
74955,16908.210000000003
74956,15535.207000000006
74957,15935.206000000006
74958,15563.200000000004
74959,15758.195000000005
74960,15163.190000000004
74961,15993.180000000004
74962,16581.181000000004
74963,17174.180000000004
74964,16379.183000000003
74965,17729.184000000005
74966,17109.189000000006
74967,16709.195000000007
74968,17269.201000000005
74969,16479.20500000001
74970,16289.206000000006
74971,16279.209000000006
74972,16679.211000000003
74973,17079.213000000007
74974,17307.212000000003
74975,17309.215000000007
74976,18864.217000000008
74977,19054.21900000001
74978,19066.216000000004
74979,20071.216000000008
74980,20829.22000000001
74981,20654.217000000008
74982,19674.218000000008
74983,18114.21900000001
74984,18141.216000000008
74985,16404.214000000004
74986,15234.214000000005
74987,15262.213000000005
74988,15477.212000000005
74989,15317.208000000004
74990,14362.208000000004
74991,14747.208000000006
74992,15129.207000000006
74993,16699.205000000005
74994,16152.201000000005
74995,17147.198000000004
74996,17162.197000000004
74997,18934.192000000003
74998,19279.196000000007
74999,19079.196000000007
75000,18699.196000000007
75001,19094.195000000007
75002,19892.192000000006
75003,19292.193000000007
75004,19297.192000000006
75005,20902.186000000005
75006,21462.191000000006
75007,20842.195000000007
75008,20237.196000000007
75009,20612.198000000004
75010,21612.195000000007
75011,20837.194000000003
75012,20227.197000000004
75013,19847.196000000004
75014,19837.197000000004
75015,17897.195000000003
75016,16679.201000000005
75017,16529.196000000004
75018,17519.193000000003
75019,17316.194000000003
75020,17139.192000000003
75021,16924.194000000003
75022,18294.193000000003
75023,18844.195000000003
75024,18634.196000000004
75025,19437.193000000003
75026,20177.194000000003
75027,20757.197000000004
75028,20942.199000000004
75029,20727.201000000005
75030,20127.204000000005
75031,21087.205000000005
75032,20912.204000000005
75033,20897.203000000005
75034,20697.202000000005
75035,22482.199000000004
75036,23670.197000000004
75037,23652.198000000004
75038,23212.205000000005
75039,23012.204000000005
75040,23607.203000000005
75041,22824.203000000005
75042,21056.203000000005
75043,19846.208000000006
75044,20033.210000000006
75045,18671.211000000003
75046,17347.206000000002
75047,17334.207000000002
75048,17719.206000000002
75049,18702.207000000006
75050,18367.2
75051,18367.199
75052,19922.198000000004
75053,20497.198000000004
75054,20552.194000000003
75055,21337.192000000003
75056,22117.191000000003
75057,21517.192000000003
75058,21689.193000000003
75059,21529.192000000006
75060,21286.197000000004
75061,21876.196000000004
75062,22438.198000000004
75063,22853.195000000007
75064,22516.191000000006
75065,22923.186000000005
75066,23875.190000000006
75067,24121.187000000005
75068,23692.190000000006
75069,23704.186000000005
75070,24109.189000000006
75071,22957.187000000005
75072,21362.188000000006
75073,20372.190000000006
75074,20962.190000000006
75075,20577.190000000006
75076,19217.187
75077,19197.190000000002
75078,18817.188000000002
75079,19964.187000000005
75080,20339.187000000005
75081,20308.189000000006
75082,21313.186000000005
75083,21513.185000000005
75084,22070.186000000005
75085,22265.184000000005
75086,22658.183000000005
75087,22078.183000000005
75088,23033.186000000005
75089,22613.189000000006
75090,22422.191000000006
75091,22052.192000000006
75092,22247.193000000007
75093,22829.192000000006
75094,22077.192000000006
75095,22665.193000000007
75096,24246.191000000006
75097,25186.192000000006
75098,25011.190000000006
75099,23836.190000000006
75100,23831.192000000006
75101,23411.190000000002
75102,22851.190000000006
75103,22661.187
75104,22841.189000000002
75105,22276.186
75106,21096.183
75107,20485.184000000005
75108,19308.186000000005
75109,20268.188000000002
75110,21255.187000000005
75111,21437.188000000006
75112,22052.188000000006
75113,21495.18700000001
75114,22455.18700000001
75115,22875.18600000001
75116,23676.18500000001
75117,23101.18500000001
75118,23846.19100000001
75119,23638.197000000007
75120,23283.190000000006
75121,22328.185000000005
75122,22728.184000000005
75123,23724.183000000005
75124,22519.188000000006
75125,23348.187000000005
75126,25330.182000000004
75127,25933.188000000006
75128,25943.187000000005
75129,24778.187000000005
75130,24628.185000000005
75131,24451.184000000005
75132,28766.185000000005
75133,28981.186000000005
75134,28586.188000000006
75135,27415.187000000005
75136,25882.185000000005
75137,26092.186000000005
75138,25521.184000000005
75139,27079.178000000004
75140,28625.180000000004
75141,28625.180000000004
75142,30005.179000000004
75143,29625.176000000003
75144,30175.178000000004
75145,29564.181000000004
75146,30524.182000000004
75147,30381.178000000004
75148,30577.178000000004
75149,30912.186000000005
75150,30662.193000000007
75151,29695.193000000007
75152,29463.194000000007
75153,31452.192000000006
75154,30144.191000000006
75155,30313.196000000007
75156,32222.20200000001
75157,32636.198000000008
75158,32070.195000000007
75159,31004.194000000007
75160,30254.193000000007
75161,30302.197000000007
75162,28758.20100000001
75163,29354.199000000008
75164,29405.201000000005
75165,29237.203000000005
75166,28237.211000000007
75167,29039.209000000006
75168,28075.213000000007
75169,29866.213000000007
75170,31266.213000000007
75171,30868.211000000007
75172,32257.208000000006
75173,31840.211000000007
75174,32195.214000000007
75175,31863.211000000007
75176,32406.214000000007
75177,32553.217000000008
75178,31563.22200000001
75179,32167.22500000001
75180,32592.22400000001
75181,31427.22600000001
75182,31058.22200000001
75183,32250.22000000001
75184,30731.22100000001
75185,30578.218000000008
75186,32481.215000000007
75187,32116.209000000006
75188,32691.210000000006
75189,31977.208000000006
75190,31023.209000000006
75191,31219.208000000006
75192,30257.207000000006
75193,31495.204000000005
75194,31468.206
75195,31980.201
75196,31402.205
75197,31616.206000000002
75198,30667.206000000002
75199,31884.203
75200,32538.208
75201,27233.201
75202,29181.2
75203,28248.195
75204,28431.199
75205,28066.2
75206,28076.198
75207,27492.198
75208,26681.202
75209,27061.205
75210,27601.204
75211,26655.2
75212,27229.2
75213,28756.202
75214,27953.206000000002
75215,27789.211000000003
75216,28839.206000000002
75217,28372.206000000002
75218,29119.208000000002
75219,27562.210000000003
75220,26578.215000000004
75221,27017.213000000003
75222,26093.213000000003
75223,26866.212000000003
75224,27277.207000000002
75225,26906.208000000002
75226,26934.205
75227,27208.199000000004
75228,26874.199000000004
75229,27529.198000000004
75230,28997.194000000003
75231,29726.192000000003
75232,30931.192000000003
75233,30358.186
75234,30969.188000000002
75235,30426.184
75236,30292.181
75237,29382.175
75238,29059.177
75239,29188.188000000002
75240,29834.183
75241,28068.186
75242,27873.186
75243,31451.179
75244,30993.18
75245,31389.18
75246,32211.176000000003
75247,32766.179999999997
75248,33119.181
75249,32619.188
75250,32599.189
75251,33052.185
75252,32292.185
75253,32570.187000000005
75254,32132.193
75255,31946.201
75256,31848.209000000003
75257,32717.205
75258,31581.210000000003
75259,31540.221
75260,31966.221
75261,33119.214
75262,34126.216
75263,33985.213
75264,34205.218
75265,33250.218
75266,33645.221000000005
75267,32443.231000000003
75268,32093.234000000004
75269,32319.237000000005
75270,32896.237
75271,30796.241000000005
75272,30411.244000000006
75273,31581.243000000006
75274,30948.252000000008
75275,31950.250000000004
75276,32555.248000000007
75277,32902.253000000004
75278,32684.261000000006
75279,32609.261000000006
75280,32871.257000000005
75281,32319.258000000005
75282,31555.258000000005
75283,31647.253000000004
75284,32110.258000000005
75285,31979.253000000004
75286,32041.258000000005
75287,32992.261000000006
75288,32601.264000000003
75289,33885.262
75290,34081.265
75291,34877.267
75292,35718.261999999995
75293,35730.261999999995
75294,35511.265999999996
75295,34573.26
75296,34561.268
75297,33577.27
75298,34234.272
75299,34021.274
75300,34322.278
75301,33397.271
75302,32912.282
75303,33842.28
75304,33108.275
75305,33620.282
75306,34471.276
75307,34853.282999999996
75308,34539.286
75309,33910.281
75310,33145.274000000005
75311,33363.266
75312,32767.261000000002
75313,32550.262000000002
75314,33555.252
75315,34406.254
75316,34015.252
75317,33829.25000000001
75318,32901.241
75319,34379.251000000004
75320,33559.243
75321,34379.238
75322,34920.236999999994
75323,34758.229999999996
75324,34761.229
75325,33961.231
75326,34575.222
75327,33715.228
75328,34578.226
75329,34189.224
75330,34219.219000000005
75331,33271.212
75332,33267.205
75333,34772.201
75334,33626.201
75335,34998.198000000004
75336,40957.187999999995
75337,41532.176999999996
75338,41150.17499999999
75339,39828.17600000001
75340,39855.175
75341,40186.17199999999
75342,40583.159
75343,40044.155
75344,40549.155
75345,40719.157999999996
75346,40332.155
75347,40917.149999999994
75348,40027.148
75349,40866.138999999996
75350,40143.133
75351,40930.12599999999
75352,41195.12699999999
75353,40956.126000000004
75354,40520.123999999996
75355,39754.12400000001
75356,39952.122
75357,39320.12000000001
75358,40056.121
75359,40172.117
75360,40546.117
75361,39718.11600000001
75362,39909.111999999994
75363,40255.113
75364,40058.111000000004
75365,41158.11499999999
75366,41543.117
75367,41734.121
75368,41544.118
75369,41318.118
75370,41318.118
75371,41788.11899999999
75372,41782.12299999999
75373,40810.119999999995
75374,41655.115999999995
75375,41067.11499999999
75376,40445.115999999995
75377,38174.113
75378,38036.10400000001
75379,38620.107
75380,38224.107
75381,39041.10500000001
75382,38852.10400000001
75383,39239.10500000001
75384,38349.103
75385,37230.100000000006
75386,37002.103
75387,31110.099000000006
75388,33033.097
75389,32917.088
75390,32875.088
75391,32325.087000000003
75392,31900.089000000004
75393,32335.089000000004
75394,32556.086000000003
75395,33895.087
75396,34468.087
75397,34817.087
75398,33632.090000000004
75399,33960.08900000001
75400,34154.088
75401,34966.086
75402,34500.08500000001
75403,32958.084
75404,34311.08
75405,34130.078
75406,33661.08
75407,33846.083000000006
75408,32459.086000000007
75409,32654.087000000007
75410,32067.085000000006
75411,32262.084000000006
75412,33002.078
75413,32582.078000000005
75414,31335.081000000006
75415,30720.082000000006
75416,30790.07600000001
75417,29821.07700000001
75418,31355.07600000001
75419,30945.069000000007
75420,31365.066000000006
75421,30035.063000000006
75422,31175.065000000006
75423,32205.064000000006
75424,31620.06500000001
75425,33200.06100000001
75426,33795.061
75427,34190.06100000001
75428,33940.062000000005
75429,33845.067
75430,33650.06800000001
75431,35410.067
75432,34020.06800000001
75433,33585.07200000001
75434,34565.071
75435,34725.073000000004
75436,34395.071
75437,34575.07400000001
75438,35255.069
75439,35290.067
75440,34705.069
75441,34525.072
75442,34540.07400000001
75443,33590.07400000001
75444,33510.07600000001
75445,32725.07700000001
75446,32335.077000000005
75447,31380.07900000001
75448,32360.07800000001
75449,31940.08000000001
75450,32365.07800000001
75451,31000.07800000001
75452,32520.07600000001
75453,33500.07600000001
75454,33475.077000000005
75455,34580.072
75456,35105.07400000001
75457,35300.075
75458,35130.075
75459,35170.073000000004
75460,35110.075
75461,36480.074
75462,34775.075
75463,35138.07600000001
75464,35558.075000000004
75465,34743.07800000001
75466,34003.076
75467,34138.078
75468,38238.08
75469,38793.081000000006
75470,37843.081000000006
75471,38628.081000000006
75472,33713.083000000006
75473,32308.086000000007
75474,32338.085000000006
75475,31198.084000000006
75476,31808.084000000006
75477,32198.085000000006
75478,33778.081000000006
75479,33133.083000000006
75480,33978.08
75481,32333.077000000005
75482,33453.077000000005
75483,33843.077000000005
75484,33298.078
75485,33873.081000000006
75486,33273.08500000001
75487,33140.084
75488,32970.08400000001
75489,34270.084
75490,34695.082
75491,35090.086
75492,34565.083000000006
75493,34985.083000000006
75494,36245.08
75495,36600.082
75496,36015.082
75497,35585.085
75498,34770.087
75499,35595.083
75500,34785.08500000001
75501,34235.086
75502,34600.087
75503,33295.08500000001
75504,32340.086000000007
75505,31365.086000000007
75506,32380.083000000006
75507,32730.077000000005
75508,33375.07000000001
75509,33010.07000000001
75510,33475.07000000001
75511,32480.069000000007
75512,33905.067
75513,34805.072
75514,34795.074
75515,35325.075000000004
75516,35300.075000000004
75517,35170.073
75518,34725.075000000004
75519,34985.072
75520,35460.070999999996
75521,36470.06999999999
75522,35460.073
75523,35490.073
75524,36240.07399999999
75525,36695.07199999999
75526,35915.072
75527,36478.072
75528,36143.071
75529,36093.071
75530,35203.069
75531,36018.071
75532,35593.073000000004
75533,35148.07200000001
75534,34493.071
75535,34133.07000000001
75536,34383.07000000001
75537,34416.06800000001
75538,34381.07
75539,34381.07
75540,34776.07
75541,34271.06900000001
75542,35636.069
75543,36391.071
75544,37556.066999999995
75545,37576.068
75546,37241.068
75547,36811.063
75548,39311.062000000005
75549,39708.06200000001
75550,40333.059
75551,41118.059
75552,40198.05900000001
75553,39968.062000000005
75554,40350.065
75555,40400.064000000006
75556,39685.061
75557,39680.062
75558,39140.064000000006
75559,39365.064
75560,38600.067
75561,38375.068
75562,38375.068
75563,37245.07
75564,35830.07
75565,35265.066000000006
75566,36610.065
75567,37025.065
75568,37960.05900000001
75569,37940.058000000005
75570,37740.05900000001
75571,36550.06300000001
75572,37860.066
75573,38670.065
75574,40195.066999999995
75575,41335.07000000001
75576,41245.073000000004
75577,39935.073000000004
75578,39715.075
75579,40590.073000000004
75580,40840.072
75581,41975.074
75582,41030.073000000004
75583,40445.073000000004
75584,40805.074
75585,40305.077
75586,38620.073
75587,39270.07
75588,38905.07
75589,38085.074
75590,37670.074
75591,37290.072
75592,37545.07
75593,37155.07
75594,35820.068999999996
75595,35490.067
75596,36885.067
75597,37480.064999999995
75598,37190.064
75599,36690.064999999995
75600,36755.064
75601,36695.066999999995
75602,36830.069
75603,37585.07
75604,38400.067
75605,38635.068999999996
75606,39850.066
75607,39270.06500000001
75608,39850.06599999999
75609,39850.06599999999
75610,39795.07199999999
75611,40495.067999999985
75612,39495.067999999985
75613,44405.069
75614,44245.069
75615,44050.06900000001
75616,43205.069
75617,43405.07200000001
75618,43585.07
75619,43650.06800000001
75620,42840.06900000001
75621,43115.065
75622,44185.062
75623,43590.061
75624,41935.065
75625,41960.06700000001
75626,42535.065
75627,42475.068
75628,42265.071
75629,42485.075000000004
75630,42150.078
75631,41650.07600000001
75632,41670.077000000005
75633,42845.07600000001
75634,44075.074
75635,43840.077000000005
75636,44025.079000000005
75637,42895.076
75638,43215.075
75639,37490.077
75640,38200.076
75641,38530.074
75642,38180.071
75643,36685.07
75644,36070.071
75645,36030.074
75646,35555.07600000001
75647,37130.072
75648,37750.07
75649,37360.07
75650,37095.068999999996
75651,37415.065
75652,37715.06300000001
75653,37160.062000000005
75654,36480.066000000006
75655,36000.069
75656,36160.071
75657,36780.06900000001
75658,36035.07000000001
75659,36350.071
75660,36560.06800000001
75661,36920.06900000001
75662,37030.071
75663,38000.07200000001
75664,38615.071
75665,38515.066
75666,38315.067
75667,37055.07
75668,36810.075000000004
75669,36760.071
75670,37370.071
75671,38655.07199999999
75672,38245.071
75673,37270.071
75674,36675.074
75675,37390.06800000001
75676,36665.067
75677,37410.07
75678,37190.071
75679,37275.074
75680,36440.071
75681,35660.071
75682,36580.07200000001
75683,36445.07200000001
75684,36470.07200000001
75685,36755.07
75686,36685.075000000004
75687,36715.074
75688,37255.073000000004
75689,37080.073000000004
75690,36905.074
75691,36938.072
75692,36518.073
75693,36903.074
75694,37158.071
75695,36199.073000000004
75696,36244.081000000006
75697,34034.08500000001
75698,34039.08500000001
75699,34504.08900000001
75700,34894.090000000004
75701,36086.09100000001
75702,35431.09500000001
75703,34706.094000000005
75704,33811.097
75705,34251.09700000001
75706,33866.09600000001
75707,34636.09900000001
75708,34205.103
75709,33623.102000000006
75710,34633.10100000001
75711,33473.100000000006
75712,33598.10500000001
75713,33213.10400000001
75714,33348.10600000001
75715,32892.10700000001
75716,33487.10600000001
75717,33732.105
75718,35400.098
75719,36596.097
75720,36266.094999999994
75721,36204.098
75722,36514.094999999994
75723,37199.1
75724,37239.098
75725,36739.098
75726,36249.103
75727,36319.099
75728,36294.099
75729,36634.094999999994
75730,36639.095
75731,38358.094
75732,37998.09299999999
75733,37028.093
75734,37338.091
75735,37746.092
75736,37591.09
75737,38676.09299999999
75738,37721.096000000005
75739,36751.095
75740,37346.094000000005
75741,36344.096000000005
75742,36212.09300000001
75743,35387.098000000005
75744,35842.095
75745,35471.093
75746,36072.092
75747,35506.090000000004
75748,36309.091
75749,37549.088
75750,36940.091
75751,36125.094000000005
75752,36587.101
75753,37548.10400000001
75754,36368.107
75755,35388.11000000001
75756,34967.114
75757,34789.114
75758,34999.118
75759,35408.117
75760,35417.119
75761,36594.122
75762,36139.126000000004
75763,35414.12900000001
75764,35622.132
75765,36316.14
75766,35106.147
75767,36176.145000000004
75768,36181.147
75769,35446.143
75770,36322.14
75771,35888.139
75772,35670.142
75773,35540.139
75774,35570.140999999996
75775,35024.146
75776,41553.144
75777,42078.143000000004
75778,42873.136000000006
75779,43788.14000000001
75780,44517.145000000004
75781,44127.14600000001
75782,44557.149000000005
75783,46188.149000000005
75784,45828.15
75785,45043.151000000005
75786,45223.151
75787,44446.15700000001
75788,43907.158
75789,44991.15600000001
75790,44592.15900000001
75791,45194.163
75792,44684.16400000001
75793,43701.168000000005
75794,43726.172
75795,44640.176
75796,43447.18200000001
75797,44490.18200000001
75798,44189.17800000001
75799,43869.18000000001
75800,44526.18000000001
75801,43476.187000000005
75802,43570.185000000005
75803,42855.191
75804,43406.193
75805,42901.194
75806,43901.195
75807,44534.201
75808,45859.20699999999
75809,46645.206
75810,45892.208999999995
75811,40467.208999999995
75812,41573.207
75813,43003.21099999999
75814,42656.206
75815,42179.20699999999
75816,42254.211
75817,41141.21200000001
75818,40648.215000000004
75819,41243.211
75820,41601.208000000006
75821,42411.21
75822,41836.209999999985
75823,41268.212999999996
75824,41087.21499999999
75825,42396.21799999999
75826,41066.22199999999
75827,41415.22399999998
75828,40986.229
75829,40076.23399999999
75830,40383.236
75831,39733.231999999996
75832,39178.236
75833,38852.237
75834,39584.24
75835,39503.244
75836,39900.24499999999
75837,40392.251999999986
75838,41928.251
75839,42943.255
75840,42432.257
75841,42226.26299999999
75842,42245.268
75843,42920.266
75844,42631.274999999994
75845,42262.274000000005
75846,42097.280999999995
75847,42014.280999999995
75848,41705.289
75849,41752.286
75850,41474.28699999999
75851,42629.286
75852,42526.282
75853,42033.279
75854,41780.282
75855,43179.280999999995
75856,43310.275
75857,43397.284999999996
75858,41359.286
75859,42137.293
75860,42501.298
75861,42100.295999999995
75862,42282.29200000001
75863,41176.297000000006
75864,41215.30600000001
75865,40888.308999999994
75866,41869.31199999999
75867,42657.31199999999
75868,43468.309
75869,44349.313
75870,44124.318
75871,42019.323000000004
75872,42525.32800000001
75873,43317.327000000005
75874,43303.322
75875,43129.32000000001
75876,48608.327
75877,48359.328
75878,48490.336
75879,48498.33400000002
75880,49627.337000000014
75881,50142.34700000001
75882,49036.35200000001
75883,43945.36000000001
75884,44101.36500000002
75885,45429.36100000002
75886,45254.36200000001
75887,45699.364000000016
75888,45075.368
75889,43286.37300000001
75890,43179.375000000015
75891,42357.37700000001
75892,42724.37300000001
75893,41599.375000000015
75894,41937.379000000015
75895,41850.37400000001
75896,42618.37500000002
75897,43259.37900000002
75898,43503.38600000002
75899,44658.38600000001
75900,43526.38500000002
75901,43208.388000000006
75902,41777.39800000001
75903,41880.403000000006
75904,41003.40700000001
75905,39912.41200000001
75906,40224.413000000015
75907,39729.413000000015
75908,40180.41000000001
75909,40735.418000000005
75910,42403.42200000001
75911,42760.426000000014
75912,42073.42500000002
75913,42796.42600000002
75914,43184.430000000015
75915,44151.43200000002
75916,44198.44000000002
75917,44637.44800000001
75918,43099.44800000001
75919,41338.45100000001
75920,41575.45600000001
75921,40791.460000000014
75922,40015.466000000015
75923,39418.466000000015
75924,39462.46700000001
75925,39939.46500000002
75926,40003.46800000002
75927,39957.46700000002
75928,41137.464000000014
75929,42315.47200000001
75930,40180.47700000001
75931,41091.47700000002
75932,41567.48600000002
75933,41719.48900000002
75934,41538.48800000002
75935,41407.49100000002
75936,41166.50300000001
75937,41701.505000000005
75938,41399.508
75939,42080.507
75940,43510.498
75941,44181.504
75942,43016.50300000001
75943,43658.504
75944,43398.505000000005
75945,43962.513
75946,43604.505999999994
75947,44505.507
75948,43818.513
75949,42153.51600000001
75950,42822.51800000001
75951,41669.517000000014
75952,42128.52000000001
75953,42146.52200000001
75954,42265.53000000002
75955,41851.53500000002
75956,42663.54000000001
75957,42806.54100000001
75958,43382.54400000001
75959,45022.546
75960,43397.55600000001
75961,43414.56200000001
75962,44812.55900000001
75963,43831.561000000016
75964,44027.56400000001
75965,43280.56700000002
75966,44185.559000000016
75967,45050.56600000001
75968,45171.56900000002
75969,45100.56900000002
75970,44873.57200000002
75971,45496.57900000001
75972,44287.57900000002
75973,45100.57800000002
75974,44611.57200000002
75975,45756.57900000002
75976,44782.58000000002
75977,44253.58800000002
75978,44389.58800000002
75979,42476.58900000002
75980,43356.58900000002
75981,42552.60300000002
75982,42139.612000000016
75983,42150.623000000014
75984,42565.62400000002
75985,42808.62800000001
75986,43133.62600000001
75987,42589.63600000001
75988,42057.63400000001
75989,44493.63900000001
75990,43871.64100000002
75991,43765.64500000001
75992,44723.64100000001
75993,43698.64300000002
75994,44101.64300000002
75995,43270.657000000014
75996,43075.655000000006
75997,42797.667
75998,43212.66000000002
75999,44097.67000000001
76000,43252.67300000001
76001,43975.67100000001
76002,43368.664000000004
76003,45003.654
76004,44563.66000000001
76005,45642.66400000001
76006,45410.66400000001
76007,44725.668000000005
76008,44626.67400000001
76009,42361.67600000001
76010,42318.68400000001
76011,42878.67400000001
76012,42373.68000000001
76013,42708.683000000005
76014,42437.679000000004
76015,42368.685000000005
76016,42416.68500000001
76017,42958.68300000001
76018,43262.67800000001
76019,44890.69000000001
76020,45094.68900000001
76021,45044.68800000001
76022,46087.68400000001
76023,45395.67800000001
76024,44627.676000000014
76025,43301.676
76026,44337.674000000006
76027,44236.66
76028,44035.66
76029,43806.68100000001
76030,43303.66800000001
76031,42592.666000000005
76032,41719.661
76033,42759.654
76034,42953.66
76035,43881.65900000001
76036,44433.66300000001
76037,44393.672000000006
76038,44846.674000000006
76039,44053.67100000001
76040,44633.67100000001
76041,44669.661000000015
76042,45750.66100000001
76043,43247.66600000001
76044,43238.667
76045,42419.669
76046,42833.665
76047,42220.672
76048,42766.67400000001
76049,43295.674000000006
76050,41729.68100000001
76051,41560.67200000001
76052,42074.66800000002
76053,42510.66600000003
76054,42278.65800000002
76055,41455.66400000002
76056,41695.649000000034
76057,40900.65100000002
76058,41028.65500000002
76059,40436.65700000002
76060,39722.65700000002
76061,39798.66000000002
76062,38680.65600000002
76063,39965.64900000002
76064,40279.65100000002
76065,41082.65400000002
76066,41565.65000000001
76067,43652.63800000002
76068,43074.642000000014
76069,42400.64900000001
76070,43786.646
76071,43451.64300000001
76072,43917.638000000006
76073,41845.655000000006
76074,42014.65100000001
76075,41132.65500000001
76076,41117.661000000015
76077,40567.66000000002
76078,41570.657000000014
76079,42509.65600000002
76080,41105.65400000001
76081,41236.65600000002
76082,42212.65
76083,41840.644000000015
76084,41497.646
76085,41535.633000000016
76086,41484.63800000001
76087,40296.63500000001
76088,40094.640000000014
76089,40710.63400000001
76090,39514.63900000001
76091,39460.64700000001
76092,37904.637
76093,38500.63300000001
76094,38848.62500000001
76095,39655.61700000001
76096,38768.61500000001
76097,39985.61000000002
76098,39089.61500000001
76099,37384.63100000001
76100,39090.62
76101,38917.616
76102,39188.60500000001
76103,37868.61600000001
76104,38157.615000000005
76105,37697.61000000001
76106,38140.60100000001
76107,38107.60800000001
76108,38004.604
76109,38558.59900000001
76110,38233.592
76111,37430.598000000005
76112,38669.59300000001
76113,38569.58900000001
76114,37614.595000000016
76115,36943.58800000002
76116,37250.57300000002
76117,36290.56000000002
76118,35160.56700000001
76119,35410.557000000015
76120,34304.56600000001
76121,33903.564000000006
76122,32565.556000000022
76123,32650.56400000002
76124,32605.56100000002
76125,32773.57000000001
76126,31993.569000000018
76127,32458.579000000016
76128,32403.562000000016
76129,31309.558000000015
76130,32393.555000000015
76131,31435.551000000018
76132,31909.551000000014
76133,31548.544000000016
76134,32117.544000000016
76135,31467.545000000016
76136,31992.549000000017
76137,32490.547000000017
76138,34082.53600000001
76139,34961.542
76140,34184.549000000006
76141,35421.55100000001
76142,36234.545000000006
76143,34867.544
76144,34716.541
76145,34876.528
76146,34399.53
76147,33495.529
76148,33427.524000000005
76149,33609.522000000004
76150,33076.523
76151,32290.519000000015
76152,30617.516000000018
76153,30680.52300000002
76154,29841.52500000002
76155,30452.52300000002
76156,30258.514000000017
76157,31208.50200000002
76158,31135.49000000002
76159,30275.484000000022
76160,30606.48900000002
76161,29381.48600000002
76162,28787.496000000017
76163,28676.48800000002
76164,29599.485000000022
76165,28930.48700000002
76166,29937.48200000002
76167,30456.481000000018
76168,31100.48100000002
76169,31998.47100000002
76170,31431.47700000002
76171,33082.47600000001
76172,34473.478
76173,34029.48500000001
76174,33694.48000000002
76175,33237.475000000006
76176,32460.48800000002
76177,31586.48900000002
76178,31445.49100000002
76179,32007.483000000022
76180,31506.48500000002
76181,30771.49000000002
76182,28933.496000000017
76183,29221.491000000016
76184,28132.505000000016
76185,28483.50400000001
76186,28030.508000000013
76187,28129.50100000001
76188,28103.49700000001
76189,27989.494000000013
76190,27684.50000000001
76191,27299.49700000001
76192,27160.49500000001
76193,26904.49500000001
76194,27971.49000000001
76195,26884.493000000013
76196,27613.48500000001
76197,28523.47800000001
76198,28678.47400000001
76199,28292.472000000012
76200,28986.472000000012
76201,28869.472000000012
76202,30222.471000000012
76203,30042.46100000001
76204,29737.453000000012
76205,29361.44800000001
76206,28598.44200000001
76207,28272.444000000014
76208,28458.451000000012
76209,28920.44800000001
76210,28358.44000000001
76211,28093.444000000014
76212,27049.441000000013
76213,27056.44700000001
76214,26521.44000000001
76215,27439.44100000001
76216,27661.43900000001
76217,26852.43400000001
76218,26658.43000000001
76219,26700.43200000001
76220,26498.42600000001
76221,26783.43000000001
76222,25748.43200000001
76223,26091.428000000007
76224,26840.41900000001
76225,26035.41600000001
76226,26832.41600000001
76227,26296.41600000001
76228,26234.41800000001
76229,24277.425000000007
76230,25188.41800000001
76231,24818.418000000005
76232,25188.421000000006
76233,24633.420000000006
76234,25062.413000000004
76235,24805.411000000004
76236,23742.415000000005
76237,24570.40800000001
76238,24657.395000000008
76239,25114.39800000001
76240,24053.403000000006
76241,24355.40400000001
76242,23808.409000000003
76243,24037.404000000006
76244,23423.412000000004
76245,24391.412000000004
76246,25397.418
76247,25474.408000000007
76248,25393.407000000003
76249,25461.409000000007
76250,25535.423000000003
76251,24495.422000000006
76252,24229.416000000005
76253,24214.424000000006
76254,24257.422000000006
76255,23191.426000000007
76256,22196.44000000001
76257,22383.445000000007
76258,22812.438000000006
76259,22280.417000000005
76260,22454.413000000008
76261,22352.411000000004
76262,23273.412000000004
76263,22977.417000000005
76264,22883.419000000005
76265,23043.412000000004
76266,21821.414000000004
76267,20547.417000000005
76268,19521.411000000004
76269,19652.412000000004
76270,18368.417000000005
76271,18586.421000000002
76272,17705.417
76273,17738.41
76274,16953.405000000006
76275,16064.406000000004
76276,17631.405000000002
76277,18478.409
76278,18218.408
76279,18712.404
76280,19313.400000000005
76281,18710.396
76282,19426.394
76283,19600.39
76284,20603.381999999998
76285,21069.381999999998
76286,20839.378999999997
76287,21208.381999999998
76288,22683.379999999997
76289,22056.371999999996
76290,22537.358999999997
76291,22287.368
76292,22142.369999999995
76293,22458.365999999998
76294,20553.371999999996
76295,19743.371
76296,17910.371
76297,16748.378
76298,15616.378000000002
76299,15005.381000000005
76300,12934.387000000004
76301,13690.386000000006
76302,12530.392000000003
76303,12378.403000000006
76304,13220.406000000006
76305,13048.414000000008
76306,13683.416000000007
76307,13435.42300000001
76308,12640.428000000013
76309,12014.442000000012
76310,13049.454000000016
76311,11478.469000000017
76312,10631.485000000019
76313,8764.504000000019
76314,7963.517000000014
76315,6758.533000000015
76316,5921.551000000011
76317,5241.573000000011
76318,4837.592000000022
76319,1649.6309999999971
76320,2630.456000000007
76321,4088.4440000000127
76322,5427.433000000015
76323,7307.42700000002
76324,8197.42800000002
76325,8985.418000000023
76326,9947.41400000002
76327,10257.41100000002
76328,11380.402000000016
76329,11885.398000000017
76330,13367.401000000018
76331,12557.398000000016
76332,11862.394000000013
76333,10911.390000000014
76334,10626.389000000012
76335,11748.384000000011
76336,12493.373000000007
76337,13356.365000000007
76338,13236.358000000006
76339,12858.358000000006
76340,10408.355000000005
76341,12383.352000000004
76342,13471.345000000005
76343,14102.338000000003
76344,14591.330000000004
76345,15296.331000000002
76346,15543.328000000001
76347,15963.322
76348,16423.321
76349,17966.319999999996
76350,18861.32
76351,17659.327
76352,18589.326999999997
76353,19249.327999999998
76354,19330.327
76355,18335.328
76356,18230.332000000002
76357,18347.327
76358,19017.328
76359,18632.322
76360,19039.318
76361,18189.321
76362,16866.319
76363,17310.319
76364,17158.308
76365,17948.303
76366,17123.309
76367,18233.302
76368,18573.303
76369,17998.301
76370,17053.303
76371,16935.305000000004
76372,17245.303000000004
76373,17095.292
76374,17812.289
76375,17417.288
76376,17215.287000000004
76377,15802.288000000004
76378,15734.287000000004
76379,15790.278000000004
76380,15860.279000000004
76381,15275.271000000004
76382,14988.270000000004
76383,14580.267000000003
76384,14860.263000000004
76385,14283.258000000003
76386,16213.255000000005
76387,15763.253000000006
76388,15323.247000000005
76389,15523.247000000005
76390,15853.242000000006
76391,16128.235000000006
76392,16068.233000000006
76393,15053.240000000007
76394,14073.239000000007
76395,15610.233000000006
76396,14458.218000000004
76397,15568.220000000007
76398,15153.215000000007
76399,15158.213000000005
76400,15583.203000000007
76401,15378.203000000007
76402,15573.207000000008
76403,16573.207000000006
76404,17188.206000000006
76405,16826.203000000005
76406,17201.204000000005
76407,16226.204000000007
76408,16646.200000000004
76409,16663.199000000008
76410,15481.199000000004
76411,15256.203000000005
76412,15261.204000000005
76413,15086.202000000005
76414,16646.202000000005
76415,16046.205000000004
76416,17216.207000000002
76417,16646.207000000002
76418,16841.207000000002
76419,16836.208000000006
76420,17801.208000000002
76421,17411.209000000006
76422,17181.214000000004
76423,17176.217000000004
76424,15431.216000000006
76425,16228.212000000005
76426,15638.213000000005
76427,21703.214000000007
76428,21726.211000000003
76429,21606.204000000005
76430,21396.208000000006
76431,21666.202000000005
76432,22081.201000000005
76433,22646.205000000005
76434,22481.203
76435,22656.205000000005
76436,22686.202000000005
76437,21939.198000000004
76438,21367.196000000004
76439,22127.200000000004
76440,21152.200000000004
76441,20382.200000000004
76442,20554.201
76443,20356.200000000004
76444,22716.199
76445,21486.205
76446,22866.204
76447,23441.204
76448,24031.203
76449,24234.203
76450,25799.202
76451,25624.2
76452,25447.197
76453,26237.195
76454,24649.197
76455,25009.2
76456,24424.2
76457,24776.203
76458,24964.205
76459,19066.204
76460,18281.206000000002
76461,18086.204
76462,18271.204
76463,19104.199
76464,18514.201
76465,19134.195000000003
76466,18889.198
76467,17699.202
76468,17114.200000000004
76469,17952.195000000003
76470,17572.196000000004
76471,17187.196000000004
76472,16962.198000000004
76473,15572.203000000005
76474,16384.199000000004
76475,15994.199000000004
76476,17579.196000000004
76477,17756.198000000004
76478,18156.198000000004
76479,18931.199000000004
76480,19380.191000000003
76481,20160.191000000003
76482,20340.194000000003
76483,20930.194000000003
76484,20180.192000000003
76485,19995.191000000003
76486,19385.194000000003
76487,19967.195000000003
76488,20176.194000000003
76489,19624.189000000002
76490,20432.187
76491,19262.187
76492,19667.186
76493,19657.186
76494,19077.186
76495,19619.190000000002
76496,19229.190000000002
76497,18872.188000000002
76498,18347.183
76499,18312.187
76500,18307.189000000002
76501,17319.191000000003
76502,16944.187
76503,16734.187
76504,17714.187
76505,17134.186000000005
76506,18279.189000000002
76507,18674.189000000002
76508,19257.190000000002
76509,19647.190000000002
76510,18832.196000000004
76511,20429.191000000003
76512,20799.192000000003
76513,21576.193000000003
76514,20990.193000000003
76515,20848.188000000002
76516,20874.186
76517,21244.188000000002
76518,21444.188000000002
76519,21017.188000000002
76520,21972.190000000002
76521,21167.193000000003
76522,21557.190000000002
76523,21577.188000000002
76524,20987.190000000002
76525,21382.189000000002
76526,20767.191000000003
76527,19547.195000000003
76528,19352.193000000003
76529,19547.192000000003
76530,19344.192000000003
76531,18708.196000000004
76532,17923.191000000003
76533,16533.193000000003
76534,17161.187
76535,17371.184000000005
76536,17913.188000000002
76537,18331.181
76538,18681.183
76539,19256.183
76540,19286.179
76541,19251.182000000004
76542,20049.180000000004
76543,20409.180000000004
76544,21199.177000000003
76545,20986.178000000004
76546,21389.176000000003
76547,21759.178000000004
76548,22354.175000000003
76549,21364.177000000003
76550,22496.181000000004
76551,21691.183000000005
76552,20926.182000000004
76553,21143.179000000004
76554,20553.180000000004
76555,21525.179000000004
76556,21537.178000000004
76557,21200.172000000006
76558,20618.176000000007
76559,21061.172000000006
76560,21626.176
76561,21226.181
76562,20418.185
76563,19073.181
76564,19468.181
76565,19663.181
76566,19279.183
76567,19489.181
76568,20265.18
76569,20295.177000000003
76570,19480.182
76571,20455.181
76572,21829.181
76573,23585.178
76574,23221.178000000004
76575,22523.18
76576,22525.183
76577,23110.181
76578,23924.179000000004
76579,23787.182000000004
76580,24372.179000000004
76581,24195.182000000004
76582,23078.184
76583,22699.187
76584,22704.187
76585,23056.192000000003
76586,22864.196000000004
76587,22721.193000000003
76588,22731.194000000003
76589,22974.194000000003
76590,23431.191000000003
76591,23051.191000000003
76592,22436.194000000003
76593,21144.194000000003
76594,21527.196000000004
76595,21768.192000000003
76596,21784.192000000003
76597,21770.196000000004
76598,22168.198000000004
76599,22150.199000000004
76600,21960.199000000004
76601,22598.201000000005
76602,23816.197000000004
76603,25555.197000000004
76604,25333.200000000004
76605,24157.205000000005
76606,24561.206000000006
76607,25579.204000000005
76608,25620.198000000004
76609,25636.199000000004
76610,26069.197000000004
76611,26062.199000000004
76612,25647.206000000002
76613,25104.203
76614,24987.205
76615,25694.212000000003
76616,24714.213000000003
76617,24357.214000000004
76618,24185.217000000004
76619,24737.219
76620,25317.218
76621,25072.22
76622,24288.221
76623,23135.219
76624,23122.223
76625,23910.222
76626,23781.216
76627,24739.226000000002
76628,24195.226000000002
76629,24802.22
76630,23581.223
76631,25004.221000000005
76632,25183.221000000005
76633,26966.221000000005
76634,26386.225000000006
76635,26167.228000000006
76636,26744.231000000003
76637,26809.228000000003
76638,27830.222000000005
76639,28082.220000000005
76640,27922.218000000004
76641,28560.216000000004
76642,27854.214000000004
76643,27578.209000000003
76644,27336.215000000004
76645,27481.217000000004
76646,26322.219000000005
76647,26333.217000000004
76648,25965.213000000003
76649,26184.213000000003
76650,26176.215000000004
76651,26517.209000000003
76652,25576.203
76653,24005.204
76654,23002.204
76655,23595.205
76656,22769.206000000002
76657,23327.207000000002
76658,22404.206000000002
76659,23168.205
76660,22985.209000000003
76661,24486.203
76662,25123.195000000003
76663,26289.2
76664,26496.2
76665,26717.199
76666,27317.199
76667,27751.2
76668,29423.195
76669,30223.193
76670,29407.199
76671,31518.201
76672,31699.201999999997
76673,32072.203999999998
76674,31275.208
76675,31333.204
76676,31086.204999999998
76677,30701.203
76678,30709.206
76679,29997.202999999998
76680,29769.207
76681,30146.209
76682,29039.202
76683,27639.203999999998
76684,27841.203
76685,28070.201
76686,26505.201000000005
76687,27185.196000000004
76688,25616.194000000003
76689,25998.200000000004
76690,25618.204000000005
76691,24802.21
76692,25568.214
76693,26767.210000000003
76694,27820.209000000003
76695,27538.219000000005
76696,28131.221000000005
76697,28974.218000000004
76698,30700.222
76699,30296.227000000003
76700,30229.223
76701,31723.216
76702,31875.224000000002
76703,32358.224000000002
76704,32246.218
76705,32026.225000000002
76706,31467.227000000003
76707,31389.231000000003
76708,31568.236000000004
76709,30715.247000000003
76710,30818.248000000003
76711,31032.245000000003
76712,30060.245000000003
76713,29305.245000000003
76714,30213.246000000003
76715,30842.247000000003
76716,29804.245000000003
76717,30344.247000000003
76718,28451.247000000003
76719,27889.247000000003
76720,28142.247000000007
76721,27971.249000000003
76722,27582.254000000004
76723,28294.262000000006
76724,29306.262000000006
76725,29644.261000000006
76726,30287.268000000004
76727,30303.271000000004
76728,31550.262000000006
76729,31571.269000000004
76730,31229.283000000007
76731,32333.277000000006
76732,33102.278000000006
76733,33902.274000000005
76734,33926.275
76735,33911.276
76736,32693.279000000006
76737,33354.272000000004
76738,33543.276
76739,32953.272000000004
76740,33015.258
76741,33263.262
76742,32567.258000000005
76743,31996.257000000005
76744,32147.262000000006
76745,31167.262000000006
76746,30015.252000000004
76747,30799.252000000004
76748,28669.255000000005
76749,28354.262000000006
76750,27950.257000000005
76751,27416.258000000005
76752,27352.257000000005
76753,28577.257000000005
76754,28843.258000000005
76755,28795.249000000007
76756,29782.246000000006
76757,30263.253000000004
76758,31377.250000000007
76759,31716.244000000006
76760,31704.239000000005
76761,32128.229000000007
76762,32447.234000000008
76763,33077.227000000006
76764,33314.224
76765,34013.231999999996
76766,32179.23900000001
76767,31993.230000000007
76768,32519.232000000004
76769,32321.227000000006
76770,32301.225000000006
76771,32901.212
76772,31927.204000000005
76773,31188.206000000002
76774,31388.203
76775,33534.193
76776,32991.182
76777,33964.184
76778,38069.18000000001
76779,37234.176
76780,36290.173
76781,37338.165
76782,38137.158
76783,38843.155
76784,32838.161
76785,32832.155
76786,34008.151
76787,33717.145000000004
76788,34493.14
76789,34426.139
76790,35299.13599999999
76791,34660.134
76792,35223.135
76793,35555.134
76794,36109.137
76795,36040.142
76796,36072.142
76797,35548.133
76798,36335.133
76799,36737.13
76800,37117.126
76801,37499.126
76802,35971.12499999999
76803,35467.12099999999
76804,36017.12099999999
76805,34901.119999999995
76806,35061.119999999995
76807,36459.115999999995
76808,35338.111999999994
76809,35446.10899999999
76810,35034.111999999994
76811,34352.10999999999
76812,34924.10999999999
76813,35313.10999999999
76814,34719.10799999999
76815,35083.10999999999
76816,35852.109
76817,36052.10799999999
76818,36700.1
76819,36468.098
76820,36508.096
76821,36468.098
76822,36888.1
76823,36633.101
76824,37000.098
76825,37155.1
76826,36159.098
76827,35356.097
76828,36129.096
76829,36717.094
76830,36332.09
76831,36494.09099999999
76832,34532.09199999999
76833,34646.094999999994
76834,35006.094
76835,33550.096
76836,33570.096
76837,34544.098
76838,33584.094999999994
76839,33575.092
76840,33110.097
76841,32941.092000000004
76842,33550.089
76843,34000.087
76844,33177.088
76845,34167.083999999995
76846,34792.083999999995
76847,34388.085
76848,34218.083999999995
76849,34068.078
76850,34585.081
76851,35110.076
76852,36415.075000000004
76853,36225.072
76854,36800.075000000004
76855,37213.074
76856,37282.068
76857,37277.066
76858,38912.06
76859,39692.06
76860,39165.058000000005
76861,38565.06
76862,37385.062000000005
76863,37550.063
76864,37745.063
76865,36745.063
76866,34870.061
76867,34830.064
76868,33265.066000000006
76869,32900.066000000006
76870,32480.067000000006
76871,32665.065000000006
76872,32395.065000000006
76873,33045.062000000005
76874,32690.060000000005
76875,33855.061
76876,35065.058000000005
76877,35470.06
76878,34715.06
76879,33895.063
76880,34530.063
76881,34730.062000000005
76882,35665.066
76883,35710.062
76884,36665.061
76885,36905.059
76886,36425.062
76887,34425.068
76888,36190.066
76889,36420.065
76890,38540.066000000006
76891,38170.068
76892,42925.066
76893,43200.066
76894,43840.065
76895,43090.065
76896,42700.065
76897,42855.068
76898,41810.064
76899,42015.062
76900,41600.062
76901,41220.065
76902,39785.07
76903,39960.075
76904,39040.07400000001
76905,39635.07200000001
76906,41275.068
76907,42125.066
76908,41995.062999999995
76909,39235.066000000006
76910,45745.063
76911,40245.065
76912,41605.066
76913,40830.066000000006
76914,41255.065
76915,41450.065
76916,41530.065
76917,41970.06
76918,43195.059
76919,42715.063
76920,42665.062999999995
76921,39995.064
76922,38640.06800000001
76923,39605.065
76924,43160.063
76925,42625.064999999995
76926,41125.065
76927,40320.065
76928,39355.064000000006
76929,38990.064000000006
76930,38620.06100000001
76931,33080.06500000001
76932,32470.06500000001
76933,33355.060000000005
76934,32155.063000000006
76935,32355.06200000001
76936,33325.063
76937,33325.066000000006
76938,33710.068
76939,34655.068
76940,35390.072
76941,35410.068
76942,37075.071
76943,36155.07000000001
76944,36290.072
76945,37185.07000000001
76946,37080.068
76947,37850.07000000001
76948,38265.071
76949,38295.07100000001
76950,37815.07400000001
76951,37585.079000000005
76952,36825.081000000006
76953,37340.076
76954,36205.077000000005
76955,35205.077000000005
76956,34860.07800000001
76957,34585.07100000001
76958,33345.07500000001
76959,32625.07300000001
76960,32630.07200000001
76961,32495.07000000001
76962,31040.074000000008
76963,31470.07100000001
76964,30210.074000000008
76965,30750.07800000001
76966,32060.07000000001
76967,32055.07200000001
76968,32135.075000000008
76969,35150.069
76970,35575.066999999995
76971,35810.064000000006
76972,37435.061
76973,37430.062000000005
76974,39155.060000000005
76975,39655.062000000005
76976,39090.06300000001
76977,39650.06300000001
76978,39640.065
76979,39305.065
76980,41255.064000000006
76981,41245.066000000006
76982,40670.065
76983,41110.067
76984,42270.07
76985,41085.065
76986,40540.062
76987,40370.062000000005
76988,39955.062000000005
76989,39390.064000000006
76990,39400.06300000001
76991,38705.061
76992,38320.061
76993,37750.06300000001
76994,36550.066000000006
76995,37575.06700000001
76996,38840.06300000001
76997,37455.064000000006
76998,37425.065
76999,37680.064000000006
77000,38460.065
77001,38450.067
77002,39615.06800000001
77003,39585.068999999996
77004,40040.066
77005,40335.06100000001
77006,40295.064000000006
77007,40610.060000000005
77008,40650.058
77009,40455.058000000005
77010,42260.057
77011,42200.060000000005
77012,41345.056000000004
77013,41740.055
77014,42850.057
77015,42005.060000000005
77016,39985.064000000006
77017,39270.06100000001
77018,39755.057
77019,39305.059
77020,38380.059
77021,37660.058
77022,37080.057
77023,37500.056000000004
77024,36200.053
77025,36975.054000000004
77026,35830.057
77027,37005.057
77028,37008.05900000001
77029,36983.05900000001
77030,38243.056000000004
77031,37773.06300000001
77032,44618.062000000005
77033,44168.064
77034,45183.061
77035,45108.057
77036,45498.058000000005
77037,46133.058000000005
77038,45458.062000000005
77039,48348.061
77040,48293.062000000005
77041,46353.06300000001
77042,45938.06400000001
77043,46273.066000000006
77044,47403.07000000001
77045,46098.068000000014
77046,45053.072000000015
77047,43093.07400000001
77048,43290.07400000001
77049,42370.07400000001
77050,41810.07400000001
77051,40125.07500000001
77052,39375.07500000001
77053,39630.07400000001
77054,38150.07700000001
77055,40130.072
77056,41130.072
77057,41360.07000000001
77058,41730.069
77059,41675.07000000001
77060,42285.07000000001
77061,42090.070999999996
77062,43450.072
77063,43350.07000000001
77064,43510.073000000004
77065,42805.072000000015
77066,36985.075000000004
77067,38315.07700000001
77068,38295.077000000005
77069,39430.074
77070,39300.07200000001
77071,37730.069
77072,37740.067
77073,38650.065
77074,40015.065
77075,39235.065
77076,38685.063
77077,37445.067
77078,37110.066000000006
77079,36105.06800000001
77080,36515.064000000006
77081,36120.065
77082,35300.06800000001
77083,35370.066
77084,34175.066
77085,35120.067
77086,36495.065
77087,36950.060000000005
77088,37510.05900000001
77089,36955.058000000005
77090,38680.055
77091,40995.056000000004
77092,41840.053
77093,41285.051
77094,40860.053
77095,40320.053
77096,40490.053
77097,42305.05
77098,42245.051999999996
77099,42250.055
77100,41040.05799999999
77101,40950.053
77102,40825.049
77103,40655.049
77104,42085.04499999999
77105,43410.04699999999
77106,40450.047
77107,40145.047
77108,39000.046
77109,38530.047999999995
77110,38950.04699999999
77111,38725.047999999995
77112,38550.05099999999
77113,38889.054
77114,37779.05499999999
77115,38989.053
77116,40729.05099999999
77117,40324.054
77118,42024.05799999999
77119,40849.058999999994
77120,41424.06199999999
77121,41744.064999999995
77122,41309.06999999999
77123,40579.07
77124,40864.068999999996
77125,40779.07099999999
77126,40994.07199999999
77127,42369.07199999999
77128,42164.07299999999
77129,42499.077999999994
77130,41294.081
77131,40734.081
77132,40509.081999999995
77133,40894.08299999999
77134,41279.08499999999
77135,40674.085
77136,39059.087
77137,37929.087
77138,35958.088
77139,36342.086
77140,36548.087
77141,35983.08900000001
77142,35648.093
77143,35903.092000000004
77144,35073.093
77145,36627.091
77146,37952.094000000005
77147,37539.094000000005
77148,38699.096000000005
77149,38269.099
77150,38919.096000000005
77151,40104.094
77152,40055.09099999999
77153,39549.087999999996
77154,39809.085
77155,39809.08499999999
77156,40059.083999999995
77157,40665.08299999999
77158,40881.081999999995
77159,40811.079
77160,40261.077
77161,40321.076
77162,39931.076
77163,40486.077000000005
77164,41011.079000000005
77165,37150.081
77166,35825.079
77167,35172.08299999999
77168,33712.087
77169,33727.089
77170,34477.09099999999
77171,33297.09300000001
77172,33748.09
77173,34512.09
77174,33535.09
77175,34759.087
77176,36589.083
77177,36259.082
77178,36649.081999999995
77179,37084.077999999994
77180,36804.07699999999
77181,37127.08199999999
77182,36853.08699999999
77183,36331.083999999995
77184,37141.08399999999
77185,37629.07799999999
77186,38039.08099999999
77187,38839.08199999999
77188,39084.082999999984
77189,38824.08599999999
77190,39184.083999999995
77191,38424.08699999999
77192,37460.09
77193,37994.094999999994
77194,38378.095
77195,38273.093
77196,36279.097
77197,35595.103
77198,34990.103
77199,33975.109000000004
77200,34985.10900000001
77201,33811.10800000001
77202,33307.11600000001
77203,34302.11600000001
77204,33782.115000000005
77205,34742.119000000006
77206,35937.12200000001
77207,35357.12400000001
77208,35535.12700000001
77209,38305.124
77210,37044.130000000005
77211,37774.131
77212,38399.12900000001
77213,38070.131
77214,38660.13300000001
77215,37527.13300000001
77216,38447.135
77217,39957.135
77218,39155.140999999996
77219,40458.146
77220,39432.151000000005
77221,40217.153
77222,40222.155000000006
77223,39404.16000000001
77224,40296.158
77225,40866.153000000006
77226,38952.156
77227,38757.159
77228,39695.15700000001
77229,38920.15900000001
77230,38566.161
77231,37836.15900000001
77232,37456.16
77233,38270.16500000001
77234,37254.16500000001
77235,37700.16500000001
77236,38782.17300000001
77237,37812.179000000004
77238,38698.175
77239,38123.177
77240,38836.176
77241,39047.179000000004
77242,39752.182
77243,39357.189
77244,39708.193
77245,39221.191999999995
77246,40128.193
77247,41131.191999999995
77248,42283.188
77249,43869.191
77250,43026.185
77251,42854.191999999995
77252,42439.199
77253,42393.204999999994
77254,43213.208999999995
77255,43764.202999999994
77256,42507.21
77257,41197.21799999999
77258,40147.219
77259,39783.216
77260,41043.212999999996
77261,41071.212999999996
77262,40936.21599999999
77263,41698.21899999999
77264,40556.223999999995
77265,41101.229999999996
77266,41091.227999999996
77267,40960.229999999996
77268,41690.231999999996
77269,39113.231
77270,39060.235
77271,39282.23299999999
77272,39786.231
77273,39596.23199999999
77274,40296.231999999996
77275,39343.233
77276,40249.234000000004
77277,41765.234000000004
77278,41670.237
77279,43096.23900000001
77280,41967.239
77281,42143.244
77282,42122.244999999995
77283,42280.244
77284,43005.242
77285,43420.246999999996
77286,42265.25
77287,41396.25
77288,39910.25199999999
77289,39601.255000000005
77290,40209.263000000006
77291,40069.268000000004
77292,40057.267
77293,40868.26500000001
77294,40522.263
77295,41088.269
77296,41590.273
77297,40628.282
77298,42903.28200000001
77299,41687.282999999996
77300,42761.284
77301,42120.287
77302,42283.285
77303,42090.282999999996
77304,42475.287000000004
77305,40824.29
77306,41481.29200000001
77307,42486.29600000001
77308,42683.299000000006
77309,44536.301
77310,43422.30400000001
77311,44287.309
77312,44038.306000000004
77313,44487.305
77314,44096.31100000001
77315,44624.31500000001
77316,43110.324
77317,42490.32200000001
77318,41104.317
77319,41016.324
77320,41465.32800000001
77321,40519.33500000001
77322,41295.337
77323,41935.333000000006
77324,42425.334
77325,43126.341
77326,43463.346000000005
77327,42933.350000000006
77328,43858.35100000001
77329,48058.35300000001
77330,48861.34600000001
77331,48290.352000000006
77332,48727.356
77333,47365.352
77334,48840.34700000001
77335,47533.34800000001
77336,48188.35200000001
77337,48416.357
77338,49219.361000000004
77339,50817.356
77340,49363.363
77341,50254.365000000005
77342,50141.368
77343,51007.380000000005
77344,50936.382
77345,51669.38100000001
77346,50545.388000000006
77347,44214.396
77348,43351.405
77349,43146.40800000001
77350,44374.41300000001
77351,45644.415
77352,46076.416
77353,46838.418
77354,45548.420000000006
77355,45803.431000000004
77356,46952.42800000001
77357,46659.432
77358,47239.431000000004
77359,46184.431
77360,46153.44
77361,45376.444
77362,45134.452
77363,43518.456999999995
77364,44051.465
77365,43877.46
77366,44489.454
77367,45272.467
77368,45406.465000000004
77369,47012.462999999996
77370,45115.471
77371,45370.465
77372,44692.457
77373,45950.458000000006
77374,45872.46200000001
77375,46514.45900000001
77376,46175.45700000001
77377,45585.458000000006
77378,44450.471000000005
77379,43875.48100000001
77380,46356.477000000006
77381,47119.482
77382,47892.48900000001
77383,48259.494000000006
77384,47321.49600000001
77385,47272.494000000006
77386,48427.492000000006
77387,47664.50300000001
77388,48869.506
77389,46827.51700000001
77390,47616.519
77391,44076.524000000005
77392,44324.52400000001
77393,43054.524000000005
77394,43683.536
77395,43292.54000000001
77396,43174.55300000001
77397,44405.55500000001
77398,44046.562000000005
77399,45040.564000000006
77400,42526.570000000014
77401,43633.56600000001
77402,42345.57200000001
77403,42515.57500000001
77404,42824.56400000001
77405,43297.567
77406,42352.564000000006
77407,41317.56600000001
77408,40175.57300000002
77409,40078.582
77410,41169.585000000014
77411,41854.58200000002
77412,42522.58300000002
77413,43571.59100000001
77414,43401.59000000002
77415,43319.595000000016
77416,44335.597000000016
77417,43426.59400000001
77418,44257.604000000014
77419,44078.606000000014
77420,44804.60500000002
77421,44423.60100000002
77422,43907.616000000016
77423,43024.614000000016
77424,43015.62000000002
77425,42629.62200000002
77426,43200.623000000014
77427,44182.62600000001
77428,43702.62600000002
77429,44201.639
77430,42982.64000000001
77431,43049.653999999995
77432,42644.65999999999
77433,43056.65
77434,43088.649999999994
77435,44086.643000000004
77436,42802.652
77437,42943.644
77438,42135.647000000004
77439,41952.644
77440,42849.651
77441,42253.647
77442,41814.654
77443,42609.655999999995
77444,41884.655
77445,41361.658
77446,42813.64800000001
77447,41944.64000000001
77448,43711.63100000001
77449,42384.641
77450,42183.63400000001
77451,41712.63700000002
77452,41316.638000000006
77453,41566.630999999994
77454,41276.628
77455,41256.624
77456,41350.615999999995
77457,42315.608
77458,41678.61500000001
77459,42439.61500000001
77460,41661.61100000001
77461,41963.619000000006
77462,41282.642000000014
77463,41311.63800000001
77464,41317.63500000003
77465,42586.64200000002
77466,41980.650000000016
77467,42612.64900000001
77468,41762.64900000003
77469,42746.63900000002
77470,43330.649000000034
77471,42044.655000000035
77472,42992.64900000002
77473,43259.65100000003
77474,42492.66200000002
77475,41819.66200000002
77476,42492.661000000015
77477,41180.661000000015
77478,41573.66100000001
77479,40901.66500000001
77480,41001.655000000006
77481,40990.65400000001
77482,40559.653000000006
77483,40980.656
77484,42437.65400000001
77485,41345.65
77486,41684.651000000005
77487,42143.638000000006
77488,41391.64100000001
77489,41527.63700000001
77490,41026.633000000016
77491,41897.635000000024
77492,40893.633000000016
77493,40269.63000000001
77494,39564.63600000002
77495,40131.628000000026
77496,39760.63000000003
77497,41094.63100000003
77498,41568.62600000002
77499,41838.62200000002
77500,43927.61700000003
77501,43235.61000000002
77502,43833.61900000003
77503,44289.61700000001
77504,43450.62800000002
77505,43370.626000000026
77506,43723.620000000024
77507,42745.63000000002
77508,43008.629000000015
77509,42654.63800000001
77510,41392.644000000015
77511,40819.63600000001
77512,40228.64300000002
77513,40004.650000000016
77514,41529.644000000015
77515,40796.64300000002
77516,41708.638000000006
77517,42432.63300000001
77518,41795.63300000001
77519,42125.63600000001
77520,41090.627
77521,42016.63100000001
77522,42114.629
77523,40968.63400000001
77524,40370.630000000005
77525,40373.634000000005
77526,40289.617
77527,41367.621
77528,41984.615999999995
77529,41301.624
77530,42939.619
77531,42395.626000000004
77532,42644.622
77533,42943.617000000006
77534,42466.61000000001
77535,41877.615000000005
77536,41447.622
77537,39670.62
77538,39402.62500000001
77539,39262.61200000001
77540,37894.61400000001
77541,36989.611000000004
77542,36591.617
77543,36033.62
77544,37351.62
77545,37209.62700000001
77546,36897.632000000005
77547,36283.626000000004
77548,35152.623
77549,34935.628000000004
77550,34971.627
77551,35448.61800000001
77552,35310.61600000001
77553,35223.615
77554,33875.61200000001
77555,33499.61100000002
77556,33578.60200000001
77557,34982.60100000001
77558,36098.59400000001
77559,36844.59000000001
77560,37019.581000000006
77561,37560.578
77562,38312.579000000005
77563,39234.579999999994
77564,38994.579
77565,38619.581
77566,37853.585999999996
77567,37005.578
77568,36623.57800000001
77569,36320.58100000001
77570,35788.581000000006
77571,34327.58500000001
77572,33108.58500000002
77573,32268.58200000002
77574,32370.583000000017
77575,32744.580000000024
77576,33012.568000000014
77577,31853.569000000018
77578,31354.56800000002
77579,30898.56400000002
77580,30047.56700000002
77581,31038.555000000026
77582,31517.555000000026
77583,30847.55000000002
77584,30001.543000000023
77585,30325.547000000024
77586,29979.544000000024
77587,30699.549000000025
77588,30955.556000000022
77589,31115.557000000023
77590,31653.55000000002
77591,32434.551000000018
77592,32544.54800000002
77593,33204.53600000002
77594,33659.53700000002
77595,33076.534000000014
77596,33650.52200000002
77597,33953.523000000016
77598,33864.51800000002
77599,34267.521000000015
77600,33866.518000000025
77601,32045.51800000002
77602,31033.51500000002
77603,30396.52500000002
77604,30796.51800000002
77605,30831.51300000002
77606,31298.510000000024
77607,29838.50400000002
77608,29418.503000000022
77609,28368.510000000024
77610,27592.517000000025
77611,29334.50900000002
77612,29660.510000000017
77613,29552.510000000017
77614,28569.507000000016
77615,30107.50900000002
77616,29286.509000000016
77617,30192.514000000017
77618,30449.51800000002
77619,29717.52200000002
77620,29576.52400000002
77621,29688.52300000002
77622,28713.52200000002
77623,29097.519000000022
77624,29105.52600000002
77625,29242.503000000022
77626,29557.49600000002
77627,29501.49700000002
77628,29158.492000000017
77629,29727.49100000002
77630,30613.480000000018
77631,29356.479000000018
77632,29134.479000000018
77633,28182.484000000015
77634,28505.48300000001
77635,27679.486000000015
77636,28757.489000000016
77637,27907.495000000017
77638,27478.491000000013
77639,26803.489000000016
77640,25364.490000000013
77641,26215.487000000016
77642,26396.490000000013
77643,26524.480000000014
77644,25932.470000000012
77645,26924.469000000016
77646,26878.459000000013
77647,27818.469000000012
77648,28494.472000000012
77649,28678.470000000012
77650,28993.472000000012
77651,28820.47400000001
77652,28835.47100000001
77653,29104.47800000001
77654,29091.478000000006
77655,27663.481000000007
77656,27578.47300000001
77657,26846.478000000006
77658,26792.47000000001
77659,26989.468000000008
77660,27445.47300000001
77661,26709.466000000008
77662,26517.46100000001
77663,25356.45700000001
77664,26372.449000000008
77665,26179.44600000001
77666,25982.44300000001
77667,25990.43700000001
77668,24742.44900000001
77669,24570.44100000001
77670,23753.43900000001
77671,23622.450000000008
77672,23231.446000000007
77673,23265.442000000006
77674,22223.44700000001
77675,22772.44500000001
77676,23391.442000000006
77677,23004.43400000001
77678,24891.42100000001
77679,24860.42900000001
77680,24349.42600000001
77681,24882.43400000001
77682,24140.433000000008
77683,24147.441000000006
77684,23685.435000000005
77685,22228.434000000005
77686,21255.437000000005
77687,22698.435000000005
77688,22650.433000000005
77689,22626.436000000005
77690,22936.441000000003
77691,22635.437
77692,23329.435
77693,22625.427000000003
77694,23382.422000000002
77695,23552.420000000002
77696,24624.419
77697,23845.424000000003
77698,22316.424000000003
77699,21968.422000000002
77700,22050.425
77701,20939.429999999997
77702,19959.423
77703,20196.424
77704,18832.416
77705,19299.411999999997
77706,18703.418999999998
77707,18507.415
77708,18326.429
77709,19520.433
77710,19858.421
77711,21260.422000000002
77712,21293.421000000002
77713,21401.419
77714,21333.420000000002
77715,20660.415
77716,20201.418
77717,20734.416
77718,20317.414
77719,18606.420000000002
77720,18664.415000000005
77721,17544.419
77722,18321.415
77723,17702.408000000003
77724,18247.403000000002
77725,18926.398
77726,20203.386
77727,20670.385
77728,21041.379999999997
77729,21217.369
77730,22344.353999999996
77731,21929.355999999996
77732,21109.354
77733,20850.352
77734,19565.352
77735,19622.349
77736,17623.352
77737,16624.358
77738,16904.357
77739,16166.363000000003
77740,15277.376000000004
77741,15787.377000000004
77742,15665.384000000004
77743,16428.386000000006
77744,16024.400000000007
77745,15343.400000000007
77746,16844.40100000001
77747,16574.409000000007
77748,15620.417000000009
77749,15529.422000000011
77750,14782.42700000001
77751,13387.43600000001
77752,12370.460000000015
77753,11445.469000000016
77754,10780.487000000017
77755,9203.505000000021
77756,7419.520000000015
77757,6105.537000000015
77758,4401.561000000004
77759,1906.606999999996
77760,2055.4239999999963
77761,3423.4140000000075
77762,5338.402000000014
77763,6593.399000000014
77764,7886.3880000000145
77765,9041.381000000018
77766,9863.380000000017
77767,11290.37700000002
77768,13395.370000000019
77769,14212.367000000017
77770,16537.370000000014
77771,16011.365000000013
77772,14936.362000000012
77773,14602.36000000001
77774,14117.352000000008
77775,14014.350000000006
77776,13484.352000000008
77777,12785.348000000005
77778,12065.345000000003
77779,11750.351000000002
77780,10062.349
77781,11380.341
77782,13331.336000000001
77783,13821.33
77784,14208.328
77785,15708.320999999998
77786,16663.316000000003
77787,17483.311
77788,17193.303999999996
77789,18268.297999999995
77790,18053.301999999996
77791,18929.295999999995
77792,18186.300999999996
77793,17801.304999999997
77794,18711.307999999997
77795,17456.318999999996
77796,18421.32
77797,18139.331
77798,19286.334
77799,19227.327
77800,18947.324
77801,18809.328
77802,17934.322
77803,19034.324
77804,18632.32
77805,17802.317
77806,15849.318000000001
77807,15257.311
77808,15687.302
77809,15317.295000000002
77810,16272.293000000001
77811,15377.301
77812,16937.300000000003
77813,16172.292000000001
77814,16224.280000000002
77815,16397.273
77816,16812.264
77817,16897.266
77818,15957.26
77819,16892.256
77820,16777.256
77821,16362.247
77822,14542.251
77823,14507.252000000002
77824,14867.251000000002
77825,15962.248000000003
77826,16862.244000000006
77827,17243.241
77828,17585.242000000002
77829,17608.235000000004
77830,17793.234000000004
77831,17648.227000000003
77832,17613.228000000003
77833,18388.228000000003
77834,17998.219000000005
77835,17210.215000000004
77836,16428.206000000002
77837,15988.210000000003
77838,16588.202000000005
77839,15963.195000000003
77840,16758.194000000003
77841,16638.182000000004
77842,17608.183000000005
77843,17026.185000000005
77844,17046.185000000005
77845,16593.193000000003
77846,17028.192000000003
77847,17033.190000000002
77848,16248.191000000004
77849,17423.191000000003
77850,16628.191000000003
77851,16241.191000000004
77852,14856.197000000004
77853,15038.199000000004
77854,16049.198000000004
77855,17634.198000000004
77856,18024.200000000004
77857,18614.199
77858,18789.200999999997
77859,17992.206000000002
77860,18197.206000000002
77861,18217.204999999998
77862,18197.208000000002
77863,18787.209000000003
77864,17427.208000000006
77865,16097.210000000005
77866,15672.213000000005
77867,15452.215000000004
77868,15837.215000000006
77869,16837.210000000006
77870,16827.212000000007
77871,17422.208000000002
77872,18987.207000000002
77873,17384.210000000003
77874,18004.208000000002
77875,17632.208000000006
77876,18827.205
77877,19422.204
77878,18267.201
77879,19062.198
77880,19062.196
77881,17872.199000000004
77882,16507.199000000004
77883,16902.199000000004
77884,16137.198000000004
77885,17099.199000000004
77886,17104.199000000004
77887,15919.202000000005
77888,16519.200000000004
77889,16296.202000000005
77890,16706.198000000004
77891,17309.196000000004
77892,17244.204000000005
77893,17839.202
77894,17462.201000000005
77895,16717.195000000003
77896,15547.197000000002
77897,16532.195
77898,17542.190000000002
77899,17147.195
77900,17367.193
77901,17932.194000000003
77902,19882.194000000003
77903,19469.196000000004
77904,19864.195000000003
77905,19312.194000000003
77906,19902.193000000003
77907,20292.191000000003
77908,19337.189000000002
77909,19922.190000000002
77910,18952.189000000002
77911,16952.192000000003
77912,15607.189000000002
77913,16012.189000000002
77914,16207.190000000002
77915,18147.191000000003
77916,18529.195000000003
77917,17362.194000000003
77918,17962.193000000003
77919,17592.191000000003
77920,17534.197000000004
77921,17724.199000000004
77922,18094.198
77923,18289.198
77924,18284.198
77925,17324.197000000004
77926,16944.195000000003
77927,18742.189000000002
77928,18962.188
77929,18917.194
77930,19517.193
77931,20102.194
77932,20702.194
77933,20332.193000000003
77934,20517.195
77935,19957.193
77936,19782.191000000003
77937,19772.193000000003
77938,19164.196000000004
77939,19744.197000000004
77940,19139.197000000004
77941,17959.198000000004
77942,17369.197000000004
77943,19152.193
77944,18787.190000000002
77945,20332.191
77946,20507.194
77947,19342.193
77948,19509.196
77949,18357.193000000003
77950,18917.195
77951,20257.198000000004
77952,19872.197000000004
77953,20049.198000000004
77954,19494.192000000003
77955,18939.187
77956,19357.183
77957,20142.181
77958,19919.184
77959,20694.183
77960,20654.186
77961,20799.190000000002
77962,20979.192000000003
77963,20409.188000000002
77964,20999.186
77965,20617.185
77966,20014.187
77967,20419.184
77968,19827.184
77969,20397.186
77970,19787.184
77971,18627.184
77972,18224.185
77973,19422.183
77974,19797.186
77975,20967.184
77976,22129.183
77977,21349.180000000004
77978,21746.177000000003
77979,20949.177000000003
77980,21504.178000000004
77981,22102.176000000003
77982,21702.176000000003
77983,21284.175000000003
77984,20534.175000000003
77985,19564.176000000003
77986,20171.174000000003
77987,20536.176000000003
77988,20724.177000000003
77989,21296.177000000003
77990,21124.174000000003
77991,21367.172000000002
77992,21727.175000000003
77993,20932.175000000003
77994,21289.180000000004
77995,21104.178
77996,20114.180000000004
77997,20876.178000000004
77998,20106.176
77999,20671.175000000003
78000,20151.174000000006
78001,18968.174000000006
78002,18823.170000000006
78003,19608.172000000006
78004,18828.175000000003
78005,20808.174000000003
78006,20971.183
78007,20205.181
78008,20377.181
78009,19797.183
78010,20199.18
78011,20970.184
78012,20385.187
78013,20390.188000000002
78014,20195.189000000002
78015,19438.190000000002
78016,20231.192000000003
78017,21185.192000000003
78018,21555.198000000004
78019,21758.2
78020,22343.202
78021,22734.203
78022,23289.213000000003
78023,22539.208000000002
78024,23329.208000000002
78025,22366.212000000003
78026,21968.210000000003
78027,22634.201000000005
78028,21678.202000000005
78029,22470.198000000004
78030,22534.195000000003
78031,21692.198000000004
78032,21494.198000000004
78033,22694.198000000004
78034,22100.201000000005
78035,23482.199000000004
78036,23499.195000000003
78037,21924.196000000004
78038,22689.196000000004
78039,22702.195000000003
78040,21957.198000000004
78041,22679.201000000005
78042,22926.207000000002
78043,23343.210000000003
78044,22195.206000000002
78045,21904.197000000004
78046,22675.200000000004
78047,24045.200000000004
78048,24260.200000000004
78049,25210.199000000004
78050,25814.197000000004
78051,25245.197000000004
78052,26420.202000000005
78053,26251.202000000005
78054,26102.201000000005
78055,25514.201000000005
78056,25923.196000000004
78057,25717.199000000004
78058,24590.196000000004
78059,26150.199000000004
78060,26787.192000000003
78061,24620.194000000003
78062,23917.190000000002
78063,25288.193000000003
78064,25082.188000000002
78065,26241.187
78066,26447.189000000002
78067,25068.192
78068,25520.191
78069,25542.188
78070,24610.188
78071,25198.185999999998
78072,25784.189
78073,25513.188
78074,23885.195
78075,23940.194
78076,24896.198
78077,25497.202
78078,26133.199
78079,27512.2
78080,27535.2
78081,27209.201
78082,28021.201
78083,27975.208
78084,28354.207000000002
78085,28190.209
78086,28700.206
78087,29350.202
78088,27509.208
78089,29080.201999999997
78090,28124.206
78091,25986.204999999998
78092,25050.206
78093,26042.206
78094,25681.205
78095,27632.208
78096,27273.207
78097,26467.209
78098,26486.21
78099,25016.221
78100,23850.226
78101,24664.222
78102,25103.221
78103,25171.214
78104,23961.214
78105,24388.215
78106,25058.217
78107,25834.215
78108,27058.212
78109,27708.212000000003
78110,27897.216000000004
78111,28641.219999999998
78112,29242.219
78113,29469.215
78114,29943.212
78115,28796.211
78116,29447.207
78117,30224.211
78118,27949.207
78119,28800.205
78120,29031.202
78121,27263.199
78122,26483.197
78123,27855.2
78124,28083.195000000003
78125,29527.192000000003
78126,28620.186
78127,27491.182
78128,27282.181
78129,26289.184
78130,25507.194000000003
78131,25705.201000000005
78132,26293.205
78133,26268.205
78134,25298.211
78135,25182.212000000003
78136,26081.219000000005
78137,26459.224000000006
78138,27104.223000000005
78139,28255.228000000003
78140,28212.238000000005
78141,29378.239000000005
78142,29796.239000000005
78143,30207.241
78144,30165.244000000002
78145,28965.241
78146,29795.245000000003
78147,30198.247000000003
78148,28466.244000000002
78149,28999.248
78150,29304.242000000002
78151,27805.242000000002
78152,27497.237000000005
78153,29332.229000000003
78154,29374.224000000002
78155,30256.228000000003
78156,28910.239
78157,28305.246
78158,27787.244
78159,27014.245
78160,26742.242000000002
78161,27690.246000000003
78162,27339.247000000003
78163,26860.241
78164,26298.245000000003
78165,26978.242000000006
78166,27860.249000000003
78167,27167.247000000003
78168,28468.253000000004
78169,29714.251000000004
78170,30175.262000000002
78171,30035.272000000004
78172,30608.267000000003
78173,31520.272000000004
78174,31442.275
78175,30184.268000000004
78176,31388.265000000003
78177,32789.266
78178,31556.267000000003
78179,31403.263000000003
78180,30242.264000000003
78181,28728.257000000005
78182,28555.257
78183,30378.252000000004
78184,30348.252000000004
78185,31256.254000000004
78186,30690.246000000003
78187,30139.237
78188,29307.238
78189,28490.236
78190,28492.236000000004
78191,30710.234000000004
78192,29747.235000000004
78193,27841.237000000005
78194,27061.232000000004
78195,28090.219000000005
78196,27971.215000000004
78197,27302.216000000004
78198,28319.215000000004
78199,28798.217000000004
78200,30193.212000000003
78201,29964.208000000002
78202,30512.203000000005
78203,31883.196000000004
78204,31661.192000000003
78205,30080.188000000002
78206,30798.193000000003
78207,31578.187
78208,30787.189000000002
78209,30910.183
78210,30551.180000000004
78211,28515.179000000004
78212,28885.179000000004
78213,30760.182000000004
78214,31722.182
78215,32296.182
78216,32509.170000000002
78217,32342.170000000002
78218,31613.157000000003
78219,30585.160000000003
78220,29588.158000000003
78221,32068.15
78222,31430.148
78223,29861.145000000004
78224,30429.134000000002
78225,30832.131
78226,30363.122000000003
78227,29640.112
78228,30985.111
78229,31554.104
78230,33750.092
78231,32526.095
78232,33085.096000000005
78233,33648.097
78234,33043.096000000005
78235,31668.096999999998
78236,32439.097999999998
78237,33210.099
78238,32355.102
78239,32181.098
78240,32123.101
78241,30546.103
78242,30123.102000000003
78243,31335.096
78244,31581.091
78245,32154.089000000004
78246,31685.093
78247,31482.093
78248,30643.097
78249,30460.095
78250,28853.098
78251,30955.095999999998
78252,30556.093
78253,29370.091999999997
78254,30145.092
78255,30284.094
78256,29668.097
78257,28713.097
78258,30040.099000000002
78259,30601.098
78260,32577.096
78261,31996.097000000005
78262,33100.09700000001
78263,33671.094999999994
78264,32373.093000000004
78265,31361.093
78266,33142.087
78267,33934.083999999995
78268,32406.083
78269,32174.084
78270,32032.082000000002
78271,29647.086000000003
78272,29218.084000000003
78273,30298.087
78274,30504.086
78275,31700.083
78276,31167.077999999998
78277,30775.078
78278,30831.074
78279,30621.077
78280,29486.075
78281,31071.074
78282,31208.075
78283,29664.073000000004
78284,30469.072
78285,29926.075
78286,29717.074000000004
78287,29294.074000000004
78288,30670.071000000004
78289,30663.071
78290,32047.067000000003
78291,31468.066000000003
78292,32218.064000000002
78293,33026.063
78294,31663.063
78295,30913.062
78296,32283.061
78297,33093.056000000004
78298,31923.055000000004
78299,31415.061
78300,31135.062
78301,29965.062
78302,29040.058
78303,29875.057
78304,30490.057
78305,31855.057
78306,31320.058000000005
78307,30770.058000000005
78308,30780.056000000004
78309,30025.057
78310,28885.056000000004
78311,30250.056000000004
78312,29850.059
78313,28485.059
78314,29460.062
78315,29280.064000000006
78316,28700.063000000002
78317,28765.060000000005
78318,29965.059000000005
78319,31215.053000000004
78320,32155.055000000004
78321,32220.053000000004
78322,32605.054000000004
78323,33790.05100000001
78324,32425.051000000003
78325,31655.051000000003
78326,32830.05
78327,33475.048
78328,32195.046000000002
78329,32585.048000000003
78330,32190.049000000003
78331,30990.050000000003
78332,30875.044
78333,31020.050000000003
78334,31430.052000000003
78335,32795.054000000004
78336,32845.056000000004
78337,32265.055000000004
78338,32070.055000000004
78339,30700.056000000004
78340,29565.054000000004
78341,30545.053000000004
78342,30340.055000000004
78343,28640.054000000004
78344,29395.055000000004
78345,29230.054000000004
78346,28675.054000000004
78347,29070.053000000004
78348,30660.054000000004
78349,31020.056000000004
78350,31500.053000000004
78351,31640.054000000004
78352,31245.055000000004
78353,32420.054000000004
78354,31755.052000000007
78355,30775.053000000004
78356,32145.053000000004
78357,32725.054000000004
78358,32150.053000000004
78359,32570.054000000004
78360,32565.055000000004
78361,31790.054000000004
78362,31540.055000000004
78363,32340.056000000004
78364,32175.055000000004
78365,33410.05200000001
78366,33015.053
78367,32625.053000000004
78368,32435.052000000003
78369,31460.053000000004
78370,30675.055000000004
78371,31630.054000000004
78372,31960.057000000004
78373,30180.058000000005
78374,31160.057000000004
78375,31900.060000000005
78376,30920.061000000005
78377,30980.059000000005
78378,31400.059000000005
78379,31050.061000000005
78380,31250.061000000005
78381,30600.064000000006
78382,30455.064000000006
78383,31880.063000000006
78384,30785.06300000001
78385,28800.065000000006
78386,30005.06300000001
78387,30035.062000000005
78388,29835.064000000006
78389,31010.06300000001
78390,31040.06200000001
78391,30395.06500000001
78392,30605.062000000005
78393,31615.060000000005
78394,31220.06100000001
78395,32755.06100000001
78396,32185.05900000001
78397,32160.06000000001
78398,32390.058000000008
78399,31450.057000000004
78400,31095.055000000004
78401,32295.054000000007
78402,33105.054000000004
78403,30560.056000000008
78404,31335.057000000004
78405,31660.060000000005
78406,32060.059000000005
78407,31870.059000000005
78408,32455.059000000005
78409,32235.059000000005
78410,33075.057
78411,32915.05500000001
78412,32135.055000000004
78413,32715.056000000008
78414,32120.058000000008
78415,30965.055000000004
78416,32205.051000000003
78417,31815.051000000003
78418,31860.047000000006
78419,32825.049000000006
78420,32605.049000000003
78421,31990.051000000003
78422,32215.050000000003
78423,33325.052
78424,32285.056000000004
78425,33840.057
78426,32460.060000000005
78427,32525.057000000004
78428,31930.05900000001
78429,31115.062000000005
78430,30095.066000000006
78431,31245.066000000006
78432,31665.066000000006
78433,30525.066000000006
78434,31595.065000000006
78435,31270.064000000006
78436,30870.068000000007
78437,30380.073000000008
78438,31050.071000000007
78439,30015.073000000008
78440,30815.074000000008
78441,31395.070000000007
78442,31595.070000000007
78443,31455.070000000007
78444,31385.075000000008
78445,30150.07800000001
78446,31515.07800000001
78447,31750.07600000001
78448,31755.07600000001
78449,32975.07600000001
78450,33005.07600000001
78451,32120.074000000008
78452,32520.072000000007
78453,33610.06900000001
78454,33295.06400000001
78455,34880.064000000006
78456,33925.064000000006
78457,33550.066000000006
78458,32875.06900000001
78459,31900.06900000001
78460,31545.067000000006
78461,31485.070000000007
78462,31710.07000000001
78463,30005.07000000001
78464,30615.070000000007
78465,30495.075000000008
78466,30325.07700000001
78467,30495.07900000001
78468,31210.07900000001
78469,30465.07800000001
78470,31200.075000000008
78471,31835.07600000001
78472,30690.08000000001
78473,30745.08000000001
78474,30425.076000000012
78475,28580.08100000001
78476,29915.08300000001
78477,30150.08200000001
78478,30380.08100000001
78479,32605.075000000008
78480,32675.07100000001
78481,32295.06900000001
78482,31935.069000000007
78483,33525.073000000004
78484,33425.069
78485,35160.069
78486,33950.07200000001
78487,33780.07400000001
78488,33640.073000000004
78489,33440.07500000001
78490,32740.075000000008
78491,33320.07800000001
78492,34535.074
78493,32915.07600000001
78494,33865.07600000001
78495,33695.077000000005
78496,33655.071
78497,34105.07000000001
78498,33395.07200000001
78499,32790.07100000001
78500,33475.067
78501,32510.06900000001
78502,32805.064000000006
78503,33780.060000000005
78504,33205.058000000005
78505,30790.063000000006
78506,31970.061000000005
78507,31355.06200000001
78508,31515.065000000006
78509,32920.066000000006
78510,32780.06500000001
78511,32360.06600000001
78512,31985.06800000001
78513,33345.06900000001
78514,34320.06500000001
78515,35700.067
78516,35470.06900000001
78517,35000.065
78518,34160.067
78519,33235.066000000006
78520,32875.06400000001
78521,33665.062000000005
78522,33530.06000000001
78523,32130.06200000001
78524,33325.062000000005
78525,33435.05500000001
78526,33140.05100000001
78527,34280.051999999996
78528,34340.05
78529,33240.055
78530,33165.06000000001
78531,33220.059
78532,33155.062000000005
78533,33805.059
78534,32705.06100000001
78535,31160.058000000008
78536,31750.057000000008
78537,32165.057000000008
78538,32635.06000000001
78539,33570.06300000001
78540,33765.06300000001
78541,33020.06100000001
78542,32495.06200000001
78543,33460.064000000006
78544,33425.066000000006
78545,35620.066
78546,35740.066
78547,34375.065
78548,34805.058000000005
78549,34195.05700000001
78550,34155.056000000004
78551,35355.055
78552,35945.055
78553,34810.054000000004
78554,35340.056000000004
78555,34320.060000000005
78556,32990.06300000001
78557,33890.06500000001
78558,33760.06500000001
78559,33635.06100000001
78560,33620.064000000006
78561,33245.06700000001
78562,33480.06500000001
78563,33280.06600000001
78564,32885.069
78565,30770.067000000006
78566,31585.066000000006
78567,32205.067000000006
78568,31764.068000000007
78569,33064.07100000001
78570,33053.073000000004
78571,31823.076000000005
78572,31731.07900000001
78573,33056.073000000004
78574,33276.07400000001
78575,35046.077000000005
78576,35206.08000000001
78577,33796.08400000001
78578,33716.08500000001
78579,33471.08500000001
78580,33081.08500000001
78581,33826.08900000001
78582,33176.092000000004
78583,32466.089000000007
78584,32661.089000000007
78585,32138.089000000007
78586,30884.095000000012
78587,31749.089000000007
78588,32819.08700000001
78589,32406.087000000007
78590,32386.09200000001
78591,32781.09100000001
78592,32976.09100000001
78593,33206.08900000001
78594,32660.08800000001
78595,31400.091000000008
78596,31905.093000000008
78597,32187.091000000008
78598,32092.087000000007
78599,32887.08900000001
78600,33117.08700000001
78601,31522.090000000007
78602,31572.090000000007
78603,32543.08900000001
78604,32755.08700000001
78605,34375.086
78606,34754.086
78607,32994.087000000014
78608,32832.087000000014
78609,32232.092000000008
78610,31584.09900000001
78611,32555.09800000001
78612,32360.09900000001
78613,31550.10000000001
78614,32695.091000000008
78615,32925.09100000001
78616,32533.092000000008
78617,33143.092000000004
78618,33947.088
78619,33383.08700000001
78620,33585.086
78621,33884.083
78622,33966.085999999996
78623,33617.086
78624,33087.08600000001
78625,31922.085000000006
78626,32301.085000000006
78627,33281.08500000001
78628,33580.081000000006
78629,34799.078
78630,34535.086
78631,33413.08500000001
78632,33604.08700000001
78633,34196.086
78634,33361.09000000001
78635,34510.092000000004
78636,34861.094
78637,33876.100000000006
78638,33137.102000000006
78639,33034.102000000006
78640,32545.107000000007
78641,33130.11000000001
78642,33571.10900000001
78643,33402.11000000001
78644,33562.11300000001
78645,33307.12000000001
78646,32919.12000000001
78647,32984.12300000001
78648,33562.126000000004
78649,32749.124000000007
78650,32849.12400000001
78651,33472.12400000001
78652,33435.12900000001
78653,33045.134000000005
78654,33443.13500000001
78655,32417.139000000006
78656,33246.14000000001
78657,34286.138000000006
78658,34071.14200000001
78659,35239.143
78660,34944.14600000001
78661,33576.15000000001
78662,33796.155000000006
78663,34242.15400000001
78664,34073.156
78665,34856.157
78666,35734.156
78667,34944.16
78668,34754.15700000001
78669,35147.157
78670,34762.15700000001
78671,35007.16500000001
78672,35203.168
78673,34991.173
78674,34154.170000000006
78675,34022.167
78676,32469.168000000005
78677,33271.164000000004
78678,34241.168
78679,33378.172000000006
78680,33796.175
78681,33912.182
78682,33638.186
78683,33067.189000000006
78684,33102.191000000006
78685,32914.19
78686,33749.192
78687,34283.198000000004
78688,34069.19700000001
78689,35032.202
78690,34556.202000000005
78691,33049.204000000005
78692,33072.20300000001
78693,33097.206
78694,33299.206000000006
78695,34099.206
78696,34789.208999999995
78697,34014.21
78698,33887.215000000004
78699,33710.22
78700,34244.218
78701,35301.21599999999
78702,34267.221000000005
78703,34297.227
78704,33787.228
78705,34070.225
78706,32138.229000000007
78707,32618.231000000007
78708,33459.23100000001
78709,33308.23500000001
78710,34178.236
78711,34748.23399999999
78712,34878.238999999994
78713,34738.23799999999
78714,35098.23499999999
78715,35016.23299999999
78716,35315.234
78717,36525.235
78718,36316.239
78719,37053.241
78720,36963.24
78721,36033.242
78722,36951.244
78723,37124.248
78724,37040.256
78725,38292.257000000005
78726,39324.261
78727,38442.261
78728,38097.257999999994
78729,37855.26
78730,36943.263
78731,37938.265
78732,37275.272
78733,37125.274
78734,36422.276
78735,36150.28
78736,34318.28999999999
78737,34519.287
78738,35459.289
78739,34832.293999999994
78740,35524.297
78741,36061.296
78742,36035.301
78743,35990.307
78744,35916.310000000005
78745,34688.312000000005
78746,35051.315
78747,37223.310000000005
78748,36428.317
78749,38013.31800000001
78750,38385.319
78751,36686.323000000004
78752,36745.32200000001
78753,37501.325000000004
78754,37471.332
78755,39039.333
78756,40305.333
78757,38651.33600000001
78758,38345.336
78759,38552.341
78760,37721.343
78761,39490.344
78762,39580.349
78763,39802.348
78764,39370.345
78765,39088.350999999995
78766,37793.358
78767,37278.361
78768,37724.364
78769,36904.366
78770,38118.365000000005
78771,38699.36800000001
78772,38196.37700000001
78773,37089.37800000001
78774,37595.37600000002
78775,36739.37900000001
78776,37832.37100000001
78777,39481.37100000001
78778,39327.371000000014
78779,40334.37300000002
78780,40390.381000000016
78781,37863.38400000001
78782,37643.38600000001
78783,38301.38400000001
78784,39088.38600000001
78785,39378.392000000014
78786,41264.39300000002
78787,39395.39700000002
78788,39649.39600000002
78789,39629.40800000002
78790,38880.40800000001
78791,40923.415000000015
78792,41374.420000000006
78793,41694.424000000006
78794,41694.42500000001
78795,41869.42300000002
78796,40379.43000000001
78797,40096.43400000001
78798,41296.43100000001
78799,40296.434000000016
78800,40432.44000000001
78801,41258.43300000002
78802,41337.43800000002
78803,40843.440000000024
78804,40244.44200000002
78805,39499.44300000002
78806,38528.44100000002
78807,40488.438000000024
78808,40508.43300000003
78809,41271.43200000003
78810,41525.42800000003
78811,40316.42800000002
78812,40512.42800000002
78813,41473.429000000026
78814,41349.42800000002
78815,41750.43200000002
78816,43149.43900000001
78817,41857.44100000001
78818,41351.44400000002
78819,41146.44600000002
78820,40919.449000000015
78821,42500.447000000015
78822,43294.45100000001
78823,43164.45400000001
78824,43685.45600000001
78825,43318.46500000002
78826,42622.46200000001
78827,42207.46900000002
78828,43082.47600000001
78829,43090.481000000014
78830,43089.49200000001
78831,42616.49200000001
78832,42287.485
78833,41854.49900000001
78834,40817.503000000004
78835,40964.495
78836,40492.504
78837,41796.50400000001
78838,42187.49800000001
78839,42453.507000000005
78840,42216.51300000001
78841,40599.521000000015
78842,40825.52400000002
78843,41163.53000000002
78844,41725.52400000002
78845,41272.54000000002
78846,41968.54100000001
78847,40983.54100000002
78848,39389.553000000014
78849,38733.55000000002
78850,38775.55400000002
78851,41376.54500000001
78852,42791.54900000002
78853,42908.548000000024
78854,43417.55400000002
78855,42964.55400000002
78856,42368.54900000001
78857,42624.55300000001
78858,43117.55400000001
78859,43197.55500000001
78860,43284.56700000001
78861,42401.57100000001
78862,42587.56600000001
78863,43018.56700000001
78864,42399.570000000014
78865,42457.570000000014
78866,42489.56600000001
78867,43169.57000000002
78868,43710.56600000001
78869,44188.57200000002
78870,44088.57200000002
78871,42383.56800000002
78872,41506.571000000025
78873,40777.57600000003
78874,41002.58100000001
78875,41732.58500000003
78876,42247.58800000002
78877,41383.59700000001
78878,40743.61400000001
78879,40153.61100000002
78880,39744.601000000024
78881,41602.60100000002
78882,42605.60000000001
78883,43087.60100000001
78884,42843.607
78885,42380.60900000002
78886,42382.60800000002
78887,43289.59700000002
78888,44045.58700000003
78889,43349.58700000003
78890,44076.59400000003
78891,44285.59400000002
78892,44611.58500000002
78893,44411.588000000025
78894,43580.584000000024
78895,42842.59400000003
78896,42915.59500000002
78897,43934.60000000002
78898,43988.59200000003
78899,44711.581000000035
78900,44800.58200000004
78901,43351.570000000036
78902,43249.58000000002
78903,42987.58100000003
78904,43540.57900000003
78905,43435.59300000003
78906,43425.60200000003
78907,42235.60000000001
78908,41906.604000000014
78909,41265.61000000001
78910,40567.600000000006
78911,41782.60100000002
78912,41704.60100000001
78913,41102.608000000015
78914,42036.613000000005
78915,42190.60400000001
78916,41419.608000000015
78917,41109.607
78918,42115.603
78919,42141.608
78920,42704.599
78921,42638.59500000001
78922,42571.60900000002
78923,42880.61100000002
78924,42485.616
78925,41467.62900000001
78926,42373.629
78927,43478.62200000001
78928,42889.61100000001
78929,42584.61600000001
78930,42074.62000000002
78931,40059.62100000001
78932,40199.62300000001
78933,40048.61700000001
78934,40177.61300000002
78935,40751.610000000015
78936,41058.60900000002
78937,41029.60900000001
78938,40036.60600000001
78939,39427.61300000002
78940,39497.60800000002
78941,40815.608000000015
78942,40753.60800000002
78943,40668.61500000002
78944,41174.61800000001
78945,41417.62300000001
78946,39847.62100000001
78947,39300.60900000002
78948,39398.61000000001
78949,40998.61100000001
78950,41994.608000000015
78951,42611.604000000014
78952,42465.60300000001
78953,42737.61300000001
78954,42784.614000000016
78955,42568.61100000001
78956,43367.61300000001
78957,44001.612000000016
78958,43932.60500000002
78959,43792.61100000001
78960,42888.62800000002
78961,42030.62000000001
78962,42841.62600000002
78963,41861.631000000016
78964,40845.628000000026
78965,41611.62000000001
78966,42502.62000000001
78967,42058.61800000001
78968,42190.61700000001
78969,41285.61300000002
78970,40694.60700000002
78971,41630.60800000001
78972,40967.614
78973,40763.609000000004
78974,41317.60800000001
78975,40519.60500000002
78976,37602.61500000001
78977,37608.61700000001
78978,37369.617000000006
78979,37503.609000000004
78980,37596.612
78981,37439.615000000005
78982,37182.615000000005
78983,36876.61700000001
78984,37073.622
78985,36380.62100000001
78986,37133.607
78987,36433.59400000001
78988,36748.589000000014
78989,36875.57900000001
78990,36437.58600000002
78991,35696.582000000024
78992,36258.57700000001
78993,35942.572000000015
78994,34496.57500000002
78995,34918.574000000015
78996,35606.57600000001
78997,35351.570000000014
78998,35170.56600000001
78999,35486.55000000002
79000,35220.550000000025
79001,35994.55100000002
79002,35062.55700000002
79003,34462.554000000026
79004,35219.55900000002
79005,34937.56100000002
79006,33593.55800000002
79007,34101.56200000002
79008,33843.55800000002
79009,33661.56000000002
79010,33837.54700000002
79011,33315.55100000003
79012,33537.551000000014
79013,34059.549
79014,33408.53900000001
79015,33249.53400000002
79016,33637.53400000001
79017,32977.53500000002
79018,32791.53300000002
79019,32315.541000000016
79020,32435.540000000015
79021,32586.542000000016
79022,31994.53600000002
79023,31181.53600000002
79024,29788.54700000002
79025,29692.554000000022
79026,30261.551000000018
79027,29551.55200000002
79028,29910.550000000017
79029,30018.545000000024
79030,29385.53600000002
79031,30210.521000000022
79032,29974.518000000022
79033,30043.519000000022
79034,31066.52500000002
79035,30738.53000000002
79036,29329.532000000025
79037,30114.542000000027
79038,30926.542000000023
79039,30940.53400000002
79040,32392.52900000002
79041,31611.52500000002
79042,32112.50800000002
79043,31395.51000000002
79044,30176.510000000024
79045,30118.498000000018
79046,30381.50500000002
79047,30252.500000000022
79048,29688.50100000002
79049,30093.498000000018
79050,29284.496000000017
79051,28925.50500000002
79052,29394.49800000002
79053,28646.49200000002
79054,27727.49200000002
79055,28357.48700000002
79056,28923.49700000002
79057,28883.500000000022
79058,28794.498000000018
79059,28740.48800000002
79060,28326.48600000002
79061,28491.48100000002
79062,27960.48700000002
79063,29122.48600000002
79064,30569.48400000002
79065,29745.484000000022
79066,29185.48600000002
79067,28769.49100000002
79068,29425.49100000002
79069,28993.48800000002
79070,29430.49400000002
79071,29332.49500000002
79072,29951.48800000002
79073,29713.494000000017
79074,28077.48800000002
79075,28285.48600000002
79076,28435.480000000018
79077,28131.479000000018
79078,27741.474000000017
79079,26589.482000000018
79080,26415.470000000016
79081,26637.463000000014
79082,26570.45400000002
79083,25117.453000000016
79084,24562.46000000001
79085,25276.457000000013
79086,25692.452000000016
79087,25486.443000000017
79088,24821.444000000018
79089,26100.445000000014
79090,25750.446000000014
79091,25366.447000000015
79092,25609.445000000014
79093,26504.445000000014
79094,27752.447000000015
79095,26249.453000000012
79096,26763.443000000014
79097,26702.436000000012
79098,26708.444000000014
79099,26890.444000000014
79100,27239.438000000013
79101,26739.443000000014
79102,26472.44600000001
79103,26872.44500000001
79104,26290.44400000001
79105,26346.44800000001
79106,25474.451000000012
79107,24815.455000000013
79108,24744.455000000013
79109,23384.454000000012
79110,23708.453000000012
79111,24331.45000000001
79112,24957.44900000001
79113,24939.44800000001
79114,23738.459000000013
79115,24041.45900000001
79116,24214.45300000001
79117,23641.451000000012
79118,22991.451000000015
79119,23660.45000000001
79120,22129.456000000013
79121,22436.453000000012
79122,22023.45900000001
79123,21350.45700000001
79124,22900.451000000012
79125,22802.44500000001
79126,23805.44000000001
79127,23275.43500000001
79128,23326.432000000008
79129,22933.438000000006
79130,22935.443000000007
79131,23757.430000000008
79132,23530.425000000007
79133,23976.431000000004
79134,23172.433000000005
79135,22416.425000000003
79136,20720.432000000004
79137,21357.424000000003
79138,22638.418
79139,22238.41
79140,21961.409
79141,20663.413999999997
79142,21739.408
79143,20916.415999999997
79144,19668.415
79145,20512.413
79146,20633.404
79147,20306.407
79148,19008.406
79149,19322.392999999996
79150,19194.394
79151,19370.404
79152,18596.405000000002
79153,19196.409
79154,20852.402
79155,21084.400999999998
79156,21990.395999999997
79157,22307.396
79158,21603.384000000002
79159,22131.383
79160,21511.39
79161,22248.386000000002
79162,21778.391
79163,21117.384000000002
79164,20257.386000000002
79165,19820.381
79166,19876.378999999997
79167,19611.377999999997
79168,21320.376999999997
79169,22555.373999999996
79170,23063.365999999998
79171,20485.371999999996
79172,20844.377999999997
79173,20074.379
79174,19264.382
79175,18535.387000000002
79176,17718.39
79177,15553.394000000002
79178,14158.394000000002
79179,12415.405
79180,10860.410000000003
79181,11621.417000000003
79182,11435.420000000004
79183,12343.415000000005
79184,13098.418000000007
79185,12227.430000000006
79186,12902.440000000006
79187,13272.443000000007
79188,12752.449000000008
79189,13829.452000000008
79190,15461.45500000001
79191,14753.461000000012
79192,13998.471000000012
79193,11669.475000000011
79194,9958.48800000001
79195,9514.49800000001
79196,7813.514000000013
79197,5689.544000000016
79198,4749.571000000021
79199,1143.6169999999963
79200,1693.4289999999964
79201,4388.418000000021
79202,5748.403000000021
79203,6786.397000000022
79204,7536.396000000021
79205,7971.396000000018
79206,9221.39200000002
79207,10639.38600000002
79208,11669.383000000018
79209,13579.376000000015
79210,16231.371000000014
79211,13848.372000000014
79212,13126.370000000014
79213,13716.36100000001
79214,13146.364000000009
79215,13656.35500000001
79216,12761.352000000006
79217,12261.349000000006
79218,11981.347000000005
79219,11061.347000000003
79220,9686.345000000001
79221,10886.353
79222,13361.345000000001
79223,13446.341
79224,15216.332
79225,16479.326
79226,17244.325
79227,17509.322
79228,18144.316999999995
79229,18594.312999999995
79230,18202.316999999995
79231,19282.322999999997
79232,17809.319999999996
79233,18939.322999999997
79234,18354.323999999997
79235,18407.321999999996
79236,19547.325999999997
79237,20787.322999999997
79238,20447.322999999997
79239,21762.324999999997
79240,21684.328999999998
79241,20960.322999999997
79242,20990.316
79243,19820.313
79244,18605.311999999998
79245,17215.319000000003
79246,15300.313000000002
79247,15130.309000000001
79248,15950.304000000002
79249,15973.297
79250,15318.294
79251,15193.291
79252,15148.293000000001
79253,15108.29
79254,15413.291000000003
79255,15068.292000000003
79256,15681.286000000004
79257,14571.285000000002
79258,13981.281000000003
79259,14611.275000000003
79260,15073.271000000004
79261,14663.269000000002
79262,13878.263000000003
79263,15018.261000000002
79264,15638.251000000004
79265,16503.249000000003
79266,16976.244000000006
79267,17118.241
79268,16873.235000000004
79269,16473.236000000004
79270,15957.244000000006
79271,16247.247000000007
79272,18117.238000000005
79273,17642.23800000001
79274,16422.234000000008
79275,15832.230000000007
79276,15850.220000000007
79277,16068.218000000006
79278,16448.217000000004
79279,16438.213000000007
79280,16048.204000000007
79281,16853.192000000003
79282,15088.196000000005
79283,14923.195000000003
79284,15963.190000000004
79285,15743.195000000005
79286,15958.193000000005
79287,16801.188000000006
79288,16206.192000000003
79289,16221.190000000002
79290,17253.187
79291,16873.185
79292,15688.189000000002
79293,15878.190000000002
79294,15916.194000000003
79295,16549.190000000002
79296,16364.191
79297,15394.194000000001
79298,15949.196000000002
79299,16488.203
79300,15516.202000000003
79301,16506.201
79302,18071.201000000005
79303,19239.201000000005
79304,18282.199000000004
79305,18092.198000000004
79306,17727.196000000004
79307,18133.193000000003
79308,17946.193000000003
79309,18321.193000000003
79310,18939.188000000002
79311,19104.192000000003
79312,18904.193000000003
79313,17934.193000000003
79314,18152.191000000003
79315,17557.193000000003
79316,18152.191000000003
79317,18737.191000000003
79318,18732.191000000003
79319,18092.196000000004
79320,18727.191000000003
79321,17382.191
79322,16577.195
79323,16549.196000000004
79324,16134.199000000002
79325,17106.197000000004
79326,15951.196000000002
79327,15769.194000000001
79328,14944.200000000003
79329,16496.198000000004
79330,16521.198000000004
79331,17291.2
79332,17699.199
79333,18477.200000000004
79334,18682.198000000004
79335,18479.198000000004
79336,19244.198000000004
79337,19059.199000000004
79338,19099.196000000004
79339,18514.196000000004
79340,19889.193000000003
79341,20284.192000000003
79342,19519.191000000003
79343,18587.187
79344,18812.183
79345,18642.181
79346,19032.181
79347,19227.182
79348,19382.184
79349,19187.182
79350,18157.190000000002
79351,17169.191000000003
79352,17589.187
79353,17759.189000000002
79354,17359.192000000003
79355,17736.194000000003
79356,16594.193000000003
79357,16214.192000000003
79358,15996.192000000003
79359,17561.192000000006
79360,17581.190000000006
79361,18731.191000000006
79362,18916.193000000007
79363,20081.194000000007
79364,19679.196000000007
79365,19287.198000000004
79366,20082.194000000003
79367,20287.192000000006
79368,20512.189000000002
79369,21496.186000000005
79370,22489.186000000005
79371,22479.188000000006
79372,21484.192000000006
79373,20481.192000000006
79374,20506.186000000005
79375,19886.190000000006
79376,19911.189000000006
79377,19666.194000000003
79378,19461.196000000004
79379,18336.190000000006
79380,17516.194000000003
79381,16561.191000000003
79382,16941.193000000003
79383,17141.190000000002
79384,16946.193000000003
79385,17161.191000000003
79386,16576.192000000003
79387,17594.187000000005
79388,17399.188000000006
79389,17954.193000000007
79390,17504.198000000004
79391,18676.196000000004
79392,18286.196000000004
79393,19676.195000000003
79394,20074.193000000003
79395,20272.194000000003
79396,20622.197000000004
79397,21237.192000000003
79398,21447.187
79399,22797.189000000002
79400,23957.190000000002
79401,24552.188000000002
79402,23772.190000000006
79403,22802.187000000005
79404,22417.186000000005
79405,22026.185000000005
79406,22011.187000000005
79407,21206.190000000006
79408,20624.191000000006
79409,19864.191000000006
79410,18849.195000000007
79411,17081.198000000004
79412,18061.196000000007
79413,18894.190000000006
79414,18719.185000000005
79415,18509.185000000005
79416,18539.181000000004
79417,17782.177000000003
79418,18372.173000000003
79419,18914.177000000003
79420,18132.177000000003
79421,19682.176000000003
79422,19474.177000000003
79423,19689.176000000003
79424,19479.177000000003
79425,19899.173000000003
79426,20077.173000000003
79427,21419.176000000003
79428,21224.175000000003
79429,22596.173000000003
79430,24078.177000000003
79431,24081.178000000004
79432,23304.178000000004
79433,22749.177000000003
79434,22354.178000000004
79435,22164.176000000007
79436,22384.175000000007
79437,22789.174000000006
79438,21999.178000000004
79439,20824.179000000004
79440,20619.180000000004
79441,19254.182000000004
79442,20004.181000000008
79443,19599.187000000005
79444,18976.192000000006
79445,19190.192000000006
79446,19190.190000000006
79447,17435.193000000003
79448,17850.188000000006
79449,19024.189000000006
79450,19216.18900000001
79451,20391.190000000006
79452,20557.196000000004
79453,21974.193000000003
79454,21984.192000000003
79455,22575.192000000003
79456,22767.192000000003
79457,24527.191000000006
79458,24767.189000000006
79459,24961.191000000006
79460,25317.197000000004
79461,25578.193000000003
79462,25353.197000000004
79463,24955.199000000004
79464,24607.198000000004
79465,24027.197000000004
79466,24013.202000000005
79467,23832.203000000005
79468,23121.200000000004
79469,22174.199000000004
79470,22043.196000000004
79471,21290.198000000004
79472,21135.193000000003
79473,21771.193000000003
79474,21831.188000000002
79475,21979.191000000003
79476,21947.195000000003
79477,20970.195000000003
79478,21149.199000000004
79479,21740.203000000005
79480,22697.205000000005
79481,23465.209000000006
79482,23262.213000000007
79483,23889.211000000007
79484,24061.214000000007
79485,24884.209000000006
79486,25305.207000000006
79487,27103.206000000006
79488,26911.202000000005
79489,27137.200000000004
79490,27047.197000000004
79491,27282.194000000003
79492,27118.190000000006
79493,26702.191000000003
79494,26280.190000000006
79495,24724.187000000005
79496,24534.186000000005
79497,24560.186000000005
79498,25182.186000000005
79499,25036.184000000005
79500,25760.189000000002
79501,24426.187000000005
79502,24496.183000000005
79503,25262.183000000005
79504,25673.183000000005
79505,25426.190000000006
79506,25630.190000000002
79507,24704.190000000006
79508,25106.183000000005
79509,25343.183000000005
79510,26109.182000000004
79511,26497.182000000004
79512,26101.182000000004
79513,25705.178000000004
79514,25687.178000000004
79515,24441.176000000003
79516,24809.179
79517,26405.175
79518,25612.177
79519,25965.183
79520,26824.182
79521,27445.184
79522,27091.181
79523,26754.181
79524,26471.187
79525,25095.186
79526,25573.185
79527,25628.18
79528,26545.181
79529,26098.183
79530,27894.182
79531,27362.182
79532,27331.185
79533,28495.183
79534,27904.183000000005
79535,28130.182
79536,28030.178
79537,27119.178000000004
79538,26559.180000000004
79539,26938.181000000004
79540,27730.180000000004
79541,28129.184000000005
79542,27572.184000000005
79543,27613.181000000004
79544,27649.182
79545,26554.181999999997
79546,26361.184999999998
79547,27340.185999999998
79548,25934.195
79549,25912.196
79550,26923.192
79551,26441.185
79552,26673.183999999997
79553,26648.186
79554,26933.183
79555,25964.183
79556,25598.181
79557,25483.178000000004
79558,26223.180000000004
79559,26312.178
79560,27334.182
79561,26955.184000000005
79562,27357.182000000004
79563,28513.180000000004
79564,28430.185000000005
79565,28747.176000000003
79566,29672.177000000003
79567,28464.175000000003
79568,27962.172000000002
79569,28168.174000000003
79570,28901.177000000003
79571,29128.179000000004
79572,29359.176000000003
79573,29009.181000000004
79574,28909.174000000003
79575,28350.176000000003
79576,28667.182
79577,29874.187
79578,29276.192000000003
79579,29108.196000000004
79580,29693.200000000004
79581,28712.206000000002
79582,28797.204
79583,28575.208000000002
79584,28334.213000000003
79585,27550.214000000004
79586,26806.210000000003
79587,26008.213000000003
79588,27664.214000000004
79589,28135.221
79590,28324.222999999998
79591,28488.231
79592,29065.224
79593,29668.221
79594,29649.229
79595,30673.234000000004
79596,31731.232000000004
79597,29945.24
79598,29731.247000000003
79599,29838.237000000005
79600,29726.232000000004
79601,31144.230000000003
79602,31405.233000000004
79603,30836.239
79604,30789.235000000004
79605,29846.239
79606,28427.254000000004
79607,29082.257000000005
79608,28908.254000000004
79609,29209.251000000004
79610,29025.258000000005
79611,27668.262000000006
79612,27436.261000000006
79613,27277.254000000004
79614,28630.249000000003
79615,28074.247000000003
79616,27332.248000000003
79617,26945.241
79618,28053.245000000003
79619,28242.241000000005
79620,28650.231000000003
79621,28965.230000000003
79622,29669.235
79623,29584.24
79624,29554.239
79625,30914.237
79626,31565.241
79627,30753.237
79628,30076.244000000002
79629,28807.246000000003
79630,28905.244000000002
79631,29112.239
79632,29762.243000000002
79633,30124.237
79634,30557.228000000003
79635,30058.221
79636,30070.212000000003
79637,31398.212000000003
79638,29829.212000000003
79639,30643.210000000003
79640,30804.213000000003
79641,31036.201
79642,29865.201
79643,29820.205
79644,31433.194000000003
79645,30492.192000000003
79646,29726.190000000002
79647,28567.187
79648,29696.186
79649,28922.186
79650,29022.186
79651,29771.184000000005
79652,30459.187
79653,30389.179000000004
79654,29119.187
79655,29850.188000000002
79656,30328.182000000004
79657,29568.178000000004
79658,30050.18
79659,29336.165000000005
79660,29707.159
79661,30061.157000000003
79662,31022.147
79663,31198.142
79664,31145.144
79665,30911.136
79666,30331.142
79667,31587.13
79668,30765.131000000005
79669,31853.129
79670,32108.124
79671,31900.114999999998
79672,30298.114999999998
79673,30375.111
79674,31214.11
79675,30187.114
79676,28943.115
79677,28320.116
79678,29662.117000000002
79679,29576.116
79680,29926.118000000002
79681,30711.119
79682,31875.118000000002
79683,31726.114
79684,31471.102
79685,32068.106
79686,32847.106999999996
79687,32477.107
79688,32425.104
79689,31766.096000000005
79690,31403.097000000005
79691,31610.094000000005
79692,32216.091000000004
79693,32069.091000000004
79694,32021.091000000004
79695,31828.090000000004
79696,31494.096
79697,32571.100000000002
79698,31642.099000000002
79699,33190.1
79700,32586.101000000002
79701,31385.101000000002
79702,29687.100000000006
79703,29673.100000000006
79704,30314.093000000004
79705,28879.096000000005
79706,28178.091000000004
79707,27831.084000000003
79708,28817.084000000003
79709,28056.078000000005
79710,28630.076000000005
79711,29847.074000000004
79712,30195.078
79713,29795.081000000006
79714,28773.084000000006
79715,29125.085000000006
79716,30500.083000000006
79717,30500.081000000002
79718,30660.083000000002
79719,31250.081000000002
79720,31004.083000000002
79721,31052.082000000002
79722,31814.078
79723,31411.08
79724,31722.085000000003
79725,32175.080000000005
79726,32540.080000000005
79727,33536.08
79728,32137.079
79729,32814.073000000004
79730,32953.076
79731,32134.075
79732,31212.073
79733,31423.072
79734,31013.072
79735,30913.064000000002
79736,29967.066000000006
79737,29032.060000000005
79738,30042.057000000004
79739,29315.056000000004
79740,28900.053000000004
79741,29680.053000000004
79742,30235.053000000004
79743,29875.052000000003
79744,29070.052000000003
79745,28905.051000000003
79746,29125.052000000003
79747,29455.054000000004
79748,30005.056000000004
79749,29775.058000000005
79750,30370.056000000004
79751,30365.057000000004
79752,30495.061000000005
79753,30920.060000000005
79754,31720.056000000004
79755,31810.054000000004
79756,31990.059
79757,32705.062
79758,31310.066000000003
79759,31660.069000000003
79760,32515.064000000002
79761,32125.065000000002
79762,30760.064000000002
79763,30760.064000000002
79764,31400.063000000006
79765,31540.065000000006
79766,30565.066000000003
79767,29660.063000000002
79768,30080.063000000002
79769,30065.066000000003
79770,29120.067000000003
79771,29830.062000000005
79772,30835.061000000005
79773,30445.061000000005
79774,29895.059000000005
79775,30230.060000000005
79776,30065.059000000005
79777,30850.059000000005
79778,31675.055000000004
79779,30525.056000000008
79780,31200.054000000004
79781,30600.057000000004
79782,31140.061000000005
79783,32090.061000000005
79784,31700.061000000005
79785,31025.065000000006
79786,31605.066000000006
79787,32060.064000000006
79788,31540.062000000005
79789,32485.063000000006
79790,32425.065000000006
79791,31940.060000000005
79792,30635.058000000005
79793,30685.058000000005
79794,32500.057000000004
79795,32455.062000000005
79796,32265.061000000005
79797,31290.062000000005
79798,32080.06000000001
79799,31665.060000000005
79800,31065.058000000005
79801,30830.061000000005
79802,31580.062000000005
79803,30825.062000000005
79804,29485.062000000005
79805,29785.066000000006
79806,29385.068000000007
79807,30585.067000000006
79808,29955.072000000007
79809,29450.072000000007
79810,30100.070000000007
79811,30490.070000000007
79812,31260.067000000006
79813,32475.063000000006
79814,32375.059000000005
79815,32190.058000000008
79816,31555.063000000006
79817,31160.069000000007
79818,30390.06700000001
79819,30895.06400000001
79820,31165.06000000001
79821,30435.06100000001
79822,29650.06200000001
79823,30240.06100000001
79824,31965.06200000001
79825,32600.05900000001
79826,32180.05900000001
79827,30785.06000000001
79828,32355.058000000008
79829,32000.056000000008
79830,31445.057000000008
79831,30825.05900000001
79832,31705.054000000007
79833,31380.051000000007
79834,29820.051000000007
79835,30625.053000000007
79836,31215.053000000007
79837,32325.055000000008
79838,32165.055000000008
79839,31615.055000000008
79840,32695.049000000006
79841,33080.05
79842,32995.04800000001
79843,33385.04800000001
79844,33255.046
79845,33070.04400000001
79846,33100.043000000005
79847,33875.044
79848,32675.046000000006
79849,32990.05100000001
79850,33000.049000000006
79851,32230.053000000007
79852,31220.055000000008
79853,31485.052000000007
79854,33665.05
79855,32865.054000000004
79856,33255.05500000001
79857,31900.053000000007
79858,33260.054000000004
79859,32955.05700000001
79860,31840.056000000008
79861,31675.055000000008
79862,32815.05600000001
79863,32370.058000000008
79864,31245.055000000008
79865,31800.056000000008
79866,31995.058000000008
79867,32835.05700000001
79868,32085.056000000008
79869,31700.056000000008
79870,32115.058000000008
79871,31740.06000000001
79872,31280.06400000001
79873,32310.06400000001
79874,32930.062000000005
79875,32395.06200000001
79876,31495.06200000001
79877,32075.06400000001
79878,31730.06000000001
79879,31955.06400000001
79880,32420.05900000001
79881,32425.058000000008
79882,31270.06100000001
79883,31890.05900000001
79884,33280.06000000001
79885,33525.06100000001
79886,34300.062000000005
79887,33540.058000000005
79888,34755.054000000004
79889,35155.052
79890,34565.054000000004
79891,33535.060000000005
79892,33945.06100000001
79893,32955.05900000001
79894,31460.056000000008
79895,31845.057000000008
79896,31820.057000000008
79897,32490.056000000008
79898,31475.06000000001
79899,30915.06000000001
79900,31675.05900000001
79901,31755.06200000001
79902,32120.06300000001
79903,31985.06100000001
79904,32205.06100000001
79905,31635.06300000001
79906,31305.06100000001
79907,31715.06200000001
79908,31235.06100000001
79909,31265.06100000001
79910,31890.06200000001
79911,32535.06000000001
79912,31785.05900000001
79913,33030.06300000001
79914,34370.062
79915,34425.060999999994
79916,35000.064
79917,33520.06300000001
79918,35745.058
79919,36540.057
79920,36020.056
79921,35595.052
79922,35725.058000000005
79923,34400.059
79924,32670.06300000001
79925,33000.06500000001
79926,32310.06200000001
79927,33685.060000000005
79928,32930.06100000001
79929,32475.06000000001
79930,32760.058000000008
79931,32660.06400000001
79932,33305.062000000005
79933,32780.060000000005
79934,32190.06200000001
79935,32060.058000000008
79936,31835.05900000001
79937,31620.06300000001
79938,30500.06400000001
79939,31315.06200000001
79940,31710.06100000001
79941,31700.06300000001
79942,30780.06300000001
79943,32570.06100000001
79944,34470.061
79945,34440.06300000001
79946,35055.06200000001
79947,34175.058000000005
79948,35535.060000000005
79949,36020.05700000001
79950,35190.05300000001
79951,34980.052
79952,35000.05300000001
79953,34740.05200000001
79954,34185.051
79955,34935.052
79956,34180.052
79957,35065.055
79958,34105.052
79959,32985.05100000001
79960,32775.05300000001
79961,33160.05
79962,32835.05100000001
79963,32455.048000000006
79964,31420.045000000006
79965,31015.048000000006
79966,31660.051000000007
79967,31650.053000000007
79968,31300.050000000007
79969,32440.051000000007
79970,33930.047
79971,33730.048
79972,33195.048
79973,34565.047000000006
79974,35680.043
79975,35135.044
79976,35030.05
79977,34315.047
79978,35870.048
79979,35900.047000000006
79980,35460.046
79981,35295.045
79982,35825.046
79983,35070.046
79984,34395.04000000001
79985,35095.041
79986,34110.043000000005
79987,35045.046
79988,34600.047000000006
79989,33165.05100000001
79990,32420.052000000007
79991,32955.05100000001
79992,33015.05100000001
79993,32485.05100000001
79994,32320.050000000007
79995,31930.05100000001
79996,31735.052000000007
79997,31930.05300000001
79998,30565.05300000001
79999,31700.05100000001
80000,32060.05100000001
80001,32045.04900000001
80002,31375.050000000007
80003,32515.052000000007
80004,33695.05100000001
80005,34315.051
80006,35155.05
80007,34345.051
80008,36174.047000000006
80009,35814.046
80010,35024.048
80011,34274.049000000006
80012,35033.051
80013,34448.051
80014,33498.05300000001
80015,33873.052
80016,32958.060000000005
80017,33690.06100000001
80018,33690.061
80019,32295.06200000001
80020,32480.065000000006
80021,33005.069
80022,32325.075000000008
80023,32324.074000000008
80024,32524.075000000008
80025,32444.072000000007
80026,33234.07200000001
80027,33434.07200000001
80028,32049.071000000007
80029,33496.075000000004
80030,33349.075000000004
80031,33289.07800000001
80032,32794.075000000004
80033,33707.077000000005
80034,35128.074
80035,35041.07200000001
80036,35051.075000000004
80037,34271.077
80038,35381.081
80039,35572.082
80040,34157.088
80041,32962.090000000004
80042,34007.086
80043,33123.081000000006
80044,32127.082000000006
80045,32127.08300000001
80046,31792.082000000006
80047,32542.08300000001
80048,32405.08200000001
80049,30641.083000000006
80050,31045.082000000006
80051,31435.088000000007
80052,30645.090000000007
80053,31095.088000000007
80054,31077.088000000007
80055,30792.092000000008
80056,31292.09400000001
80057,31701.09300000001
80058,30477.09800000001
80059,32237.097000000012
80060,33102.09100000001
80061,32586.090000000007
80062,32458.08700000001
80063,32882.088
80064,34162.092000000004
80065,34412.092000000004
80066,34552.09300000001
80067,34273.090000000004
80068,34666.08900000001
80069,35256.088
80070,34940.086
80071,34246.082
80072,34673.08
80073,33918.08
80074,33050.08500000001
80075,33074.083000000006
80076,33454.088
80077,33626.09500000001
80078,34386.095
80079,32416.095000000005
80080,32140.101000000006
80081,33022.10800000001
80082,32412.110000000008
80083,32012.11500000001
80084,31455.117000000006
80085,31667.117000000006
80086,32046.121000000006
80087,32112.125000000007
80088,30602.127000000008
80089,32898.124
80090,32989.132000000005
80091,32489.13600000001
80092,31926.140000000007
80093,32196.146000000008
80094,34630.14400000001
80095,34410.145000000004
80096,34530.14700000001
80097,34080.152
80098,34245.156
80099,33893.16300000001
80100,33480.164000000004
80101,33090.16600000001
80102,33867.164000000004
80103,33787.16300000001
80104,33012.16500000001
80105,33531.16500000001
80106,33526.16700000001
80107,33331.17400000001
80108,34416.17300000001
80109,32292.177000000007
80110,32551.181000000008
80111,33292.18400000001
80112,33737.18500000001
80113,33260.18200000001
80114,32908.18200000001
80115,32812.18600000001
80116,33312.18900000001
80117,33032.191000000006
80118,32219.188000000006
80119,34318.186
80120,34156.18800000001
80121,32551.193000000007
80122,32042.194000000007
80123,33073.19300000001
80124,35214.197
80125,35215.203
80126,35259.204
80127,35116.204
80128,35048.205
80129,35347.206000000006
80130,35501.211
80131,35308.214
80132,35183.21700000001
80133,35627.22
80134,34267.221000000005
80135,34158.22400000001
80136,33968.22600000001
80137,34164.22700000001
80138,33969.23500000001
80139,31825.23200000001
80140,32694.22900000001
80141,33339.22900000001
80142,33540.227000000006
80143,32255.233000000007
80144,32065.23900000001
80145,32822.23800000001
80146,32634.24100000001
80147,32957.23900000001
80148,32525.247000000007
80149,34678.24600000001
80150,34592.24600000001
80151,34070.244000000006
80152,34377.24100000001
80153,35506.235
80154,37211.237
80155,37800.244
80156,38340.239
80157,37900.247
80158,37539.254
80159,37267.25
80160,37153.254
80161,36953.255
80162,36417.258
80163,36668.257000000005
80164,35653.261000000006
80165,34973.268000000004
80166,35622.271
80167,35176.275
80168,34361.279
80169,33588.278000000006
80170,33400.28
80171,33883.282999999996
80172,35089.286
80173,34406.285
80174,33778.28200000001
80175,34212.28200000001
80176,34215.27900000001
80177,34220.28300000001
80178,34624.286
80179,35764.293
80180,36850.289000000004
80181,36170.296
80182,35850.30300000001
80183,36785.306000000004
80184,38600.310000000005
80185,38868.327000000005
80186,38842.32
80187,39151.327000000005
80188,39258.32800000001
80189,38589.326
80190,38046.33200000001
80191,38342.33100000001
80192,38261.33400000001
80193,38363.33000000001
80194,37829.329000000005
80195,36677.33200000002
80196,36431.335000000014
80197,36292.34000000002
80198,36306.33100000002
80199,36597.326000000015
80200,36396.328000000016
80201,37276.33000000001
80202,37586.33400000002
80203,36834.34100000001
80204,35952.34700000001
80205,36460.34700000001
80206,36942.348000000005
80207,36202.352000000006
80208,36911.350000000006
80209,37981.348000000005
80210,38482.34500000001
80211,37597.35400000001
80212,37444.34900000001
80213,38382.34800000001
80214,39762.34700000001
80215,40044.35500000001
80216,39510.357
80217,39960.35900000001
80218,39868.35600000001
80219,38769.35700000001
80220,38868.357
80221,39119.36000000001
80222,39586.36200000001
80223,39600.362000000016
80224,39062.36500000001
80225,38606.371000000014
80226,38292.38000000002
80227,38963.37900000001
80228,39018.390000000014
80229,39082.39200000001
80230,38738.39700000001
80231,39866.39400000001
80232,39311.407000000014
80233,38448.40500000001
80234,37992.40400000002
80235,37592.40400000002
80236,37516.41200000001
80237,37989.41000000001
80238,38632.40800000002
80239,39561.40900000002
80240,39530.41800000002
80241,39275.42300000002
80242,39306.42700000001
80243,40115.437000000005
80244,41345.43800000002
80245,41784.44200000002
80246,41320.44100000001
80247,41669.44400000001
80248,40637.44700000001
80249,40585.445000000014
80250,40594.455000000016
80251,40170.460000000014
80252,41147.45300000001
80253,40252.46500000001
80254,39780.46200000002
80255,39198.47000000002
80256,40396.47100000002
80257,40286.47000000002
80258,40347.472000000016
80259,40386.46600000002
80260,41040.46100000002
80261,41539.46800000003
80262,41456.47300000003
80263,41143.47500000002
80264,40349.48100000003
80265,39758.47900000002
80266,39286.48400000002
80267,39445.486000000026
80268,40293.48500000003
80269,40801.49800000003
80270,40727.501000000026
80271,40412.49600000003
80272,40339.49600000003
80273,41937.49400000003
80274,42345.49600000003
80275,42800.50600000002
80276,43350.50500000003
80277,44383.502000000015
80278,44206.49900000001
80279,43897.50600000002
80280,43622.51800000001
80281,43704.53200000001
80282,43901.53700000001
80283,43105.54300000001
80284,42174.55300000001
80285,41572.55100000001
80286,42209.55200000002
80287,42387.55000000001
80288,42756.55800000001
80289,42538.55600000001
80290,43024.55200000002
80291,43588.555000000015
80292,43975.55200000002
80293,44563.548000000024
80294,43965.540000000015
80295,43555.539000000026
80296,42798.53100000003
80297,42013.53400000002
80298,42541.53400000003
80299,43255.542000000016
80300,43128.54800000002
80301,42731.54500000002
80302,42107.54900000003
80303,42551.559000000016
80304,43121.56800000002
80305,44706.56300000002
80306,44899.57100000001
80307,44901.574000000015
80308,44328.58000000001
80309,44404.57900000002
80310,44131.574000000015
80311,43927.58400000001
80312,44066.591
80313,42138.60100000001
80314,41915.60300000001
80315,41696.610000000015
80316,41833.61400000001
80317,42325.62700000001
80318,42412.633000000016
80319,42402.63000000002
80320,42293.627000000015
80321,43527.61800000001
80322,43623.62700000001
80323,44122.634000000005
80324,43361.640000000014
80325,42002.64000000001
80326,41845.63400000001
80327,41048.64100000002
80328,40859.648000000016
80329,41311.646000000015
80330,41176.64700000001
80331,40312.64700000001
80332,38857.659000000014
80333,39536.65400000002
80334,40767.64400000002
80335,42314.64800000002
80336,42607.64600000002
80337,42314.64300000001
80338,41847.64300000002
80339,41612.642000000014
80340,41007.643000000025
80341,41071.63500000002
80342,41635.63000000002
80343,40674.629000000015
80344,40176.62900000002
80345,39907.62800000002
80346,40248.62000000003
80347,41024.61600000002
80348,41636.60400000002
80349,41349.59600000003
80350,41369.59800000001
80351,42497.60100000001
80352,42384.610000000015
80353,43301.61100000001
80354,42770.60500000002
80355,40936.60800000001
80356,40932.60200000001
80357,40785.604000000014
80358,40954.621
80359,41976.611000000004
80360,41587.614
80361,40983.607
80362,40478.611000000004
80363,42175.60900000001
80364,43409.608000000015
80365,44679.60300000001
80366,44752.59900000002
80367,44890.60000000002
80368,43590.60500000002
80369,44045.61500000002
80370,43981.60700000002
80371,43850.604000000014
80372,44673.604000000014
80373,42532.60500000001
80374,41821.592000000026
80375,41985.593000000015
80376,41966.59200000001
80377,42451.593000000015
80378,42619.59700000002
80379,42411.606000000014
80380,43482.59200000002
80381,44223.60200000001
80382,42454.60300000002
80383,42387.60700000002
80384,42181.60600000002
80385,40879.61500000001
80386,40826.62200000001
80387,40866.615000000005
80388,41908.60700000002
80389,41996.597000000016
80390,41859.59800000002
80391,41644.614000000016
80392,41302.618000000024
80393,42496.61700000003
80394,42208.63000000003
80395,42880.63300000002
80396,41879.62300000002
80397,41896.635000000024
80398,40893.63600000002
80399,41404.638000000035
80400,41518.62700000004
80401,41357.622000000025
80402,42290.624000000025
80403,41678.63000000003
80404,41190.633000000016
80405,40946.63400000002
80406,40860.63800000001
80407,41384.64200000001
80408,42012.64100000001
80409,42713.63900000001
80410,41873.642000000014
80411,42613.627000000015
80412,41890.62000000002
80413,41083.60900000001
80414,40324.60400000001
80415,39226.60100000001
80416,39358.59500000001
80417,38500.58700000001
80418,38251.58300000001
80419,37264.580000000016
80420,37064.58400000001
80421,36324.58400000002
80422,36204.58500000002
80423,37164.580000000016
80424,37109.593000000015
80425,37611.59400000002
80426,36821.59200000002
80427,37071.59500000002
80428,36649.58000000002
80429,36927.57400000002
80430,37337.57100000002
80431,37666.56900000002
80432,38190.57400000001
80433,37503.58000000001
80434,38126.57100000001
80435,38457.56600000001
80436,38422.57100000002
80437,38531.57700000001
80438,39690.572000000015
80439,39920.56000000002
80440,39752.57200000002
80441,40048.56500000001
80442,39703.56000000002
80443,38697.552000000025
80444,37863.54500000001
80445,36976.54500000001
80446,36421.55500000001
80447,35644.54700000001
80448,34992.54300000001
80449,32998.550000000025
80450,32495.549000000025
80451,31064.558000000023
80452,31068.563000000024
80453,31793.564000000024
80454,33075.55400000002
80455,33527.55000000002
80456,33309.54000000002
80457,33905.53700000001
80458,34110.53100000001
80459,34103.534000000014
80460,34256.54100000001
80461,34174.53900000001
80462,33808.54000000001
80463,33124.538000000015
80464,32196.530000000017
80465,32251.533000000018
80466,32231.537000000015
80467,33357.534000000014
80468,33324.53000000001
80469,34001.529
80470,33522.525000000016
80471,34376.52800000001
80472,34387.52300000001
80473,33640.51900000001
80474,33208.52000000001
80475,32809.51200000002
80476,32228.52000000002
80477,30765.51900000002
80478,30738.513000000017
80479,30376.50700000002
80480,29199.513000000017
80481,27864.510000000013
80482,28149.506000000016
80483,28668.509000000016
80484,29391.509000000013
80485,29816.506000000012
80486,29584.508000000013
80487,30783.499000000014
80488,32000.496000000017
80489,31115.506000000016
80490,31800.513000000017
80491,31791.511000000017
80492,30690.508000000016
80493,30367.513000000017
80494,30026.50100000002
80495,30232.496000000017
80496,30086.502000000015
80497,30807.489000000016
80498,30168.491000000016
80499,30800.493000000017
80500,30243.494000000013
80501,31135.50100000001
80502,31221.50300000001
80503,30531.492000000017
80504,29304.490000000016
80505,28819.487000000016
80506,28602.486000000015
80507,26534.493000000017
80508,26522.490000000016
80509,26884.483000000022
80510,26287.47900000002
80511,25792.477000000014
80512,26742.482000000018
80513,26494.482000000018
80514,28199.482000000015
80515,28198.48300000002
80516,28206.476000000013
80517,28454.480000000014
80518,28787.46400000001
80519,28326.46100000001
80520,28496.45600000001
80521,28424.442000000006
80522,27174.44200000001
80523,28259.437000000013
80524,27910.432000000008
80525,28617.437000000013
80526,28293.430000000015
80527,28999.427000000014
80528,27907.433000000015
80529,27431.434000000016
80530,27415.436000000012
80531,27785.44200000001
80532,27816.44900000001
80533,27137.44700000001
80534,25981.440000000013
80535,24809.44000000001
80536,24213.437000000013
80537,22083.44200000001
80538,23046.43900000001
80539,22977.445000000007
80540,22135.448000000004
80541,21994.443000000007
80542,22460.441000000006
80543,22342.441000000006
80544,22723.442000000006
80545,23519.437
80546,23742.444000000003
80547,23479.444000000003
80548,23422.444000000003
80549,23023.437000000005
80550,23492.427000000007
80551,23412.422000000006
80552,22986.422000000002
80553,23962.421000000002
80554,23899.418000000005
80555,23320.41700000001
80556,22574.426000000007
80557,23724.423000000003
80558,23403.421000000002
80559,23155.417
80560,23289.415
80561,23620.41
80562,24131.403000000006
80563,22671.401000000005
80564,22897.396000000004
80565,21330.396000000004
80566,21447.394000000004
80567,20701.400000000005
80568,21651.397000000004
80569,21654.403000000006
80570,20767.405000000002
80571,19968.401000000005
80572,19891.393000000007
80573,20038.391000000003
80574,19301.389000000003
80575,20964.375000000004
80576,20684.380000000005
80577,20094.382000000005
80578,19693.390000000007
80579,19429.387000000006
80580,19503.388000000003
80581,19590.390000000007
80582,19048.387000000006
80583,19704.392000000003
80584,20412.397000000004
80585,20181.401
80586,20339.4
80587,20666.4
80588,20204.4
80589,19860.394
80590,20620.392
80591,21876.382000000005
80592,21306.385000000002
80593,20643.383
80594,21093.379000000004
80595,19240.384000000002
80596,18910.378000000004
80597,18641.375000000004
80598,19134.376000000004
80599,19879.372000000003
80600,18018.376000000004
80601,17507.381000000005
80602,17615.379000000004
80603,17591.380000000005
80604,16158.379000000004
80605,17762.371000000003
80606,17529.362
80607,17550.354000000003
80608,17691.339
80609,17420.331
80610,19070.307999999997
80611,18041.309999999998
80612,17918.308999999997
80613,17811.307999999997
80614,18047.313
80615,17148.320000000003
80616,17331.318
80617,16679.321
80618,16071.322000000002
80619,15173.328000000001
80620,13940.338000000003
80621,14007.344000000005
80622,14064.351000000006
80623,14544.350000000006
80624,15024.353000000008
80625,14653.352000000008
80626,13564.36200000001
80627,13524.366000000009
80628,13975.371000000008
80629,13827.389000000012
80630,15533.396000000013
80631,14383.410000000013
80632,13032.423000000017
80633,11843.439000000017
80634,9823.456000000018
80635,10003.474000000018
80636,8796.49300000002
80637,8258.511000000019
80638,4712.543000000017
80639,2531.5759999999987
80640,1193.4439999999968
80641,2443.434000000009
80642,3473.430000000017
80643,4943.418000000017
80644,6730.40700000002
80645,7811.403000000023
80646,8904.395000000024
80647,9979.392000000023
80648,10864.391000000021
80649,11563.389000000021
80650,14625.38100000002
80651,14408.374000000014
80652,14848.378000000013
80653,14298.373000000012
80654,13559.373000000012
80655,13296.37000000001
80656,13004.363000000008
80657,12324.362000000006
80658,12456.353000000003
80659,12818.342000000004
80660,11568.338000000005
80661,12575.342000000004
80662,13410.338000000003
80663,14462.333000000002
80664,14887.331000000002
80665,15967.329000000002
80666,17090.318000000003
80667,17957.32
80668,18077.316
80669,17689.315
80670,16499.321999999996
80671,17111.324
80672,17013.323
80673,17353.321
80674,18162.323
80675,18852.322
80676,18682.324
80677,18057.326
80678,18707.324
80679,18947.322
80680,19570.323
80681,19815.32
80682,20475.312
80683,19600.31
80684,18925.314
80685,17420.305999999997
80686,17260.304
80687,17190.3
80688,16400.295000000002
80689,16718.287
80690,16368.278000000002
80691,16025.280000000002
80692,15930.280000000002
80693,16595.275
80694,16197.276000000002
80695,17267.270000000004
80696,16652.271
80697,16212.266000000003
80698,16152.262000000002
80699,14774.261000000002
80700,15832.263000000003
80701,15807.267000000003
80702,16460.259000000002
80703,16820.261000000002
80704,17400.260000000006
80705,16823.257000000005
80706,17013.254000000004
80707,17608.252000000004
80708,18078.248000000003
80709,17483.248000000003
80710,17485.238000000005
80711,17885.235000000004
80712,17103.232000000004
80713,17078.227000000003
80714,18003.223000000005
80715,17801.216000000004
80716,17936.207000000006
80717,18096.208000000006
80718,17906.204000000005
80719,18111.200000000004
80720,17531.198000000004
80721,16571.194000000003
80722,16941.195000000007
80723,16156.196000000007
80724,15971.192000000005
80725,16966.189000000006
80726,16946.196000000004
80727,16171.199000000006
80728,15371.201000000006
80729,14626.203000000007
80730,15401.206000000006
80731,15388.211000000007
80732,16210.209000000006
80733,17258.206000000002
80734,16843.208000000002
80735,15720.202000000003
80736,15323.204000000003
80737,17106.201
80738,18276.204
80739,18879.203
80740,18484.205
80741,19274.206000000002
80742,17689.209000000006
80743,18294.207000000002
80744,19879.207
80745,19884.208
80746,19874.21
80747,19483.207000000002
80748,20098.201
80749,19339.2
80750,20113.201
80751,19528.203
80752,20328.201
80753,19353.2
80754,19355.198
80755,19122.201
80756,19122.201
80757,18132.203000000005
80758,16975.202
80759,16950.204
80760,17922.204000000005
80761,17915.205000000005
80762,18895.206000000002
80763,18530.204
80764,17940.203000000005
80765,16747.206000000002
80766,16147.205000000004
80767,17692.208000000002
80768,18880.206000000002
80769,19110.202
80770,18287.204
80771,18490.206000000002
80772,17850.211000000007
80773,19400.213000000003
80774,20165.214000000004
80775,20965.210000000003
80776,21345.210000000003
80777,21720.211000000003
80778,21935.207000000002
80779,21540.208000000002
80780,22135.206000000002
80781,22132.205
80782,21335.207000000002
80783,20730.210000000003
80784,20707.212000000003
80785,20532.209000000003
80786,20367.207000000002
80787,18987.208000000002
80788,17622.208000000002
80789,17822.208000000006
80790,18607.208000000002
80791,18392.210000000003
80792,18964.211000000003
80793,17979.210000000003
80794,17779.211000000003
80795,17034.206000000002
80796,16809.210000000003
80797,18199.209000000003
80798,19004.206000000002
80799,18042.205
80800,18062.204
80801,18827.207000000002
80802,18622.208000000002
80803,19809.205
80804,20999.204
80805,20814.202
80806,21009.2
80807,21014.201
80808,22229.195
80809,22609.196
80810,22594.199
80811,22794.199
80812,21829.199
80813,22257.195
80814,21672.195
80815,21467.196
80816,21092.195
80817,20517.193
80818,19742.191
80819,19724.193
80820,20301.195
80821,19896.198
80822,20268.199
80823,19673.199
80824,20266.197
80825,19894.195
80826,20314.193
80827,21329.191
80828,21129.191
80829,20164.192000000003
80830,19964.192000000003
80831,20954.189000000002
80832,20754.190000000002
80833,20754.190000000002
80834,21524.191
80835,20919.191000000003
80836,21844.192
80837,21867.189000000002
80838,22452.188000000002
80839,22247.190000000002
80840,22817.188000000002
80841,21814.190000000002
80842,22007.188000000002
80843,22017.190000000002
80844,21797.190000000002
80845,22187.187
80846,22569.184
80847,22589.183
80848,22199.184
80849,22014.185
80850,22609.184
80851,21634.183
80852,21604.183
80853,20796.186
80854,21191.184
80855,20049.185
80856,19844.187
80857,20404.190000000002
80858,20409.190000000002
80859,20176.195
80860,20204.194
80861,21004.193
80862,20181.199
80863,20566.198
80864,21921.199000000004
80865,21133.200000000004
80866,21738.200000000004
80867,22503.198000000004
80868,22683.197000000004
80869,21518.195000000003
80870,22098.194000000003
80871,21113.196000000004
80872,20898.195000000003
80873,20898.193000000003
80874,20693.194000000003
80875,20293.195000000003
80876,20913.190000000002
80877,20543.188000000002
80878,19953.187
80879,20763.185
80880,20572.185
80881,19982.189000000002
80882,19825.186
80883,19448.184
80884,20123.176
80885,19745.176
80886,19960.178
80887,21339.175
80888,21762.177
80889,21189.175
80890,21379.178
80891,22134.184
80892,22121.188000000002
80893,23324.187
80894,24289.189000000002
80895,23869.197
80896,23224.204
80897,23022.206000000002
80898,23501.199
80899,22526.198
80900,23753.192000000003
80901,22377.196000000004
80902,21434.199000000004
80903,20458.200000000004
80904,21281.198000000004
80905,21740.194000000003
80906,22173.192000000003
80907,22364.190000000002
80908,21968.193000000003
80909,22526.201000000005
80910,22111.203000000005
80911,22106.207000000006
80912,22321.206000000006
80913,22373.200000000004
80914,22972.200000000004
80915,22173.202000000005
80916,22729.204000000005
80917,23330.201000000005
80918,24662.204000000005
80919,24462.205000000005
80920,24492.204000000005
80921,25314.202000000005
80922,25127.204000000005
80923,26494.204
80924,26334.207000000002
80925,25594.205
80926,25796.205
80927,26400.208000000002
80928,25636.209000000003
80929,25084.206000000002
80930,26090.204
80931,24731.205
80932,24495.209000000003
80933,23493.212000000003
80934,24522.211000000003
80935,25497.217000000004
80936,26319.216000000004
80937,26294.218000000004
80938,25535.221000000005
80939,25904.223000000005
80940,26512.222000000005
80941,25620.217000000004
80942,25223.216000000004
80943,24859.219000000005
80944,24650.219000000005
80945,24646.219
80946,25260.216
80947,24830.221
80948,26066.218000000004
80949,24942.213000000003
80950,24198.214
80951,24908.217
80952,25353.211000000003
80953,26887.213000000003
80954,26462.222000000005
80955,24691.226000000006
80956,25666.227000000003
80957,27511.221
80958,26710.222
80959,26748.216
80960,26171.22
80961,24838.222
80962,24501.221
80963,24163.217
80964,25213.216
80965,25639.213
80966,25862.210000000003
80967,26278.211
80968,25869.210000000003
80969,26710.206000000002
80970,27449.208000000002
80971,26037.213
80972,25055.215
80973,25240.216
80974,25466.216
80975,25692.214
80976,26285.214
80977,26477.214
80978,26481.215
80979,26408.216000000004
80980,27017.222000000005
80981,28623.225000000006
80982,27843.223000000005
80983,28652.224000000006
80984,28707.220000000005
80985,27880.225000000006
80986,27957.227000000006
80987,29025.224000000006
80988,28466.219000000005
80989,27586.215000000004
80990,27170.217000000004
80991,26018.215000000004
80992,26016.221000000005
80993,25635.222
80994,26238.220000000005
80995,26657.217000000004
80996,25913.219000000005
80997,26229.219000000005
80998,26466.220000000005
80999,26530.218000000004
81000,26763.218000000004
81001,26336.220000000005
81002,25825.217000000004
81003,26213.215000000004
81004,26657.212000000003
81005,27617.209000000003
81006,27545.200000000004
81007,27680.204000000005
81008,27859.202000000005
81009,27651.205000000005
81010,27451.211000000003
81011,29023.216000000004
81012,28233.222000000005
81013,29064.226000000002
81014,30094.221000000005
81015,30160.222000000005
81016,29976.227000000003
81017,31249.230000000003
81018,31500.236000000004
81019,30340.239000000005
81020,28828.246000000003
81021,28345.242000000006
81022,28405.242000000006
81023,28174.237000000005
81024,29393.233000000004
81025,29600.239
81026,29419.242000000002
81027,29183.251000000004
81028,29627.251000000004
81029,29573.253000000004
81030,29512.251000000004
81031,29601.243000000002
81032,28888.242000000002
81033,28233.247000000003
81034,28664.245000000003
81035,29032.249000000003
81036,28504.255000000005
81037,28116.252000000004
81038,28101.260000000002
81039,28239.257
81040,28270.254000000004
81041,29890.255
81042,29328.257
81043,29855.252000000004
81044,30490.257
81045,30376.260000000002
81046,30477.255000000005
81047,31269.254
81048,32777.255
81049,31820.258
81050,30083.263000000003
81051,30295.264000000003
81052,30736.256
81053,30499.261000000002
81054,30493.262000000002
81055,31112.258
81056,31505.257
81057,31706.255
81058,32055.262000000002
81059,32355.266000000003
81060,32908.269
81061,33352.263
81062,33125.262
81063,32415.265000000003
81064,31000.262000000006
81065,30899.265000000007
81066,29997.261000000006
81067,30163.263000000003
81068,29577.261000000002
81069,30001.251000000004
81070,30130.250000000004
81071,30350.251000000004
81072,30418.238000000005
81073,30661.236000000004
81074,30967.240000000005
81075,30491.243000000006
81076,30488.240000000005
81077,36435.234000000004
81078,36804.236000000004
81079,36404.231
81080,36126.234000000004
81081,35091.234000000004
81082,34712.233
81083,34804.223000000005
81084,34935.222
81085,35375.217000000004
81086,35609.214
81087,35931.211
81088,36469.205
81089,37471.199
81090,37400.198000000004
81091,37181.198000000004
81092,37368.195
81093,37061.195
81094,36256.196
81095,36231.19
81096,36206.182
81097,36709.176
81098,36261.177
81099,35615.176
81100,35414.175
81101,36161.175
81102,35861.169
81103,36011.168000000005
81104,36760.163
81105,30653.165000000005
81106,30878.158000000007
81107,31379.147000000004
81108,31841.147000000004
81109,31485.140000000007
81110,31859.133
81111,30768.125000000004
81112,31128.122000000003
81113,30901.125000000004
81114,30927.122000000003
81115,31932.123000000003
81116,32820.123
81117,33435.122
81118,33054.121
81119,34132.12799999999
81120,34027.130999999994
81121,34157.12499999999
81122,34194.11999999999
81123,34516.11899999999
81124,33923.11699999999
81125,33581.113999999994
81126,32564.120000000003
81127,33170.117
81128,32693.124
81129,32475.124
81130,31762.119000000006
81131,32983.115000000005
81132,31581.121000000003
81133,32598.123000000003
81134,33564.119
81135,33132.115
81136,32717.115
81137,32494.115
81138,32737.113
81139,32238.109000000004
81140,33346.106
81141,32998.102
81142,33555.103
81143,33111.103
81144,32217.109000000004
81145,32646.109000000004
81146,32880.10600000001
81147,32891.10600000001
81148,32705.103000000006
81149,32830.107
81150,33212.103
81151,32992.099
81152,33435.096000000005
81153,33256.096000000005
81154,32274.095000000005
81155,32258.097000000005
81156,31854.098000000005
81157,32481.095000000005
81158,31829.096
81159,31385.100000000002
81160,32228.093000000004
81161,33396.093
81162,32446.093000000008
81163,32386.090000000004
81164,33366.08700000001
81165,32759.091000000008
81166,31907.094000000005
81167,31747.091000000008
81168,31930.090000000004
81169,32510.089000000007
81170,32150.087000000007
81171,31562.088000000003
81172,31766.085000000006
81173,31370.087000000007
81174,31319.087000000007
81175,32097.087000000003
81176,32997.079000000005
81177,32870.08200000001
81178,34123.078
81179,33503.077000000005
81180,33183.07
81181,32438.071000000007
81182,32898.067
81183,32698.070000000007
81184,31973.069000000007
81185,31933.072000000007
81186,31573.071000000007
81187,31613.068000000007
81188,31433.066000000006
81189,31478.067000000006
81190,31873.067000000006
81191,32073.066000000006
81192,31358.063000000006
81193,31758.061000000005
81194,32378.059000000005
81195,31823.059000000005
81196,31448.062000000005
81197,31648.061000000005
81198,32118.059000000005
81199,32503.061000000005
81200,33543.060000000005
81201,33248.065
81202,33798.067
81203,36303.067
81204,36278.067
81205,37043.07000000001
81206,36618.072
81207,36813.072
81208,37138.071
81209,36200.075000000004
81210,35425.074
81211,35525.078
81212,36450.078
81213,36590.079
81214,35245.08
81215,35450.079
81216,35450.08
81217,34450.08
81218,34125.077000000005
81219,34355.075
81220,34545.078
81221,35390.077000000005
81222,34635.077000000005
81223,34830.07800000001
81224,35595.081
81225,35045.079000000005
81226,34875.079000000005
81227,34475.081000000006
81228,34100.079000000005
81229,35150.074
81230,36000.07
81231,35060.068
81232,35875.067
81233,35865.069
81234,35300.07
81235,36135.064999999995
81236,36580.064999999995
81237,36800.064999999995
81238,38195.064
81239,37640.064
81240,36690.064
81241,36635.066000000006
81242,37025.066000000006
81243,37000.066
81244,36265.067
81245,36675.068
81246,36050.071
81247,35485.072
81248,34540.071
81249,35165.072
81250,35010.068999999996
81251,36085.064000000006
81252,35110.064000000006
81253,35695.064000000006
81254,35910.066
81255,35940.064999999995
81256,35325.066
81257,34570.066
81258,34540.067
81259,34960.066
81260,36075.068
81261,35075.068
81262,35515.063
81263,35225.058
81264,35185.053
81265,34955.056
81266,35115.059
81267,35570.058
81268,36745.05799999999
81269,35990.06
81270,36105.06199999999
81271,36015.06599999999
81272,36985.066999999995
81273,34755.06999999999
81274,34555.07199999999
81275,34440.07399999999
81276,34740.077
81277,37265.07
81278,35275.074
81279,35755.072
81280,35145.072
81281,35240.077
81282,34130.076
81283,35270.077
81284,35720.076
81285,35545.077
81286,35555.075
81287,34980.072
81288,35530.075000000004
81289,36195.073
81290,35965.075000000004
81291,35220.074
81292,34980.078
81293,33895.076
81294,33335.07600000001
81295,34480.075000000004
81296,35135.071
81297,34960.073000000004
81298,35710.076
81299,34795.075000000004
81300,34800.07400000001
81301,35300.076
81302,36470.076
81303,36440.077000000005
81304,36775.07800000001
81305,37035.075000000004
81306,37225.076
81307,38855.07200000001
81308,37430.07000000001
81309,38240.06900000001
81310,37885.067
81311,38270.064000000006
81312,36320.064000000006
81313,37515.064000000006
81314,36820.064000000006
81315,36600.064000000006
81316,36495.064000000006
81317,35355.06300000001
81318,35125.066000000006
81319,35505.06800000001
81320,36320.066000000006
81321,35480.06800000001
81322,36525.064000000006
81323,35505.064000000006
81324,34725.064000000006
81325,34750.064000000006
81326,35200.06300000001
81327,34080.06300000001
81328,34860.063
81329,33655.065
81330,33730.07100000001
81331,34515.070999999996
81332,35855.070999999996
81333,36405.073
81334,36780.075999999994
81335,36450.07499999999
81336,36250.078
81337,37015.081
81338,36470.077999999994
81339,37275.078
81340,36325.079
81341,36920.077000000005
81342,35335.078
81343,36080.08000000001
81344,35250.081
81345,34885.081000000006
81346,34390.079000000005
81347,33530.077000000005
81348,33560.07800000001
81349,34165.077000000005
81350,35170.07600000001
81351,34665.07000000001
81352,35705.067
81353,34735.066000000006
81354,34205.065
81355,34785.066
81356,35575.068
81357,35215.068
81358,35410.07
81359,35285.066
81360,35200.065
81361,36045.064
81362,36390.068
81363,36605.07
81364,36790.07
81365,36615.070999999996
81366,36620.07
81367,37290.068999999996
81368,36305.071
81369,37120.069
81370,41620.06900000001
81371,41475.06900000001
81372,40060.06800000001
81373,40840.06800000001
81374,41235.06800000001
81375,41040.06800000001
81376,40295.068
81377,39450.07200000001
81378,40180.072
81379,40105.072
81380,41100.073
81381,40200.068
81382,42045.07
81383,40615.072
81384,40640.072
81385,40605.076
81386,41995.077
81387,42215.077
81388,42580.077
81389,42465.075
81390,42045.075999999994
81391,43790.077
81392,44625.073000000004
81393,45185.073000000004
81394,44955.075000000004
81395,42235.078
81396,41265.076
81397,41780.076
81398,40605.077
81399,41305.073
81400,40150.075000000004
81401,40115.077000000005
81402,38695.07800000001
81403,33255.081000000006
81404,33110.081000000006
81405,33160.081000000006
81406,32990.08000000001
81407,32510.074000000008
81408,32560.074000000008
81409,32420.07300000001
81410,33065.07100000001
81411,31475.07200000001
81412,32340.07500000001
81413,31935.07200000001
81414,32480.070000000007
81415,33040.07000000001
81416,33485.06900000001
81417,34460.069
81418,34360.065
81419,34010.066000000006
81420,33985.066000000006
81421,35095.068
81422,35500.07
81423,37290.067
81424,37350.064999999995
81425,37375.06
81426,36750.062999999995
81427,36980.060999999994
81428,36875.062999999995
81429,36615.066
81430,36250.066
81431,36675.064
81432,35270.066999999995
81433,35080.068
81434,35470.068
81435,36070.066
81436,35395.064
81437,34580.066
81438,35490.066
81439,37125.065
81440,36160.066
81441,34370.06700000001
81442,34850.064000000006
81443,34210.066000000006
81444,33960.06700000001
81445,33520.073000000004
81446,34240.07400000001
81447,34660.075000000004
81448,34105.077000000005
81449,33983.081000000006
81450,34273.077000000005
81451,35498.076
81452,36313.077000000005
81453,36993.082
81454,36718.082
81455,36348.083000000006
81456,35948.085
81457,36603.081
81458,36993.083
81459,37223.081999999995
81460,37118.079
81461,37887.07899999999
81462,36917.08
81463,36152.082
81464,36841.073
81465,36886.077
81466,36106.078
81467,35585.078
81468,35320.083
81469,40572.084
81470,40779.082
81471,38859.081000000006
81472,39070.081000000006
81473,38740.08900000001
81474,39140.08700000001
81475,39116.09000000001
81476,38356.088
81477,38587.08400000001
81478,37983.08700000001
81479,37703.08400000001
81480,37968.08000000001
81481,38658.083000000006
81482,39983.081000000006
81483,40475.087999999996
81484,41037.079000000005
81485,41580.08
81486,41160.08200000001
81487,41189.084
81488,41179.08600000001
81489,41599.08500000001
81490,41443.08500000001
81491,42078.087
81492,41082.088
81493,40780.09000000001
81494,40497.095000000016
81495,40974.088
81496,40814.085999999996
81497,40229.08600000001
81498,40387.088
81499,39588.092000000004
81500,39786.091
81501,38026.09200000001
81502,37687.08900000001
81503,38332.087000000014
81504,38128.087000000014
81505,39503.08600000001
81506,40817.08900000001
81507,41017.088
81508,40381.092000000004
81509,40954.08900000001
81510,40598.09000000001
81511,41041.08900000001
81512,42190.091
81513,41240.09400000001
81514,41883.09300000001
81515,41102.091000000015
81516,40317.09700000001
81517,40307.10400000001
81518,39797.10800000001
81519,40391.110000000015
81520,35257.113000000005
81521,35576.115000000005
81522,37191.114
81523,37442.116
81524,37479.118
81525,37837.121
81526,37277.123
81527,36841.126000000004
81528,36919.123
81529,36346.125
81530,36250.125
81531,35399.128000000004
81532,35269.125
81533,36613.129
81534,36420.129
81535,36477.136000000006
81536,37474.135
81537,37469.138
81538,36865.142
81539,36594.146
81540,36982.151
81541,37878.153999999995
81542,38617.151999999995
81543,38813.15599999999
81544,38838.15399999999
81545,37438.159999999996
81546,37914.15699999999
81547,38167.162
81548,38650.158999999985
81549,39651.16199999999
81550,39482.16199999999
81551,39116.172999999995
81552,39557.17099999999
81553,39167.16999999999
81554,40131.17099999999
81555,40371.17199999999
81556,39221.179
81557,39169.17999999999
81558,39486.17899999999
81559,39567.18099999999
81560,39223.17999999999
81561,38221.187
81562,38476.191999999995
81563,38849.19299999999
81564,38443.198
81565,37358.200999999994
81566,37918.20399999999
81567,37498.20999999999
81568,36877.20799999999
81569,37890.208999999995
81570,38665.21099999999
81571,38788.21599999999
81572,38511.219999999994
81573,38454.22199999999
81574,38012.221
81575,37332.223
81576,37487.227999999996
81577,38377.22699999999
81578,38599.22699999999
81579,39148.23199999999
81580,38973.23399999999
81581,39435.23999999999
81582,39024.24199999999
81583,39816.23899999999
81584,40634.238999999994
81585,40030.238999999994
81586,39652.236999999994
81587,39232.240999999995
81588,39778.242999999995
81589,39893.244999999995
81590,39468.249999999985
81591,38922.249999999985
81592,39492.25199999999
81593,39952.25299999999
81594,39840.25499999999
81595,40889.25699999999
81596,41875.259999999995
81597,41982.255999999994
81598,41171.253999999986
81599,40450.25499999999
81600,41624.25999999999
81601,41595.25999999999
81602,39130.261999999995
81603,38545.265999999996
81604,37986.26899999999
81605,37515.272999999994
81606,36700.28
81607,42577.277
81608,42549.281
81609,43415.284999999996
81610,43415.291
81611,43998.293
81612,43974.29
81613,44704.295
81614,45816.293
81615,45522.295
81616,45405.297
81617,45410.297
81618,45542.301999999996
81619,45322.306
81620,44567.304
81621,44787.297999999995
81622,45658.307
81623,44892.306
81624,44480.314
81625,47013.31
81626,47996.31199999999
81627,48338.316999999995
81628,47596.318
81629,46280.315
81630,47487.31199999999
81631,46621.311
81632,45556.316999999995
81633,45642.319
81634,45017.322
81635,44767.325
81636,38664.322
81637,38930.322
81638,39506.328
81639,40336.335
81640,39779.336
81641,41142.328
81642,41374.329999999994
81643,42697.320999999996
81644,43617.326
81645,42226.327000000005
81646,41593.334
81647,41024.343
81648,41171.346
81649,41036.346000000005
81650,41408.33500000001
81651,41741.33600000001
81652,43395.34100000001
81653,42688.34500000001
81654,42612.347
81655,43861.34900000001
81656,45017.34700000001
81657,43652.352000000006
81658,43229.34700000001
81659,43369.349
81660,45152.34600000001
81661,44711.355
81662,43323.357
81663,43410.363000000005
81664,43061.368
81665,42808.37500000001
81666,42943.38200000001
81667,42706.383
81668,43464.37800000001
81669,44224.37800000001
81670,49219.37700000001
81671,48441.38900000001
81672,48270.38700000001
81673,49027.394000000015
81674,49383.40200000002
81675,48536.396000000015
81676,47739.40100000001
81677,47983.41300000001
81678,47950.41600000001
81679,48067.41200000001
81680,46541.42400000001
81681,46347.422000000006
81682,48660.42900000001
81683,48472.431000000004
81684,47774.439000000006
81685,48258.439
81686,49662.437
81687,49875.438
81688,49791.435
81689,49635.43200000001
81690,50732.431000000004
81691,50824.43300000001
81692,49159.42800000001
81693,49446.434
81694,49768.439
81695,49924.44500000001
81696,50679.444
81697,49644.44700000001
81698,50093.45700000001
81699,50641.45800000001
81700,44613.467000000004
81701,44468.475000000006
81702,44064.482
81703,44293.483000000015
81704,44900.48
81705,43841.48800000001
81706,42680.486000000004
81707,43575.49300000001
81708,43137.500000000015
81709,43248.50100000001
81710,42600.50000000001
81711,43038.497
81712,44693.496999999996
81713,44259.503000000004
81714,43488.505000000005
81715,44053.51400000001
81716,44657.51600000001
81717,44824.52400000001
81718,44088.534000000014
81719,44573.543
81720,46326.53600000001
81721,46346.537
81722,44305.537000000004
81723,44917.53600000001
81724,44725.535
81725,43652.54499999999
81726,44053.54000000001
81727,43479.54500000001
81728,43203.55300000001
81729,43074.547000000006
81730,43013.559
81731,42812.560000000005
81732,42162.567
81733,42148.570999999996
81734,42679.574
81735,42612.584
81736,41353.583000000006
81737,41737.58800000001
81738,41729.582000000024
81739,41717.583000000006
81740,41447.58
81741,41660.57200000002
81742,43609.575000000026
81743,43302.56900000002
81744,42540.58200000002
81745,43228.57900000002
81746,44092.58000000001
81747,43900.58200000001
81748,43494.59000000001
81749,43475.59700000001
81750,43193.606000000014
81751,43480.606000000014
81752,43063.60900000001
81753,44305.60900000001
81754,44491.596000000005
81755,43412.609000000004
81756,43409.612000000016
81757,43550.60600000002
81758,44153.614000000016
81759,43402.61300000002
81760,42911.626000000026
81761,42129.63800000001
81762,41459.64000000001
81763,41692.643000000004
81764,42472.64
81765,41970.64700000001
81766,40609.65600000001
81767,40983.655000000006
81768,40277.649999999994
81769,40385.64600000001
81770,41224.64700000001
81771,41023.652
81772,42729.64400000001
81773,41121.654
81774,41643.657000000014
81775,42688.650000000016
81776,43179.65600000001
81777,43242.65100000001
81778,42639.649000000005
81779,42765.64800000001
81780,43204.646
81781,43872.64599999999
81782,43445.649
81783,43799.644
81784,43434.641
81785,43546.64000000001
81786,43760.638000000006
81787,44278.647000000004
81788,44700.64800000001
81789,44578.64900000001
81790,43580.64700000001
81791,43323.638000000006
81792,42838.63600000002
81793,42903.642000000014
81794,43732.64100000001
81795,43204.643000000004
81796,42153.651
81797,42308.654
81798,41257.658
81799,40945.647000000004
81800,41434.64400000001
81801,40380.67300000001
81802,42029.67300000001
81803,40833.676000000014
81804,40806.672000000006
81805,41035.66800000001
81806,41551.66500000001
81807,40166.66800000001
81808,40720.66400000001
81809,40699.666000000005
81810,41056.67000000002
81811,41557.67300000001
81812,40997.678000000014
81813,41997.685000000005
81814,41612.67500000001
81815,41846.66800000002
81816,42274.68100000001
81817,43344.66300000002
81818,44774.66300000002
81819,49968.663000000015
81820,49227.65700000002
81821,48485.66400000002
81822,48422.659000000014
81823,49124.66400000002
81824,49444.65400000002
81825,49080.65400000001
81826,47978.65500000001
81827,48058.65500000001
81828,46108.65000000002
81829,45978.64700000001
81830,45895.63700000002
81831,44986.63600000002
81832,46174.63100000001
81833,44906.63100000002
81834,44788.633000000016
81835,44670.64200000002
81836,45510.64400000002
81837,45120.64300000001
81838,45463.64100000001
81839,44601.65200000002
81840,40298.65600000002
81841,41337.65200000002
81842,41178.650000000016
81843,41640.659000000014
81844,41200.65000000002
81845,41008.65400000002
81846,41344.65200000002
81847,41818.64900000002
81848,43274.63700000001
81849,43067.63600000001
81850,42735.63200000001
81851,42288.63000000002
81852,41809.63500000001
81853,42023.62800000001
81854,42474.62900000001
81855,40859.64100000001
81856,39546.63200000001
81857,39096.636000000006
81858,36878.635
81859,36677.634
81860,35814.624
81861,35419.616
81862,35038.609000000004
81863,33554.60900000002
81864,33755.606000000014
81865,33991.606000000014
81866,34705.600000000006
81867,34712.60400000001
81868,35075.604999999996
81869,34529.60400000001
81870,34980.60300000001
81871,34963.60500000002
81872,36202.604000000014
81873,37228.60700000001
81874,36445.60700000001
81875,35808.60600000001
81876,36438.59500000001
81877,36924.590000000004
81878,37420.59500000001
81879,37149.600000000006
81880,37905.59300000001
81881,36942.59700000001
81882,36410.59100000001
81883,37264.59900000001
81884,37836.60500000002
81885,37613.60300000001
81886,36094.60300000001
81887,36229.59300000001
81888,34502.58900000001
81889,34341.591
81890,32873.59100000002
81891,33421.58400000002
81892,33791.58200000001
81893,32010.580000000024
81894,31931.57500000002
81895,31696.57600000002
81896,31649.576000000023
81897,32044.56600000002
81898,31892.565000000024
81899,31280.56900000002
81900,31804.56900000002
81901,31964.57300000002
81902,32729.566000000017
81903,33602.56100000001
81904,32149.566000000017
81905,31704.56500000002
81906,32504.563000000016
81907,32549.55400000002
81908,33100.547000000006
81909,33034.55100000001
81910,33532.545
81911,32301.540000000015
81912,30743.540000000015
81913,32128.538000000015
81914,32516.54100000002
81915,32753.53600000002
81916,31913.531000000017
81917,32269.52900000002
81918,31917.53900000002
81919,32033.524000000016
81920,30722.530000000017
81921,31718.52300000002
81922,32320.511000000017
81923,30285.506000000016
81924,30657.490000000016
81925,30592.487000000016
81926,30951.489000000016
81927,31346.487000000016
81928,30523.48400000002
81929,30542.483000000015
81930,30890.489000000016
81931,31517.48600000002
81932,31083.490000000016
81933,31101.50200000002
81934,30416.498000000018
81935,29377.498000000014
81936,30855.495000000017
81937,30369.492000000017
81938,30404.485000000015
81939,30197.48500000002
81940,30449.486000000015
81941,30127.48400000002
81942,29620.483000000015
81943,30528.485000000015
81944,30642.480000000014
81945,31718.468000000015
81946,29387.462000000014
81947,30070.461000000018
81948,29705.464000000014
81949,29548.459000000017
81950,28923.464000000018
81951,28483.463000000018
81952,28645.467000000015
81953,27058.473000000016
81954,26422.474000000017
81955,26390.470000000016
81956,26218.477000000014
81957,25796.483000000015
81958,25779.486000000015
81959,25548.48100000001
81960,25600.474000000013
81961,25888.468000000015
81962,25917.46100000001
81963,25508.45900000001
81964,25349.46800000001
81965,24736.46300000001
81966,26677.45900000001
81967,25886.46500000001
81968,25350.47100000001
81969,25440.46900000001
81970,25862.47400000001
81971,24450.479000000007
81972,24427.47400000001
81973,25979.468000000008
81974,26907.45700000001
81975,27229.44900000001
81976,24924.44600000001
81977,25056.44700000001
81978,24545.446000000014
81979,24223.445000000014
81980,24014.442000000014
81981,23677.44500000001
81982,24080.437000000013
81983,22494.44400000001
81984,21308.448000000008
81985,21396.45200000001
81986,21606.454000000005
81987,22966.430000000008
81988,24013.424000000006
81989,24006.424000000006
81990,23758.430000000004
81991,24306.439000000006
81992,24110.43500000001
81993,24971.43600000001
81994,25423.437000000005
81995,24084.432000000004
81996,24736.436000000005
81997,24263.426000000003
81998,23570.42100000001
81999,23459.423000000006
82000,24048.421000000006
82001,23161.418000000005
82002,22220.421000000006
82003,22712.424000000006
82004,23049.422000000006
82005,23358.419000000005
82006,23190.422000000002
82007,22781.426000000003
82008,21647.424000000003
82009,21735.409000000003
82010,22265.406000000003
82011,21519.410000000003
82012,22347.403000000006
82013,21362.398000000005
82014,19725.395000000004
82015,20140.401
82016,18921.404000000006
82017,19379.404000000002
82018,20723.405000000002
82019,20040.401
82020,20263.403000000002
82021,20813.401
82022,20666.409
82023,21977.41
82024,23197.402000000002
82025,21193.411
82026,21742.414000000004
82027,21041.412
82028,19740.405
82029,20272.409
82030,19838.41
82031,19968.411
82032,19327.409000000003
82033,19332.408
82034,18566.408000000003
82035,18144.412
82036,19076.408
82037,18835.405000000002
82038,18286.399
82039,17574.39
82040,18852.386000000002
82041,17372.39
82042,18308.387000000002
82043,17971.382000000005
82044,17736.380000000005
82045,19196.375000000004
82046,18249.372000000003
82047,18120.373000000003
82048,20077.361
82049,20754.357
82050,20664.339999999997
82051,20302.340999999997
82052,20222.35
82053,19514.357
82054,19778.361
82055,17900.376000000004
82056,17641.380000000005
82057,17503.376000000007
82058,16146.371000000003
82059,15577.379000000004
82060,14134.395000000006
82061,14531.394000000006
82062,13800.389000000006
82063,13105.395000000008
82064,11871.39900000001
82065,11820.40300000001
82066,11255.41300000001
82067,11353.414000000013
82068,11211.416000000014
82069,9684.430000000013
82070,11842.437000000016
82071,11545.441000000017
82072,11038.454000000016
82073,10264.46900000002
82074,10204.47300000002
82075,9724.480000000018
82076,7906.504000000017
82077,5852.520000000015
82078,4569.551000000016
82079,1806.5969999999975
82080,1848.4329999999957
82081,2913.424000000013
82082,4540.41000000002
82083,4888.405000000018
82084,6126.402000000018
82085,7233.396000000021
82086,8163.399000000021
82087,9916.384000000022
82088,11043.37700000002
82089,12093.378000000022
82090,14722.374000000022
82091,14402.372000000021
82092,13708.368000000017
82093,14818.364000000014
82094,14491.361000000012
82095,14588.36200000001
82096,14378.362000000012
82097,13421.356000000009
82098,13546.353000000008
82099,13314.355000000005
82100,10979.356000000003
82101,12124.349000000004
82102,13001.347000000002
82103,13316.348000000002
82104,14595.340000000002
82105,15093.333
82106,15288.327000000001
82107,17028.326
82108,16938.321999999996
82109,18169.313
82110,17931.319
82111,16911.323
82112,18134.323999999997
82113,18222.316
82114,18328.319
82115,19058.320999999996
82116,20128.323999999997
82117,21245.324999999997
82118,21620.327999999998
82119,21092.319
82120,21835.309999999998
82121,21193.307999999997
82122,19118.307999999997
82123,19758.309999999998
82124,18603.309999999998
82125,18118.311
82126,17003.31
82127,14953.305
82128,14853.312000000002
82129,15213.310000000001
82130,15036.303000000004
82131,14336.304000000004
82132,15643.296000000004
82133,15045.293000000003
82134,15830.292000000003
82135,15515.299000000005
82136,16035.291000000005
82137,16893.286000000007
82138,15758.278000000004
82139,15759.273000000005
82140,14714.275000000007
82141,15294.273000000007
82142,14676.278000000006
82143,15461.270000000008
82144,14514.268000000007
82145,15734.260000000006
82146,16044.258000000007
82147,15801.263000000008
82148,16419.254000000004
82149,16639.244000000006
82150,17414.243000000006
82151,17401.239000000005
82152,16291.237000000006
82153,16436.236000000008
82154,17359.229000000007
82155,17921.221000000005
82156,17941.209000000003
82157,17378.200000000004
82158,17191.197000000004
82159,16156.200000000006
82160,16153.191000000006
82161,15378.188000000006
82162,16913.185000000005
82163,16513.186000000005
82164,16103.188000000004
82165,15313.192000000006
82166,15498.194000000005
82167,15871.198000000006
82168,15291.198000000006
82169,15139.197000000006
82170,14544.196000000007
82171,14544.197000000007
82172,13774.197000000007
82173,14166.197000000006
82174,14181.194000000005
82175,15759.193000000005
82176,15749.199000000006
82177,16301.206000000007
82178,16516.207000000006
82179,17271.210000000006
82180,17251.213000000007
82181,18651.210000000006
82182,18653.211000000007
82183,19458.208000000006
82184,19205.217000000008
82185,18496.211000000007
82186,18296.212000000003
82187,17896.213000000007
82188,17271.21900000001
82189,16704.217000000008
82190,15916.224000000007
82191,15501.229000000008
82192,17031.22900000001
82193,16056.231000000009
82194,16664.229000000007
82195,16859.229000000007
82196,16659.228000000006
82197,16279.228000000006
82198,16094.22600000001
82199,15714.22400000001
82200,15534.223000000009
82201,15169.219000000008
82202,14546.222000000009
82203,14566.220000000008
82204,14971.217000000006
82205,16134.216000000006
82206,16552.212000000007
82207,17132.213000000007
82208,16932.214000000007
82209,17127.217000000008
82210,17717.216000000004
82211,17902.217000000004
82212,18707.214000000004
82213,20274.213000000003
82214,20249.215000000004
82215,19636.216000000004
82216,19064.215000000004
82217,18484.214000000004
82218,18694.212000000003
82219,18099.214000000004
82220,17124.211000000003
82221,17109.213000000003
82222,17676.215000000004
82223,16294.219000000005
82224,16339.215000000004
82225,17144.213000000003
82226,17549.210000000003
82227,17574.205
82228,16802.204
82229,16019.203000000003
82230,16229.200000000004
82231,16249.196000000004
82232,16414.199
82233,16404.200000000004
82234,16374.204000000003
82235,16541.208000000006
82236,17169.204000000005
82237,17564.203
82238,17356.204
82239,17741.207000000002
82240,18919.205
82241,19549.2
82242,20932.198
82243,21899.198
82244,21679.203
82245,21674.204
82246,21707.202
82247,20562.203
82248,20797.198
82249,20982.196
82250,19827.194
82251,19242.196
82252,19262.194
82253,19072.196000000004
82254,18892.194000000003
82255,19462.197000000004
82256,19307.192000000003
82257,19512.190000000002
82258,18889.194000000003
82259,18283.195000000003
82260,17919.192000000003
82261,17144.193000000003
82262,17324.193000000003
82263,17304.196000000004
82264,18461.196000000004
82265,18464.195
82266,19212.197
82267,18227.201
82268,18197.202
82269,18817.2
82270,20174.202
82271,20787.199
82272,21397.198000000004
82273,22032.194000000003
82274,21427.195000000003
82275,21214.197000000004
82276,22197.196
82277,22206.192000000003
82278,22176.194000000003
82279,21391.193000000003
82280,19996.195000000003
82281,19973.197000000004
82282,20001.192000000003
82283,21321.191000000003
82284,20336.189000000002
82285,20546.185
82286,19421.183
82287,19421.183
82288,18991.185000000005
82289,18013.186000000005
82290,17973.189000000006
82291,16648.184000000005
82292,18228.181000000004
82293,18403.183
82294,19778.182
82295,19550.186000000005
82296,20156.181000000004
82297,18769.184000000005
82298,18999.179000000004
82299,20362.180000000004
82300,21532.178000000004
82301,21687.182000000004
82302,22482.179000000004
82303,23067.180000000004
82304,23892.176000000003
82305,24457.179000000004
82306,25007.182000000004
82307,24992.182000000004
82308,24004.183000000005
82309,23209.185000000005
82310,21791.188000000006
82311,22974.187000000005
82312,23174.182
82313,24344.18
82314,23141.182
82315,22969.181
82316,22584.178
82317,21581.179
82318,21404.178
82319,20287.175000000003
82320,20269.176
82321,18289.179000000004
82322,18276.176000000003
82323,17886.179000000004
82324,18866.179
82325,18308.181000000004
82326,18356.179000000004
82327,17584.180000000004
82328,17184.180000000004
82329,18562.182
82330,19514.181
82331,19929.179
82332,21124.179
82333,21127.181
82334,22285.182
82335,23315.182
82336,23899.185
82337,23658.191000000003
82338,23845.191000000003
82339,23656.196000000004
82340,22676.198000000004
82341,23669.198000000004
82342,23705.196000000004
82343,24696.196000000004
82344,23291.203000000005
82345,24089.198000000004
82346,24274.197000000004
82347,24286.197000000004
82348,24305.191000000003
82349,22340.193000000003
82350,22364.188000000002
82351,21050.187
82352,21615.189000000002
82353,20846.191000000003
82354,21491.186
82355,20911.187
82356,20906.190000000002
82357,19951.193000000003
82358,19985.193000000003
82359,21171.193000000003
82360,21745.199000000004
82361,22129.205000000005
82362,22729.207000000006
82363,21982.206000000006
82364,23180.205000000005
82365,23795.208000000006
82366,24370.214000000007
82367,23769.21900000001
82368,24003.212000000007
82369,24815.210000000006
82370,24281.209000000006
82371,24707.211000000007
82372,25720.204000000005
82373,27092.203000000005
82374,26915.208000000006
82375,27510.210000000006
82376,27833.205000000005
82377,27694.199000000004
82378,27504.195000000003
82379,25612.193000000007
82380,25659.189000000006
82381,23890.189000000002
82382,25502.188000000002
82383,25311.188000000002
82384,25125.191000000003
82385,24875.196000000004
82386,24847.199000000004
82387,23357.198000000004
82388,23762.194000000003
82389,24174.193000000003
82390,24284.201000000005
82391,24450.203000000005
82392,24900.198000000004
82393,24882.199000000004
82394,25950.194000000003
82395,26257.191000000003
82396,26010.186
82397,25651.186000000005
82398,25401.196
82399,26750.195
82400,25791.196
82401,26212.194
82402,26973.199
82403,27393.198
82404,26625.198
82405,27424.197000000004
82406,28083.201
82407,28378.203
82408,28219.202
82409,26831.201
82410,26487.202
82411,25569.199000000004
82412,26962.2
82413,26175.202
82414,26211.204
82415,26401.203
82416,26430.201
82417,25780.202
82418,25763.204
82419,25588.207000000002
82420,26354.205
82421,25811.205
82422,25426.201
82423,25870.198
82424,26504.193
82425,27049.194
82426,26459.194
82427,25720.196
82428,26320.198
82429,27943.195
82430,26803.189000000002
82431,27780.186
82432,26955.194000000003
82433,27156.200000000004
82434,26598.199000000004
82435,27439.198000000004
82436,28775.206000000002
82437,29554.213000000003
82438,28851.207000000002
82439,27046.212000000003
82440,26086.214000000004
82441,25760.209000000006
82442,26281.214000000004
82443,26159.209000000006
82444,26193.208000000006
82445,26155.209000000006
82446,25828.208000000006
82447,25609.204000000005
82448,25178.207000000006
82449,25544.215000000007
82450,26517.214000000007
82451,26353.213000000007
82452,26244.213000000007
82453,26820.218000000004
82454,27266.221000000005
82455,27875.220000000005
82456,26696.225000000006
82457,26671.226000000006
82458,26519.225000000006
82459,27961.221000000005
82460,26742.218000000004
82461,28297.220000000005
82462,28115.228000000003
82463,28642.234000000004
82464,27534.236000000004
82465,27917.241000000005
82466,29339.243000000002
82467,29311.251000000004
82468,27967.253000000008
82469,27812.252000000008
82470,27613.251000000004
82471,26805.254000000004
82472,27163.255000000005
82473,27442.254000000004
82474,27658.255000000005
82475,28280.252000000004
82476,28173.255000000005
82477,28128.258000000005
82478,28563.254000000004
82479,29193.254000000004
82480,29404.257000000005
82481,29381.255000000005
82482,28987.260000000006
82483,28629.257000000005
82484,28532.253000000004
82485,29408.250000000004
82486,28802.258000000005
82487,29204.265000000003
82488,29472.261000000006
82489,30188.264000000006
82490,29849.266000000003
82491,30598.274000000005
82492,30434.274000000005
82493,30462.275000000005
82494,29115.271000000004
82495,29707.274000000005
82496,29773.266000000003
82497,30801.264000000003
82498,29799.270000000004
82499,29402.270000000004
82500,29429.277000000006
82501,28396.277000000006
82502,28950.273000000005
82503,28949.271000000004
82504,28976.270000000004
82505,28109.274000000005
82506,28727.269000000004
82507,27850.272000000004
82508,27820.272000000004
82509,27801.262000000006
82510,28376.255000000005
82511,28413.247000000007
82512,28475.243000000006
82513,27507.251000000004
82514,27712.248000000007
82515,28417.237000000005
82516,28442.244000000002
82517,34171.23300000001
82518,35396.23
82519,37238.235
82520,36309.232
82521,37500.228
82522,37396.235
82523,37001.23000000001
82524,36054.22900000001
82525,37368.227000000006
82526,36187.23000000001
82527,35973.23100000001
82528,36105.227000000006
82529,36105.224
82530,36262.22
82531,35579.204000000005
82532,35550.202000000005
82533,36339.19300000001
82534,30693.184000000005
82535,29820.194000000007
82536,30752.186000000005
82537,29714.185000000005
82538,30138.176000000007
82539,30634.171000000006
82540,31684.163000000008
82541,31508.160000000007
82542,31745.157000000007
82543,30639.150000000005
82544,31124.140000000003
82545,30573.135000000006
82546,30920.132000000005
82547,31517.132000000005
82548,32283.130000000005
82549,33159.128000000004
82550,31798.124000000003
82551,33541.121999999996
82552,33135.116
82553,33075.115
82554,31469.119000000002
82555,31713.120000000006
82556,31151.121000000006
82557,32395.116000000005
82558,32155.120000000003
82559,32344.117000000002
82560,32861.118
82561,32317.111000000004
82562,33037.11
82563,33049.106
82564,34161.106
82565,34145.105
82566,34305.108
82567,33379.104
82568,33282.106
82569,33248.108
82570,33330.115000000005
82571,33499.117000000006
82572,32971.115000000005
82573,32228.111000000004
82574,32689.116000000005
82575,32060.116000000005
82576,32090.111000000004
82577,32201.115000000005
82578,32695.119000000002
82579,32942.116
82580,32182.110000000004
82581,32556.111000000004
82582,32171.106000000003
82583,31978.104000000007
82584,30559.097000000005
82585,31288.097000000005
82586,31023.098000000005
82587,31752.097000000005
82588,31339.093000000004
82589,31908.088000000003
82590,32691.090000000004
82591,31846.090000000004
82592,31859.091000000004
82593,31248.091000000004
82594,32234.085000000006
82595,31560.091000000004
82596,31780.091000000004
82597,31099.088000000007
82598,31097.088000000007
82599,30707.087000000007
82600,30995.083000000006
82601,31950.087000000007
82602,31365.086000000007
82603,31358.087000000007
82604,31796.085000000006
82605,31636.082000000006
82606,31590.084000000006
82607,31376.081000000006
82608,32667.074000000004
82609,33041.075000000004
82610,32691.070000000003
82611,32686.070000000003
82612,32800.07
82613,32570.073000000004
82614,31435.070000000003
82615,31995.067000000003
82616,31783.067000000003
82617,32163.066000000006
82618,32377.064000000006
82619,32955.061
82620,33800.057
82621,32495.053000000007
82622,33920.05100000001
82623,34160.047000000006
82624,34380.048
82625,34395.05
82626,34845.048
82627,34515.047
82628,34355.045
82629,34325.047
82630,33175.05
82631,34155.049999999996
82632,31965.054000000007
82633,32550.055000000008
82634,32535.05900000001
82635,31580.06000000001
82636,30990.06100000001
82637,30625.06100000001
82638,31220.05900000001
82639,31480.056000000008
82640,31055.05900000001
82641,32100.053000000007
82642,31700.055000000008
82643,30530.056000000008
82644,29510.055000000008
82645,30325.053000000007
82646,29935.053000000007
82647,30540.055000000004
82648,31125.056000000004
82649,31940.054000000007
82650,32525.057000000004
82651,31080.063000000006
82652,32190.065000000006
82653,32870.062000000005
82654,33455.062000000005
82655,33655.062000000005
82656,34265.062000000005
82657,33920.058000000005
82658,33810.05700000001
82659,33655.05500000001
82660,33055.058000000005
82661,34040.056000000004
82662,31680.06000000001
82663,32470.059000000005
82664,33060.058000000005
82665,32255.06000000001
82666,31990.06400000001
82667,31820.06400000001
82668,32185.06400000001
82669,32375.06500000001
82670,31580.06900000001
82671,38295.065
82672,38850.06700000001
82673,37775.06400000001
82674,37085.062000000005
82675,37860.06300000001
82676,37370.06000000001
82677,37695.06300000001
82678,31640.06300000001
82679,31850.06000000001
82680,32700.056000000008
82681,32315.056000000008
82682,33065.05700000001
82683,34045.056000000004
82684,34095.05500000001
82685,34065.056000000004
82686,34215.060000000005
82687,34205.062000000005
82688,34475.057
82689,34655.060000000005
82690,35585.060000000005
82691,35025.061
82692,33455.06300000001
82693,33420.06500000001
82694,33875.062000000005
82695,32565.06100000001
82696,32050.057000000008
82697,32030.057000000008
82698,32980.05700000001
82699,33780.05300000001
82700,33350.056000000004
82701,32990.05700000001
82702,33575.056000000004
82703,32700.051000000007
82704,32180.048000000006
82705,32560.051000000007
82706,33223.05
82707,33588.05100000001
82708,33388.05300000001
82709,33338.05300000001
82710,33058.05300000001
82711,32953.05
82712,33668.054000000004
82713,34623.054000000004
82714,34063.054000000004
82715,34678.05300000001
82716,34558.05700000001
82717,34353.05900000001
82718,34668.05900000001
82719,34883.060000000005
82720,35858.060000000005
82721,35048.06100000001
82722,34378.06300000001
82723,33213.06700000001
82724,34003.066000000006
82725,32828.06800000001
82726,32343.06300000001
82727,32163.06600000001
82728,33313.066000000006
82729,33143.066000000006
82730,32873.066000000006
82731,34333.06200000001
82732,34303.06300000001
82733,33693.063
82734,33163.064000000006
82735,33978.062000000005
82736,34413.06300000001
82737,34608.064000000006
82738,33908.06300000001
82739,33813.05900000001
82740,34013.058000000005
82741,33593.05900000001
82742,33623.05900000001
82743,34603.05900000001
82744,33643.062000000005
82745,33583.06500000001
82746,34203.064000000006
82747,33713.06900000001
82748,33943.06800000001
82749,35113.06800000001
82750,36073.066000000006
82751,35095.067
82752,34370.066000000006
82753,33880.062000000005
82754,33450.066000000006
82755,33465.064000000006
82756,32915.062000000005
82757,33210.058000000005
82758,33430.05900000001
82759,34635.05500000001
82760,33650.05700000001
82761,34625.058000000005
82762,34255.05900000001
82763,34285.058000000005
82764,34385.054000000004
82765,34590.05300000001
82766,34595.052
82767,35540.054000000004
82768,35345.054000000004
82769,34860.049000000006
82770,34520.049000000006
82771,34295.049000000006
82772,34055.05300000001
82773,35345.049
82774,35773.046
82775,36163.046
82776,36893.047000000006
82777,36243.05
82778,36218.052
82779,37673.049
82780,38196.051
82781,37421.051
82782,37676.049
82783,35591.051
82784,34831.05500000001
82785,34641.05400000001
82786,34646.054000000004
82787,34256.05500000001
82788,34766.056000000004
82789,34341.058000000005
82790,34726.05900000001
82791,35251.063
82792,35376.058000000005
82793,35096.06100000001
82794,33771.062000000005
82795,34373.064000000006
82796,33813.064000000006
82797,34613.06500000001
82798,34525.06900000001
82799,34315.06800000001
82800,33995.064000000006
82801,33245.06300000001
82802,33725.06300000001
82803,34300.06500000001
82804,35165.063
82805,35765.06
82806,35925.062999999995
82807,35745.064
82808,36400.061
82809,37280.064999999995
82810,37925.062999999995
82811,37740.060999999994
82812,36735.062
82813,35600.06
82814,35380.061
82815,34870.056000000004
82816,34920.05700000001
82817,34205.056000000004
82818,34265.054000000004
82819,33810.05700000001
82820,33755.05900000001
82821,35285.06
82822,36590.058000000005
82823,36700.062
82824,35645.059
82825,36040.062999999995
82826,35655.062
82827,36805.060999999994
82828,36475.058999999994
82829,36515.056
82830,36275.055
82831,35910.051
82832,36470.053
82833,37625.050999999985
82834,37950.05399999999
82835,37495.056999999986
82836,38080.05699999999
82837,37560.058
82838,38005.05699999999
82839,38365.05299999999
82840,38580.05299999999
82841,37375.05499999999
82842,35820.054000000004
82843,35040.053
82844,35595.054000000004
82845,34780.056000000004
82846,34135.05900000001
82847,33320.06100000001
82848,32450.06200000001
82849,32400.06200000001
82850,32620.06200000001
82851,34735.06300000001
82852,35880.062000000005
82853,35190.05900000001
82854,34700.064000000006
82855,34560.06300000001
82856,34175.062000000005
82857,34930.062000000005
82858,34375.061
82859,34965.060000000005
82860,34130.06100000001
82861,32670.06500000001
82862,33190.06800000001
82863,34055.066000000006
82864,33880.06700000001
82865,34605.06800000001
82866,35935.061
82867,36135.06
82868,36330.06
82869,36530.059
82870,37435.063
82871,37330.06
82872,35575.06
82873,34925.062999999995
82874,35090.064
82875,34820.06
82876,34695.057
82877,34030.06300000001
82878,34405.061
82879,33960.06300000001
82880,33320.06900000001
82881,34665.067
82882,35130.071
82883,34535.073000000004
82884,34735.073000000004
82885,34570.073000000004
82886,33430.08100000001
82887,33695.07700000001
82888,34115.076000000015
82889,34905.07400000001
82890,34815.069
82891,34065.068000000014
82892,34825.067
82893,35215.06800000001
82894,34915.066000000006
82895,35089.067
82896,35799.063
82897,36395.064
82898,36611.063
82899,36636.063
82900,37581.065
82901,37776.065
82902,37196.066
82903,37006.066
82904,36406.068999999996
82905,35486.068
82906,35261.068999999996
82907,34438.075000000004
82908,34023.075000000004
82909,33443.07400000001
82910,33053.075000000004
82911,33358.077000000005
82912,33352.07600000001
82913,32992.075000000004
82914,33052.073000000004
82915,34247.073000000004
82916,33402.077000000005
82917,33326.07000000001
82918,33421.075000000004
82919,34211.073000000004
82920,33621.07400000001
82921,32696.07600000001
82922,33931.073000000004
82923,35286.071
82924,35471.069
82925,35311.067
82926,35723.068
82927,37673.069
82928,38353.066
82929,38513.068
82930,39295.068
82931,39504.066999999995
82932,38299.069
82933,38079.069
82934,38009.074
82935,37248.073000000004
82936,37296.074
82937,36318.075000000004
82938,36013.07400000001
82939,35278.07400000001
82940,35127.072
82941,36472.072
82942,36242.07400000001
82943,34836.075000000004
82944,33797.081000000006
82945,34946.084
82946,33706.09000000001
82947,33003.08600000001
82948,33208.08400000001
82949,33733.08500000001
82950,32688.08600000001
82951,30930.08700000001
82952,31289.09000000001
82953,32714.09000000001
82954,32629.09200000001
82955,32544.08900000001
82956,32954.09200000001
82957,34641.099
82958,35371.102000000006
82959,35796.10600000001
82960,37122.111000000004
82961,37097.108
82962,36017.107
82963,35502.10500000001
82964,36047.11
82965,41024.109
82966,41053.109
82967,40579.108
82968,42196.1
82969,42217.096
82970,42375.1
82971,43941.102
82972,43755.102
82973,43647.105
82974,43271.106
82975,43468.106
82976,42683.10800000001
82977,41258.112
82978,41318.115000000005
82979,42168.12300000001
82980,40733.132000000005
82981,39569.138000000006
82982,40773.14000000001
82983,41692.14200000001
82984,40852.147000000004
82985,40797.147000000004
82986,41178.151000000005
82987,42418.153000000006
82988,41698.15600000001
82989,41391.15700000001
82990,42203.157999999996
82991,42468.156
82992,40633.16700000001
82993,39387.17100000001
82994,40522.17100000001
82995,40004.17000000001
82996,40600.167
82997,40531.167
82998,40606.167
82999,40336.170000000006
83000,40783.167
83001,41716.17
83002,41510.174
83003,42048.174999999996
83004,41094.18
83005,41634.186
83006,41760.189999999995
83007,41781.19099999999
83008,42813.189999999995
83009,43780.185999999994
83010,43205.183
83011,42140.187999999995
83012,43768.186
83013,44299.191
83014,43619.191999999995
83015,43234.195999999996
83016,42614.193999999996
83017,37860.195
83018,37522.202
83019,38063.201
83020,38892.206
83021,39088.21399999999
83022,37943.215
83023,35900.22
83024,37246.21799999999
83025,35945.219
83026,36834.221
83027,37122.218
83028,37007.219
83029,37098.22000000001
83030,37694.227000000006
83031,38029.227000000006
83032,37144.234000000004
83033,37874.23600000001
83034,37354.23500000001
83035,37803.23200000001
83036,37644.23300000001
83037,36418.238000000005
83038,37063.242000000006
83039,37133.243
83040,35910.23900000001
83041,35084.240000000005
83042,36898.244000000006
83043,37933.243
83044,36869.24900000001
83045,37046.255000000005
83046,37003.251000000004
83047,37833.249
83048,37850.251000000004
83049,37707.259000000005
83050,39411.26000000001
83051,39213.266
83052,37918.267
83053,36757.26699999999
83054,38048.26299999999
83055,37900.263999999996
83056,39180.263999999996
83057,39650.269
83058,40237.271
83059,39761.272999999994
83060,38606.278999999995
83061,38163.286
83062,38072.288
83063,38341.289
83064,38234.289000000004
83065,37913.289
83066,37430.297
83067,36651.296
83068,37522.297
83069,37947.3
83070,37647.3
83071,37672.296
83072,38382.298
83073,38893.30300000001
83074,38229.298
83075,43693.295000000006
83076,43114.29800000001
83077,44097.30300000001
83078,43875.297000000006
83079,43995.30000000001
83080,45360.302
83081,45500.310000000005
83082,45295.30800000001
83083,44845.30700000001
83084,46187.30100000001
83085,46894.307
83086,48448.310000000005
83087,43401.312999999995
83088,43673.312999999995
83089,43018.319
83090,41649.32200000001
83091,41149.315
83092,40646.322
83093,40739.33
83094,40939.334
83095,41127.337999999996
83096,40713.343
83097,39278.346000000005
83098,40340.348000000005
83099,40766.351
83100,41341.35100000001
83101,40961.35600000001
83102,41594.35300000001
83103,41493.359000000004
83104,40277.36100000001
83105,39556.36700000001
83106,38675.369000000006
83107,39492.372
83108,39116.376000000004
83109,39380.37500000001
83110,40249.381000000016
83111,41059.38500000002
83112,40734.39300000002
83113,39965.40400000002
83114,40695.400000000016
83115,41432.39900000001
83116,42689.39900000001
83117,43321.40200000001
83118,43765.40000000001
83119,44695.39700000001
83120,43625.40100000001
83121,42917.406
83122,41850.42100000001
83123,41683.426000000014
83124,41725.434000000016
83125,41781.43500000001
83126,41817.43400000001
83127,40859.43100000001
83128,41728.43100000001
83129,42000.43400000001
83130,41797.443000000014
83131,41021.45600000001
83132,41628.46000000001
83133,40982.46100000002
83134,39768.464000000014
83135,39495.46200000001
83136,39172.45700000002
83137,40011.461
83138,39489.46200000001
83139,38828.469
83140,40168.473999999995
83141,40772.477
83142,40599.47700000001
83143,39814.48200000001
83144,41234.47500000001
83145,42062.48300000001
83146,43402.48200000001
83147,42491.493
83148,42461.49500000001
83149,42490.49700000001
83150,41641.498000000014
83151,41912.49000000001
83152,41176.504000000015
83153,42588.49700000001
83154,43005.504000000015
83155,42935.50700000001
83156,42641.50700000001
83157,42487.50400000001
83158,42910.50600000001
83159,42932.50300000002
83160,42794.50900000001
83161,41795.515000000014
83162,41729.52800000001
83163,42109.52400000002
83164,40512.52500000002
83165,40169.53400000002
83166,39844.53300000001
83167,40541.547000000006
83168,40333.547000000006
83169,40353.55500000001
83170,41387.55200000001
83171,42076.55500000001
83172,41239.56000000001
83173,40196.55800000001
83174,41511.560000000005
83175,41638.566000000006
83176,41834.576000000015
83177,42081.56800000002
83178,42430.574000000015
83179,42840.57700000001
83180,42155.58300000002
83181,42049.59100000001
83182,43006.58400000001
83183,43602.58900000001
83184,43651.60300000001
83185,43721.612
83186,43327.61400000001
83187,42857.61000000001
83188,43562.60600000001
83189,43540.61400000001
83190,43879.612
83191,43161.617
83192,43398.614
83193,43236.617000000006
83194,41859.61200000001
83195,40435.627000000015
83196,40272.63100000001
83197,40374.640000000014
83198,40671.64100000001
83199,40290.64100000001
83200,41147.638000000006
83201,42196.63500000001
83202,40904.63400000001
83203,40381.63
83204,40741.643
83205,41149.640999999996
83206,41830.639
83207,42298.64000000001
83208,42503.62700000002
83209,42278.633000000016
83210,41560.625000000015
83211,41579.623000000014
83212,42623.63200000001
83213,43066.61700000002
83214,44030.60700000002
83215,43948.60800000003
83216,43103.61000000002
83217,42507.612000000016
83218,43205.606000000014
83219,42732.61700000001
83220,42521.623000000014
83221,41887.62900000001
83222,43021.630000000005
83223,42926.633
83224,42926.632000000005
83225,42770.630000000005
83226,42656.62200000001
83227,42553.631000000016
83228,42901.62600000001
83229,43190.62200000001
83230,43310.62000000001
83231,44118.61000000001
83232,42034.61
83233,40591.61000000001
83234,40096.61300000001
83235,40018.615000000005
83236,39882.618
83237,39463.62300000002
83238,39595.61500000002
83239,39654.60300000002
83240,39706.60500000002
83241,39677.604000000014
83242,40002.61300000001
83243,40653.615000000005
83244,40781.619000000006
83245,40654.61700000002
83246,40575.625000000015
83247,39977.631000000016
83248,40005.63200000001
83249,40665.62900000001
83250,40256.633000000016
83251,40366.63000000002
83252,41480.61900000001
83253,41707.613000000005
83254,41622.60300000001
83255,41921.601
83256,42004.60100000001
83257,42726.598000000005
83258,43325.591000000015
83259,42815.610000000015
83260,43012.610000000015
83261,44319.60500000002
83262,43731.60500000001
83263,42771.60700000001
83264,43360.60300000001
83265,43729.60000000001
83266,42485.607
83267,41957.604000000014
83268,42217.60300000001
83269,42217.601
83270,43252.602000000006
83271,42714.593000000015
83272,43109.60000000002
83273,43677.59200000002
83274,43305.60000000002
83275,43568.59200000002
83276,42362.590000000004
83277,42616.589000000014
83278,42548.58800000002
83279,42669.58900000002
83280,41346.59500000002
83281,40653.58800000002
83282,40150.597000000016
83283,40456.606000000014
83284,41292.597000000016
83285,40888.591000000015
83286,41477.59200000002
83287,41718.59500000002
83288,41527.589000000014
83289,40653.59400000001
83290,40041.59800000001
83291,41242.59200000001
83292,41119.59200000001
83293,39220.596000000005
83294,38774.59700000001
83295,38765.59900000001
83296,39043.602000000006
83297,38305.60600000001
83298,38093.607
83299,37650.59900000001
83300,38274.600000000006
83301,37758.60100000002
83302,37679.59600000001
83303,38322.593000000015
83304,37779.590000000004
83305,38633.58600000001
83306,38363.58900000001
83307,37514.596000000005
83308,37791.59100000001
83309,37204.59300000001
83310,36104.58400000001
83311,35890.58000000001
83312,35321.581000000006
83313,35565.58200000001
83314,35896.592000000004
83315,34938.59100000001
83316,34301.583
83317,35623.571
83318,34922.571
83319,35093.571
83320,35630.574
83321,35231.582
83322,35269.564000000006
83323,33659.57100000001
83324,33074.568000000014
83325,32832.570000000014
83326,33664.56900000001
83327,33396.56200000001
83328,33604.55100000001
83329,32979.55800000001
83330,32875.56600000001
83331,32775.56600000002
83332,34100.564000000006
83333,35030.573000000004
83334,34655.569
83335,35047.573
83336,34487.566999999995
83337,33693.566
83338,33848.56
83339,34477.558
83340,33264.560000000005
83341,32719.57000000002
83342,31990.56800000002
83343,32445.563000000013
83344,32496.563000000016
83345,32028.55700000002
83346,30947.555000000015
83347,31978.55500000002
83348,31582.549000000017
83349,31952.538000000022
83350,32570.52500000002
83351,33004.517000000014
83352,32712.516000000018
83353,30706.517000000018
83354,30115.51900000002
83355,30079.51800000002
83356,30801.50700000002
83357,30186.50600000002
83358,30199.50500000002
83359,29315.505000000016
83360,28912.506000000016
83361,27684.497000000014
83362,28078.50100000002
83363,28945.492000000017
83364,30019.489000000016
83365,30086.48400000002
83366,30547.492000000017
83367,29855.496000000017
83368,30863.492000000017
83369,30558.491000000016
83370,30109.491000000016
83371,30114.495000000017
83372,30204.495000000017
83373,30838.50200000002
83374,30992.50000000002
83375,30477.503000000015
83376,30312.504000000015
83377,31510.500000000015
83378,31639.50100000002
83379,32002.498000000018
83380,33111.49000000001
83381,33093.49400000001
83382,32358.483000000015
83383,30652.478000000014
83384,29333.479000000018
83385,29516.48600000002
83386,29145.491000000016
83387,28818.493000000017
83388,29530.477000000014
83389,28036.484000000015
83390,27065.490000000016
83391,26357.495000000014
83392,27266.499000000014
83393,27305.490000000013
83394,27936.489000000012
83395,27914.48200000001
83396,28460.475000000006
83397,27748.47900000001
83398,27991.47200000001
83399,28876.459000000006
83400,27937.453000000012
83401,28158.44500000001
83402,27256.44900000001
83403,27350.452000000016
83404,28072.450000000015
83405,27649.45000000001
83406,26730.44600000001
83407,27058.44800000001
83408,26797.442000000017
83409,27193.44600000001
83410,27748.44500000001
83411,28041.451000000015
83412,27765.451000000012
83413,27086.451000000012
83414,26970.451000000012
83415,27620.442000000014
83416,27744.440000000013
83417,27123.438000000013
83418,26696.434000000012
83419,31837.42800000001
83420,32168.42000000001
83421,31310.41200000001
83422,31792.41600000001
83423,37333.42000000001
83424,36090.43400000001
83425,35919.42400000001
83426,36711.42600000001
83427,36867.425
83428,36590.42800000001
83429,36435.42900000001
83430,34816.42400000001
83431,34778.42600000001
83432,34987.422000000006
83433,35062.425
83434,35286.432
83435,34134.436
83436,33278.43600000001
83437,34321.43600000001
83438,34385.42800000001
83439,34125.42600000001
83440,35528.42300000001
83441,35382.41600000001
83442,34999.41200000001
83443,34328.41
83444,33743.41100000001
83445,34539.41200000001
83446,35086.406
83447,34760.40500000001
83448,34324.41
83449,34968.406
83450,34414.401
83451,33871.407
83452,34086.41
83453,34289.41100000001
83454,33735.40400000001
83455,33925.408
83456,34483.403000000006
83457,33143.397000000004
83458,33128.403000000006
83459,32789.39600000001
83460,32652.390000000007
83461,33319.397000000004
83462,27027.397000000004
83463,26724.394000000004
83464,27107.401000000005
83465,25810.393
83466,24111.397
83467,24472.394000000004
83468,18184.393000000004
83469,17771.392000000003
83470,17933.394000000004
83471,17311.391000000003
83472,17905.382000000005
83473,17835.385000000002
83474,17788.384000000002
83475,17944.388000000003
83476,18519.385000000006
83477,19283.381000000005
83478,19673.373000000003
83479,19571.376000000004
83480,18967.373000000003
83481,19188.369000000006
83482,19490.374000000003
83483,20097.377000000004
83484,18623.383000000005
83485,19188.378000000004
83486,20350.381000000005
83487,19740.379000000004
83488,20694.379
83489,23470.363
83490,23701.359
83491,22674.364
83492,22461.366
83493,21219.366
83494,22263.372000000003
83495,21480.371000000003
83496,19597.372000000003
83497,18860.376000000007
83498,15783.383000000002
83499,13544.386
83500,12942.386
83501,13100.384000000002
83502,13006.383000000002
83503,12437.393000000004
83504,11477.401000000005
83505,12135.407000000005
83506,12598.409000000005
83507,12399.417000000009
83508,12438.42800000001
83509,12158.432000000012
83510,12714.446000000013
83511,12266.456000000015
83512,10763.467000000015
83513,10609.475000000017
83514,9477.491000000018
83515,7825.505000000016
83516,7745.522000000014
83517,4796.550000000009
83518,4046.578000000006
83519,1451.6199999999992
83520,1316.436999999999
83521,2676.424
83522,4171.415000000015
83523,4859.406000000015
83524,6726.397000000019
83525,7284.388000000018
83526,8259.387000000015
83527,9338.38400000002
83528,10201.379000000017
83529,10866.375000000016
83530,14205.373000000009
83531,13640.372000000008
83532,13559.372000000007
83533,14159.372000000007
83534,13215.374000000009
83535,14025.372000000008
83536,13472.377000000006
83537,13912.381000000005
83538,13740.380000000005
83539,13663.375000000004
83540,12235.374000000002
83541,14475.371
83542,15300.365
83543,15830.357999999998
83544,17072.350000000002
83545,18764.338
83546,19492.327999999998
83547,18831.328999999998
83548,19953.328999999998
83549,20328.325999999997
83550,19391.326999999997
83551,18664.325
83552,19064.326999999997
83553,18407.333
83554,18425.335
83555,17505.324999999997
83556,18308.325999999997
83557,18630.335
83558,17870.344
83559,19023.339
83560,19816.327999999998
83561,19671.322
83562,18320.327
83563,19115.32
83564,17650.307
83565,18175.302
83566,17875.298
83567,18000.299
83568,17905.293999999998
83569,15575.291000000001
83570,16040.291000000003
83571,15653.280000000002
83572,15976.280000000002
83573,15926.278
83574,16456.279000000002
83575,15866.277000000002
83576,16371.267000000002
83577,15498.270000000002
83578,14461.267000000002
83579,14576.261000000004
83580,14081.264000000005
83581,15071.259000000007
83582,15681.254000000006
83583,15603.252000000006
83584,16386.250000000004
83585,16241.251000000007
83586,16816.250000000007
83587,16906.251000000007
83588,17866.245000000006
83589,18801.242000000006
83590,18446.233000000004
83591,18856.228000000003
83592,17876.225000000002
83593,17806.226000000006
83594,15576.228000000006
83595,15161.221000000007
83596,13976.219000000008
83597,13981.207000000008
83598,14368.205000000007
83599,13618.197000000007
83600,14243.193000000007
83601,13648.195000000007
83602,14638.193000000007
83603,14258.193000000007
83604,14810.198000000008
83605,13868.196000000005
83606,15208.195000000005
83607,15596.197000000006
83608,15201.199000000006
83609,15806.200000000006
83610,16971.20200000001
83611,17333.206000000006
83612,17355.203000000005
83613,17586.200000000004
83614,18156.204000000005
83615,18931.207000000006
83616,19316.209000000006
83617,19343.206000000006
83618,19568.205
83619,20143.209000000003
83620,19343.214000000004
83621,19173.213000000003
83622,18215.211000000003
83623,18407.213000000003
83624,17397.217000000004
83625,17055.217000000008
83626,16052.221000000007
83627,15470.222000000007
83628,16078.218000000006
83629,14936.215000000006
83630,14346.216000000006
83631,14731.217000000006
83632,16501.215000000004
83633,16934.210000000003
83634,17099.212000000003
83635,16329.210000000005
83636,16874.215000000007
83637,17851.214000000004
83638,17443.214000000004
83639,17644.214000000004
83640,18424.214000000004
83641,18239.212000000003
83642,17044.212000000003
83643,16644.215000000004
83644,17244.214000000004
83645,17854.212000000003
83646,18659.209000000003
83647,18474.207000000002
83648,18077.208000000002
83649,18846.204
83650,19049.204
83651,19492.199
83652,19682.2
83653,20290.197
83654,20247.202
83655,20047.202
83656,18672.203
83657,18867.203
83658,19439.204
83659,19087.2
83660,18904.197000000004
83661,18696.198000000004
83662,19289.198000000004
83663,18537.197000000004
83664,18717.198000000004
83665,18362.193000000003
83666,19147.193000000003
83667,19697.198000000004
83668,19497.200000000004
83669,19700.198000000004
83670,19117.199000000004
83671,18917.201000000005
83672,17772.198000000004
83673,18177.197000000007
83674,19177.194000000003
83675,19172.195000000003
83676,20547.192000000003
83677,20937.192000000003
83678,20340.193000000003
83679,20720.195000000003
83680,21844.198000000004
83681,21262.198000000004
83682,19882.201000000005
83683,20082.201000000005
83684,19510.199000000004
83685,19687.201000000005
83686,18732.199000000004
83687,18922.199000000004
83688,18737.200000000004
83689,18277.206000000006
83690,19037.203000000005
83691,18637.203000000005
83692,20564.204000000005
83693,19614.201000000005
83694,20179.204000000005
83695,19414.202000000005
83696,19989.204000000005
83697,20204.202000000005
83698,20597.201000000005
83699,20992.200000000004
83700,21759.199000000004
83701,21957.199000000004
83702,20817.194000000003
83703,21572.198000000004
83704,21927.202
83705,21932.201
83706,22137.199
83707,20967.205
83708,21127.209000000003
83709,21552.205
83710,21357.205
83711,21552.205
83712,20617.202
83713,21007.202
83714,19809.205
83715,19762.209000000003
83716,19366.208000000002
83717,20174.204
83718,20164.206000000002
83719,19374.207000000002
83720,19734.209000000003
83721,20167.206000000002
83722,21587.201000000005
83723,20402.200000000004
83724,21177.199000000004
83725,20205.198000000004
83726,21155.198000000004
83727,21145.200000000004
83728,21395.193000000003
83729,22555.192000000003
83730,23142.194000000003
83731,22377.190000000002
83732,21412.187
83733,22010.186
83734,21784.188000000002
83735,21809.181
83736,21614.181
83737,21444.181
83738,21427.185
83739,20682.183
83740,20692.18
83741,21067.181
83742,19912.179
83743,20887.183000000005
83744,20667.185000000005
83745,20857.184000000005
83746,21034.186000000005
83747,21809.186000000005
83748,21606.186000000005
83749,21009.186000000005
83750,21389.189000000006
83751,20974.188000000006
83752,22539.186000000005
83753,20961.188000000006
83754,21606.180000000004
83755,21231.181000000004
83756,22191.181000000004
83757,22816.175000000003
83758,23231.174000000003
83759,23998.175000000007
83760,24211.170000000006
83761,23048.170000000006
83762,21883.172000000006
83763,22047.174000000006
83764,21667.173000000006
83765,20849.177000000003
83766,21239.176
83767,21052.175
83768,21833.176
83769,22046.175
83770,22601.179
83771,22803.18
83772,21651.18
83773,22819.179
83774,22812.18
83775,22875.186
83776,22555.181
83777,23155.18
83778,22220.177
83779,21435.179
83780,22414.183
83781,22199.189000000002
83782,23132.196000000004
83783,22190.192000000003
83784,22431.192000000003
83785,22043.192000000003
83786,22426.193000000003
83787,23813.190000000002
83788,23801.192000000003
83789,24386.192000000003
83790,24786.188000000002
83791,23627.188000000002
83792,22869.188000000002
83793,23614.191000000003
83794,23974.196000000004
83795,23780.200000000004
83796,24812.193000000003
83797,24447.193000000003
83798,25035.192000000003
83799,25471.191000000006
83800,25862.190000000006
83801,26051.191000000003
83802,24895.190000000006
83803,25519.186000000005
83804,25677.192000000003
83805,25299.190000000006
83806,25469.194000000003
83807,25711.190000000002
83808,24970.190000000002
83809,24152.196000000004
83810,25537.192000000003
83811,26014.187
83812,26794.187000000005
83813,25984.190000000002
83814,26190.195000000003
83815,25247.192000000003
83816,25004.196
83817,25376.201
83818,26543.203
83819,26374.2
83820,26586.199
83821,26315.206000000002
83822,26652.207000000002
83823,27016.211000000003
83824,27372.213000000003
83825,26977.216
83826,27213.216
83827,27609.216
83828,27912.209000000003
83829,27953.208000000002
83830,27747.206000000002
83831,26845.206000000002
83832,26140.197
83833,26317.202
83834,26350.201
83835,25985.204999999998
83836,25652.204999999998
83837,26270.204999999998
83838,26455.208
83839,25709.207
83840,27102.203999999998
83841,27820.206
83842,28510.201
83843,28471.200999999997
83844,28861.201999999997
83845,28524.200999999997
83846,28573.202
83847,28990.201
83848,28983.206000000002
83849,28941.212
83850,28619.210000000003
83851,27666.213
83852,26946.212000000003
83853,27560.211000000003
83854,27632.203
83855,27493.199
83856,27247.202
83857,27614.207000000002
83858,27850.205
83859,28190.206000000002
83860,28645.205000000005
83861,28498.198000000004
83862,27535.200000000004
83863,27340.202
83864,27974.201
83865,28432.200999999997
83866,28253.200999999997
83867,29449.198999999997
83868,29036.2
83869,27953.201
83870,29169.196000000004
83871,29818.195000000003
83872,30598.197
83873,30018.2
83874,30727.194000000003
83875,30045.186
83876,30116.186
83877,29649.190000000002
83878,29837.192000000003
83879,28701.189000000002
83880,28395.186
83881,27187.186
83882,26060.187
83883,26994.186
83884,27445.183
83885,27408.185
83886,27806.184
83887,27930.184000000005
83888,28077.183
83889,28879.185
83890,28012.185
83891,28249.183000000005
83892,27466.188000000002
83893,27474.192000000003
83894,28072.194000000003
83895,28820.202000000005
83896,29435.212000000003
83897,29246.213000000003
83898,28510.220000000005
83899,27942.224000000006
83900,28371.231000000003
83901,28414.235000000004
83902,30009.234000000004
83903,29424.238000000005
83904,29984.240000000005
83905,29594.246000000003
83906,28829.244000000006
83907,28490.239000000005
83908,28158.241000000005
83909,28388.237000000005
83910,28307.230000000003
83911,27459.243000000006
83912,27082.244000000002
83913,27451.249000000003
83914,27878.243000000006
83915,33912.245
83916,34669.236000000004
83917,35134.228
83918,35727.225000000006
83919,36548.23300000001
83920,36121.234000000004
83921,36754.23300000001
83922,35826.236000000004
83923,35972.236000000004
83924,36008.235
83925,36600.240000000005
83926,36845.236000000004
83927,36590.235
83928,36521.238
83929,34229.239
83930,34214.243
83931,34840.24800000001
83932,36642.247
83933,36420.244000000006
83934,36614.248999999996
83935,36039.248999999996
83936,29702.251000000004
83937,29085.252
83938,28093.252000000004
83939,27689.260000000002
83940,27832.260000000002
83941,27454.257
83942,27224.256
83943,28194.255000000005
83944,28261.246000000003
83945,28224.252000000004
83946,29226.246000000003
83947,29852.265000000003
83948,30415.275
83949,31388.276
83950,30513.275
83951,31831.269
83952,31152.267
83953,30772.261000000002
83954,31785.251
83955,32324.255
83956,32278.254
83957,32061.247
83958,31790.246000000003
83959,30613.247000000003
83960,30744.243000000002
83961,31258.244000000002
83962,32648.237000000005
83963,32401.238
83964,32329.243000000002
83965,32225.239
83966,31061.232000000004
83967,30722.224000000002
83968,31150.212000000003
83969,30773.211000000003
83970,31025.202
83971,30601.204
83972,29653.195000000003
83973,30123.192000000003
83974,29410.199000000004
83975,29800.196000000004
83976,29710.195000000003
83977,30497.194000000003
83978,30749.193000000003
83979,31831.193000000007
83980,31263.180000000004
83981,32049.182000000004
83982,31549.174000000003
83983,31803.166000000005
83984,31953.161000000004
83985,32805.152
83986,33469.145000000004
83987,33747.145000000004
83988,32869.14
83989,32108.134000000002
83990,32724.130000000005
83991,32566.121000000006
83992,33849.118
83993,33065.12100000001
83994,33410.122
83995,32375.115000000005
83996,31838.113000000005
83997,31399.115000000005
83998,32138.114000000005
83999,32373.109000000004
84000,32473.114000000005
84001,32105.110000000004
84002,30925.113000000005
84003,31071.116000000005
84004,30713.115000000005
84005,31230.118000000006
84006,30214.121000000006
84007,31960.115000000005
84008,32301.114000000005
84009,33015.118
84010,32043.119000000006
84011,33378.12
84012,33412.112
84013,33437.112
84014,32642.107000000004
84015,32793.10800000001
84016,33348.111
84017,33378.107
84018,32060.109000000004
84019,31099.109000000004
84020,32788.114
84021,32412.112000000005
84022,34348.113
84023,34048.117
84024,34067.115
84025,33197.113000000005
84026,32923.113000000005
84027,31867.116
84028,32023.117000000002
84029,31440.117000000006
84030,30662.116000000005
84031,30161.112000000005
84032,29421.106000000003
84033,30039.100000000002
84034,30388.098
84035,31231.093
84036,30655.091
84037,31430.089000000004
84038,32189.089000000004
84039,33173.08500000001
84040,32053.084000000006
84041,33200.083000000006
84042,32394.087000000007
84043,32136.090000000007
84044,31771.086000000007
84045,32475.085000000006
84046,32292.084000000006
84047,32568.082000000006
84048,31449.079000000005
84049,30917.079000000005
84050,32437.079000000005
84051,32657.077000000005
84052,33667.072
84053,33718.069
84054,33313.072
84055,32098.076000000005
84056,33029.071
84057,32822.07200000001
84058,32401.075000000008
84059,32755.073000000008
84060,32340.070000000007
84061,31130.069000000007
84062,30705.069000000007
84063,31315.069000000007
84064,31540.069000000007
84065,31935.068000000007
84066,31610.065000000006
84067,31090.066000000006
84068,30660.071000000007
84069,31410.072000000007
84070,30655.072000000007
84071,30915.072000000007
84072,30550.074000000008
84073,30185.075000000008
84074,30580.074000000008
84075,30985.072000000007
84076,31345.074000000008
84077,32170.070000000007
84078,31790.068000000007
84079,31240.067000000006
84080,32580.067000000006
84081,33135.06800000001
84082,33660.07000000001
84083,33290.071
84084,32950.075000000004
84085,32630.071000000004
84086,32795.072
84087,32960.072
84088,33400.074
84089,33665.07
84090,33500.07
84091,32785.067
84092,32395.067000000006
84093,33180.066000000006
84094,32775.07000000001
84095,32835.06800000001
84096,32805.069
84097,32640.068000000007
84098,32155.063000000006
84099,33355.062000000005
84100,32590.064000000006
84101,32785.064000000006
84102,32405.062000000005
84103,32605.061000000005
84104,32295.061000000005
84105,32915.059
84106,32855.061
84107,33295.062000000005
84108,32575.060000000005
84109,31795.060000000005
84110,32940.060000000005
84111,32505.064000000006
84112,32770.062000000005
84113,32000.061000000005
84114,31605.062000000005
84115,30985.064000000006
84116,31605.062000000005
84117,31085.05900000001
84118,32255.05900000001
84119,32025.06100000001
84120,32025.06100000001
84121,31680.060000000005
84122,32305.058000000005
84123,33725.058
84124,33560.057
84125,33325.060000000005
84126,33420.05700000001
84127,39150.054000000004
84128,38725.05700000001
84129,39725.057
84130,39095.057
84131,39645.05900000001
84132,38025.062000000005
84133,37825.06300000001
84134,37930.062000000005
84135,38155.062000000005
84136,38630.06000000001
84137,33645.066
84138,32895.06500000001
84139,31535.06400000001
84140,32710.06300000001
84141,32700.068000000007
84142,32725.06800000001
84143,31015.06900000001
84144,30820.06900000001
84145,29860.07100000001
84146,29930.06700000001
84147,28895.07100000001
84148,30260.072000000007
84149,30355.07000000001
84150,30060.07500000001
84151,28915.07500000001
84152,29660.077000000012
84153,31435.07200000001
84154,32035.06900000001
84155,32150.06600000001
84156,32355.06600000001
84157,32585.06400000001
84158,32155.06700000001
84159,37810.06900000001
84160,36080.06900000001
84161,36570.064000000006
84162,35600.06300000001
84163,35400.06500000001
84164,35365.06800000001
84165,35355.07000000001
84166,36280.07100000001
84167,37255.071
84168,37270.06800000001
84169,36100.06800000001
84170,37830.069
84171,39000.069
84172,39760.068
84173,38485.065
84174,38075.066000000006
84175,37940.064000000006
84176,36970.063
84177,36190.063
84178,37390.062000000005
84179,37740.066000000006
84180,38405.06
84181,37480.062000000005
84182,37930.060000000005
84183,38690.065
84184,38885.067
84185,38825.069
84186,38995.069
84187,38965.07000000001
84188,37890.067
84189,38230.06800000001
84190,37115.067
84191,36500.069
84192,35105.071
84193,34885.071
84194,35115.069
84195,35670.071
84196,36730.069
84197,37850.069
84198,37685.069
84199,36310.073000000004
84200,37160.069
84201,38130.07000000001
84202,39060.07800000001
84203,38020.07200000001
84204,32585.070000000007
84205,32385.071000000007
84206,32205.068000000007
84207,31315.066000000006
84208,32515.06500000001
84209,32695.06800000001
84210,33288.066000000006
84211,32968.062000000005
84212,33183.06300000001
84213,34978.06
84214,35403.058999999994
84215,35058.05499999999
84216,34828.05699999999
84217,34878.058999999994
84218,34093.061
84219,34418.064
84220,33013.068
84221,33053.066000000006
84222,31233.070000000007
84223,31103.068000000007
84224,31643.071000000007
84225,32360.077000000012
84226,32740.079000000012
84227,32900.08100000001
84228,32860.07600000001
84229,32140.074000000008
84230,32975.07400000001
84231,33535.07400000001
84232,34070.07000000001
84233,32975.068000000014
84234,32580.06900000001
84235,32925.068000000014
84236,33200.07100000001
84237,31625.07400000001
84238,32465.07300000001
84239,32570.076000000012
84240,32585.077000000012
84241,32290.07300000001
84242,32160.07400000001
84243,33790.07
84244,34500.07100000001
84245,34850.07200000001
84246,34360.07700000001
84247,35000.077000000005
84248,34810.07600000001
84249,35885.071
84250,34375.07100000001
84251,34410.07000000001
84252,33920.06700000001
84253,33880.07100000001
84254,33910.07000000001
84255,33925.06900000001
84256,33925.07100000001
84257,34695.069
84258,34175.07100000001
84259,32790.07500000001
84260,34360.073000000004
84261,34980.071
84262,35405.069
84263,34200.071
84264,33675.071
84265,33615.074000000015
84266,34015.07200000001
84267,34050.070000000014
84268,34250.069
84269,34615.069
84270,34210.07200000001
84271,32970.076000000015
84272,34380.07200000001
84273,35140.06800000001
84274,35360.06800000001
84275,36285.068
84276,37730.066000000006
84277,37455.07200000001
84278,37160.077000000005
84279,37945.07600000001
84280,36405.076
84281,36355.072
84282,36175.06900000001
84283,36690.07300000001
84284,36490.07400000001
84285,36520.07300000001
84286,36740.07300000001
84287,36910.073000000004
84288,36410.071
84289,35690.06900000001
84290,36165.067
84291,36730.066000000006
84292,36725.067
84293,35700.067
84294,35575.063
84295,35075.06100000001
84296,35060.062000000005
84297,34435.06500000001
84298,34235.066000000006
84299,34075.064000000006
84300,34700.06100000001
84301,34250.063
84302,34595.067
84303,34920.06900000001
84304,35870.07000000001
84305,35945.06900000001
84306,35180.065
84307,34685.062000000005
84308,35080.061
84309,36030.060000000005
84310,35045.06600000001
84311,34995.06600000001
84312,34835.064000000006
84313,35229.06800000001
84314,34434.07200000001
84315,34564.07600000001
84316,36924.07200000001
84317,37734.071
84318,36959.07100000001
84319,36434.069
84320,36849.071
84321,37834.06900000001
84322,37629.07100000001
84323,36775.07400000001
84324,36631.07200000001
84325,36266.07200000001
84326,36526.07900000001
84327,36586.077000000005
84328,37539.07
84329,37644.073
84330,36254.077000000005
84331,35664.079000000005
84332,36079.08
84333,36184.075000000004
84334,37391.073000000004
84335,37640.069
84336,35493.07
84337,35038.073
84338,36038.073
84339,36098.072
84340,35478.074
84341,34694.07400000001
84342,34269.076
84343,35604.076
84344,35633.072
84345,36188.07400000001
84346,37818.071
84347,37743.067
84348,35933.068
84349,35619.067
84350,36989.066000000006
84351,37484.068999999996
84352,36799.075000000004
84353,36554.071
84354,36584.07000000001
84355,35594.073000000004
84356,36284.076
84357,36619.07800000001
84358,38539.077
84359,38046.075
84360,37976.070999999996
84361,37156.07399999999
84362,37181.075999999994
84363,37068.075000000004
84364,37327.076
84365,37715.076
84366,36561.077
84367,36385.077
84368,38184.07400000001
84369,38577.073
84370,36872.071
84371,36622.073
84372,36130.077000000005
84373,37075.08000000001
84374,36934.077000000005
84375,37094.08000000001
84376,37819.081000000006
84377,37289.081
84378,36344.081
84379,36534.083000000006
84380,37913.083
84381,38693.083
84382,38643.083
84383,36828.085
84384,36726.08
84385,36591.078
84386,36776.081
84387,37029.078
84388,37661.075000000004
84389,36486.077
84390,36296.077
84391,35906.077
84392,36396.077
84393,36655.08
84394,37373.084
84395,37694.082
84396,36844.087999999996
84397,37029.092
84398,37644.093
84399,38508.096000000005
84400,38206.093
84401,38089.098999999995
84402,38124.098
84403,39489.098999999995
84404,39294.100999999995
84405,39500.113
84406,39330.117
84407,38780.115
84408,38190.11899999999
84409,38229.117
84410,38789.12
84411,38743.125
84412,38158.129
84413,36797.136000000006
84414,36667.139
84415,36482.141
84416,37046.14600000001
84417,37831.149000000005
84418,38036.149000000005
84419,36884.15700000001
84420,36966.155000000006
84421,36265.16100000001
84422,36491.159
84423,35583.15700000001
84424,36035.159
84425,35747.159
84426,36024.156
84427,35925.159
84428,36658.15700000001
84429,37416.159
84430,37348.158
84431,38125.16100000001
84432,38965.163
84433,40188.166000000005
84434,39870.17
84435,40613.174
84436,40738.168999999994
84437,38358.17699999999
84438,38078.17599999999
84439,37680.185999999994
84440,37794.18499999999
84441,37734.18999999999
84442,37397.19699999999
84443,37175.202
84444,37519.2
84445,36929.201
84446,42972.204
84447,43900.202
84448,43721.204
84449,43089.21
84450,43189.21
84451,42123.21200000001
84452,41190.215000000004
84453,40677.219000000005
84454,41196.219000000005
84455,40920.224
84456,40765.227000000006
84457,41413.227
84458,42410.22
84459,43065.226
84460,43354.229999999996
84461,43796.228
84462,45111.22899999999
84463,43520.234
84464,42736.232
84465,43336.231
84466,43276.23299999999
84467,44340.23199999999
84468,49176.236999999994
84469,49446.236999999994
84470,49751.236999999994
84471,44974.23999999999
84472,44755.23599999999
84473,44958.23199999999
84474,45926.236999999994
84475,45726.240999999995
84476,47093.236999999994
84477,46797.244999999995
84478,46941.253
84479,46661.258
84480,45851.263999999996
84481,45110.266
84482,44907.269
84483,45121.26999999999
84484,44859.276
84485,43850.27799999999
84486,42848.278999999995
84487,42998.281
84488,43776.28
84489,38776.284
84490,39014.287000000004
84491,39326.284
84492,40221.287000000004
84493,39695.291000000005
84494,39300.296
84495,40919.299
84496,40988.299999999996
84497,40290.304
84498,40129.304
84499,40192.304000000004
84500,40012.302
84501,41095.303
84502,40556.302
84503,40307.30300000001
84504,40716.310000000005
84505,39759.31800000001
84506,41039.31300000001
84507,41782.316000000006
84508,42421.31800000001
84509,42203.315
84510,41939.312000000005
84511,40884.312000000005
84512,40790.311
84513,41846.315
84514,41923.316999999995
84515,41239.314999999995
84516,40076.318999999996
84517,39993.318999999996
84518,40165.322
84519,40554.324
84520,40176.331999999995
84521,40415.329999999994
84522,41392.331
84523,41275.339
84524,41337.348999999995
84525,42406.350999999995
84526,42589.350999999995
84527,42267.35199999999
84528,41480.356999999996
84529,41758.35799999999
84530,42544.354999999996
84531,42993.359
84532,43297.35399999999
84533,42323.35899999999
84534,41669.365
84535,41700.363
84536,42134.366
84537,42278.364
84538,41691.36899999999
84539,40817.36899999999
84540,41152.37099999999
84541,40759.37699999999
84542,41597.37899999999
84543,43418.377
84544,44290.382
84545,44353.38799999999
84546,44291.389
84547,44219.390999999996
84548,44819.387
84549,45845.390999999996
84550,45836.392
84551,46095.39000000001
84552,46997.394
84553,46582.401000000005
84554,45972.40700000001
84555,46706.405000000006
84556,46925.41200000001
84557,46882.417000000016
84558,47190.42300000001
84559,47512.418000000005
84560,47623.41900000001
84561,47221.432000000015
84562,46644.437000000005
84563,45183.455
84564,45436.456999999995
84565,44565.45500000001
84566,44826.449
84567,44099.451
84568,43836.448
84569,42474.453
84570,42989.458
84571,41851.465
84572,42345.473999999995
84573,43181.475
84574,43165.47600000001
84575,44360.47400000001
84576,44592.48100000001
84577,44404.482
84578,43553.48900000001
84579,44869.48700000001
84580,44525.49500000002
84581,44279.50200000001
84582,44282.508
84583,45034.51
84584,44819.50900000001
84585,45358.51
84586,45811.51600000001
84587,45410.52000000001
84588,45718.520000000004
84589,46308.524000000005
84590,46455.528000000006
84591,46696.530000000006
84592,45499.539000000004
84593,44500.53600000001
84594,44907.53200000001
84595,44149.54000000001
84596,44446.53300000001
84597,44823.538000000015
84598,45857.53300000001
84599,43478.53300000001
84600,44120.53700000002
84601,43681.54600000002
84602,45810.553000000014
84603,45808.55200000002
84604,46215.557000000015
84605,46246.55900000001
84606,46871.55400000001
84607,48029.54700000001
84608,47069.54600000002
84609,48450.553000000014
84610,48439.553000000014
84611,48103.56200000002
84612,47655.55700000002
84613,48623.56000000002
84614,48801.56100000002
84615,49738.56000000002
84616,47655.56200000001
84617,47093.566000000006
84618,46539.58600000001
84619,47570.58600000002
84620,47636.58700000001
84621,47554.59000000002
84622,46073.58400000001
84623,45423.58300000002
84624,45246.58400000002
84625,44833.593000000015
84626,44561.59400000001
84627,43084.59900000001
84628,42652.607
84629,40776.621
84630,40993.616
84631,41671.60600000001
84632,43964.605
84633,44319.606000000014
84634,44409.612
84635,43416.617000000006
84636,44706.61700000001
84637,45118.62700000001
84638,44978.62000000001
84639,46348.60700000002
84640,46956.608000000015
84641,46981.61000000001
84642,45733.615000000005
84643,45699.613000000005
84644,44959.62000000001
84645,46357.61800000001
84646,46313.62100000001
84647,46399.62300000001
84648,47358.632000000005
84649,47801.625
84650,47956.61400000001
84651,46995.62200000001
84652,46131.61900000001
84653,45870.615000000005
84654,46168.61100000002
84655,45788.609000000026
84656,45409.616000000016
84657,43911.620000000024
84658,42768.621000000014
84659,41531.631000000016
84660,41225.63000000002
84661,41818.63400000002
84662,43475.62800000001
84663,43109.63600000002
84664,43261.62800000002
84665,42356.62600000001
84666,42369.615000000005
84667,43753.608000000015
84668,41947.61500000001
84669,42614.61200000001
84670,42762.620000000024
84671,43242.627000000015
84672,42870.63200000003
84673,42192.63400000001
84674,42861.63800000002
84675,43989.63600000003
84676,43801.64800000002
84677,43988.65100000001
84678,44958.64500000002
84679,46133.65800000001
84680,45584.665000000015
84681,46174.661000000015
84682,45847.65400000001
84683,46051.642
84684,45718.628000000004
84685,44650.640999999996
84686,43612.642000000014
84687,42047.65
84688,41506.64500000001
84689,40421.64100000001
84690,40425.63700000002
84691,39747.64600000002
84692,41533.64500000001
84693,41101.651000000005
84694,41430.65300000001
84695,42291.650000000016
84696,42066.65800000001
84697,42594.66600000001
84698,42343.65800000002
84699,41257.66600000002
84700,41355.66800000001
84701,41812.67100000002
84702,41083.66500000002
84703,42042.65600000002
84704,43042.657000000014
84705,43543.64900000003
84706,44383.63600000003
84707,44081.64200000002
84708,44725.64200000002
84709,45444.64400000002
84710,44812.65000000003
84711,44874.64600000002
84712,44440.648000000016
84713,44183.646000000015
84714,43077.65300000001
84715,42355.644000000015
84716,42010.64600000002
84717,40349.656000000025
84718,39521.65400000002
84719,39037.652000000024
84720,39198.650000000016
84721,39250.64700000002
84722,40820.64500000002
84723,40575.64400000002
84724,40487.63600000001
84725,41369.63700000002
84726,40936.62800000002
84727,41808.63000000002
84728,41941.61800000002
84729,41777.610000000015
84730,41843.61000000001
84731,41503.60300000001
84732,41158.607
84733,40744.608000000015
84734,41452.609000000026
84735,41646.60800000002
84736,41146.614000000016
84737,41350.60600000002
84738,40933.608000000015
84739,41568.60600000001
84740,40775.59900000001
84741,40337.61800000002
84742,40223.608000000015
84743,40143.60800000002
84744,40187.58200000001
84745,39409.593
84746,39162.591
84747,37029.589
84748,36903.59300000001
84749,35786.60600000001
84750,35908.60400000001
84751,36483.60300000002
84752,36965.60000000002
84753,37018.591000000015
84754,36543.58600000002
84755,36172.58000000001
84756,35983.585
84757,36888.577000000005
84758,36567.568
84759,37355.57000000001
84760,37382.575000000004
84761,36863.570000000014
84762,36730.57300000001
84763,37409.57900000002
84764,37652.574000000015
84765,37223.59200000001
84766,37064.59000000001
84767,37368.59400000001
84768,36967.59000000001
84769,36871.57800000002
84770,35740.572000000015
84771,35258.56500000001
84772,34997.565
84773,34731.57300000002
84774,34404.574000000015
84775,34204.572000000015
84776,34065.572000000015
84777,32565.579000000016
84778,32012.583000000024
84779,31180.575000000015
84780,32659.568000000017
84781,33915.556000000004
84782,35192.553
84783,35089.548
84784,34694.541999999994
84785,34169.537000000004
84786,34126.534999999996
84787,34620.530999999995
84788,34745.532
84789,34991.530999999995
84790,34684.529
84791,33934.522999999994
84792,33768.530999999995
84793,34542.522
84794,34669.525
84795,34561.526000000005
84796,34538.521
84797,33962.529
84798,33726.527
84799,33840.51500000001
84800,32758.51100000002
84801,32960.51100000001
84802,31361.51900000002
84803,31421.514000000017
84804,30407.515000000018
84805,29739.518000000015
84806,29679.52000000002
84807,28394.514000000017
84808,29738.499000000018
84809,29627.498000000014
84810,30682.494000000013
84811,31043.507000000016
84812,32109.510000000013
84813,31645.507000000016
84814,31259.503000000015
84815,32173.502000000015
84816,32180.497000000014
84817,32687.499000000014
84818,32657.500000000015
84819,32585.50000000002
84820,32114.495000000017
84821,31303.490000000016
84822,30721.498000000014
84823,31498.492000000017
84824,31994.487000000016
84825,31568.48700000002
84826,32470.486000000015
84827,33244.48800000002
84828,32635.48600000002
84829,32365.48700000002
84830,32012.489000000016
84831,31932.48900000002
84832,30969.498000000014
84833,31380.499000000014
84834,31191.494000000013
84835,36034.49200000001
84836,35351.49200000001
84837,33297.50200000001
84838,33172.50400000001
84839,33529.50300000001
84840,32766.498000000007
84841,33501.496000000014
84842,35299.48400000001
84843,34447.48800000001
84844,33857.492000000006
84845,34456.490000000005
84846,33927.482
84847,34411.47700000001
84848,34392.48000000001
84849,34101.46900000001
84850,35104.473000000005
84851,34378.47600000001
84852,33766.473000000005
84853,34203.46900000001
84854,34524.471000000005
84855,33811.46400000001
84856,34882.459
84857,34386.46900000001
84858,33960.46600000001
84859,33518.46600000001
84860,33010.46900000001
84861,32811.47000000001
84862,32396.467000000004
84863,32863.46100000001
84864,32402.462000000007
84865,32593.45500000001
84866,27060.452000000005
84867,25680.445000000007
84868,25911.450000000004
84869,25960.441000000006
84870,25348.435000000005
84871,25891.437000000005
84872,26800.433000000005
84873,26128.432000000008
84874,26123.426000000003
84875,26341.421000000006
84876,25145.428000000007
84877,25522.428000000007
84878,25166.437000000005
84879,24920.433000000008
84880,25543.434000000005
84881,24842.442000000006
84882,24066.442000000006
84883,23646.427000000007
84884,22840.423000000006
84885,21969.430000000004
84886,22717.439000000006
84887,22883.441000000006
84888,22147.444000000007
84889,22508.443000000007
84890,21391.450000000008
84891,20919.449000000004
84892,19951.454000000005
84893,20718.458000000006
84894,20779.459000000006
84895,21096.453000000005
84896,20878.449000000004
84897,19806.455
84898,20004.453
84899,20048.448000000004
84900,21105.436000000005
84901,22278.430000000004
84902,23512.426000000003
84903,23060.421000000002
84904,23163.422000000002
84905,22341.417000000005
84906,21676.422000000006
84907,21035.417000000005
84908,21355.414000000004
84909,21272.420000000002
84910,20841.422000000002
84911,20312.423
84912,19532.424000000003
84913,19486.419
84914,18696.415
84915,19940.413
84916,19742.422000000002
84917,19704.418
84918,18673.425000000003
84919,19144.416
84920,19488.402
84921,19076.395
84922,18789.394
84923,19517.397
84924,19427.4
84925,18201.401000000005
84926,18445.402000000002
84927,20533.382
84928,20450.381
84929,19497.37
84930,21019.360999999997
84931,20971.359999999997
84932,21147.363999999998
84933,20265.367
84934,20405.376
84935,20156.374
84936,18521.386000000002
84937,16308.395
84938,15683.407000000003
84939,15778.406000000006
84940,13528.413000000006
84941,13390.418000000007
84942,12691.420000000007
84943,12129.418000000007
84944,11471.416000000007
84945,12317.422000000008
84946,12779.426000000007
84947,12673.422000000008
84948,11934.42700000001
84949,13269.43100000001
84950,14351.43400000001
84951,14309.441000000012
84952,13594.453000000016
84953,12862.461000000018
84954,12227.476000000017
84955,9984.48800000002
84956,9073.505000000021
84957,7364.526000000021
84958,5798.554000000022
84959,1769.6089999999965
84960,1492.4449999999972
84961,2783.4300000000026
84962,3848.427000000012
84963,4953.416000000018
84964,5303.416000000019
84965,5750.41300000002
84966,6671.406000000018
84967,7538.401000000019
84968,8953.39800000002
84969,9454.40100000002
84970,10646.400000000025
84971,10446.39000000002
84972,10484.383000000016
84973,10459.378000000015
84974,11279.377000000013
84975,11727.372000000012
84976,11662.371000000012
84977,11354.36900000001
84978,11177.36900000001
84979,12502.362000000006
84980,11393.360000000008
84981,13396.369000000006
84982,13748.355000000007
84983,15315.349000000006
84984,15843.341000000004
84985,17001.336000000003
84986,17793.334000000003
84987,18093.328
84988,18118.319
84989,18218.310999999998
84990,19043.311999999998
84991,18251.314
84992,19656.311999999998
84993,18409.318
84994,18099.316
84995,17820.314
84996,17815.317
84997,18005.318
84998,17881.323
84999,17710.317
85000,16925.314
85001,16480.314000000002
85002,15540.312000000002
85003,16213.298
85004,16778.299000000003
85005,16960.291
85006,17370.283
85007,17103.285000000003
85008,17966.278000000002
85009,18266.274
85010,17796.269
85011,18491.265000000003
85012,17446.266000000003
85013,17724.262000000002
85014,17004.268000000004
85015,16611.267000000003
85016,15296.265000000007
85017,15869.265000000003
85018,14251.268000000007
85019,13453.267000000005
85020,15186.260000000004
85021,14756.258000000005
85022,15721.257000000007
85023,15914.248000000005
85024,15684.243000000006
85025,16024.246000000005
85026,16814.235000000008
85027,16814.232000000004
85028,16769.232000000004
85029,18108.228000000006
85030,22223.222000000005
85031,22786.220000000005
85032,22331.221000000005
85033,21564.22000000001
85034,21157.216000000008
85035,21382.209000000003
85036,20792.204000000005
85037,20392.202000000005
85038,21157.197000000004
85039,20772.192000000003
85040,20807.181000000004
85041,21592.178000000007
85042,21792.177000000003
85043,22392.177000000003
85044,23324.178000000004
85045,23124.178000000004
85046,22914.182000000004
85047,23269.187000000005
85048,21519.189000000006
85049,20339.193000000007
85050,21917.191000000003
85051,20729.195000000007
85052,20912.200000000004
85053,20904.202000000005
85054,20544.200000000004
85055,20124.205000000005
85056,20906.206000000006
85057,20691.208000000006
85058,21674.205000000005
85059,23060.204000000005
85060,23055.205000000005
85061,18120.211000000007
85062,18105.212000000007
85063,17715.213000000007
85064,17510.216000000004
85065,17720.215000000007
85066,17730.213000000007
85067,17355.211000000007
85068,17975.205000000005
85069,17982.204000000005
85070,18172.205000000005
85071,18197.204000000005
85072,17612.204000000005
85073,18227.200000000004
85074,18847.196000000004
85075,24152.194000000003
85076,23319.201000000005
85077,24112.200000000004
85078,18597.203000000005
85079,17257.199000000004
85080,17052.200000000004
85081,16237.204000000002
85082,16232.206000000004
85083,16252.205000000004
85084,16257.204000000003
85085,16057.205000000004
85086,16267.205000000004
85087,16252.208000000004
85088,15662.209000000004
85089,16897.204
85090,16882.205
85091,18257.203000000005
85092,18609.208000000006
85093,18427.209000000006
85094,19237.205
85095,19667.201000000005
85096,19457.203000000005
85097,19077.201000000005
85098,19062.203000000005
85099,19512.195000000003
85100,18952.195000000003
85101,17929.202000000005
85102,18121.201000000005
85103,17716.202000000005
85104,16959.201000000005
85105,17149.202000000005
85106,17169.197000000004
85107,16954.199000000004
85108,17944.198000000004
85109,17392.193000000003
85110,18152.197000000004
85111,17967.195000000003
85112,17937.198000000004
85113,17912.200000000004
85114,17547.197000000004
85115,16707.202000000005
85116,17104.202000000005
85117,17504.200000000004
85118,17909.199000000004
85119,18494.199000000004
85120,18309.197000000004
85121,19428.201000000005
85122,20058.197000000004
85123,20081.194000000003
85124,20471.195000000003
85125,20458.196000000004
85126,20683.196000000004
85127,20501.195000000003
85128,19364.192000000003
85129,19564.190000000002
85130,18779.192000000003
85131,18597.191000000003
85132,18767.193000000003
85133,19152.193000000003
85134,18914.196000000004
85135,19089.199000000004
85136,18271.202000000005
85137,18274.201000000005
85138,19436.202000000005
85139,18834.205000000005
85140,20029.203000000005
85141,19647.201000000005
85142,20249.197000000004
85143,21014.197000000004
85144,20834.195000000003
85145,20416.199000000004
85146,20214.202000000005
85147,20024.201000000005
85148,19639.202000000005
85149,19611.203000000005
85150,18819.204000000005
85151,19619.202000000005
85152,19779.207000000006
85153,18829.205000000005
85154,18984.207000000006
85155,18199.205000000005
85156,19257.197000000004
85157,18290.196000000004
85158,17685.197000000004
85159,17695.194000000003
85160,17692.193000000003
85161,17692.192000000003
85162,18242.197000000004
85163,18832.195000000007
85164,19617.193000000007
85165,20002.194000000007
85166,19577.196000000007
85167,20352.194000000007
85168,20740.196000000007
85169,21915.193000000007
85170,22870.196000000007
85171,22075.196000000007
85172,22310.189000000006
85173,22687.192000000006
85174,22107.189000000006
85175,22492.189000000006
85176,22057.192000000006
85177,21299.187000000005
85178,20717.18500000001
85179,19732.18400000001
85180,18747.18600000001
85181,19337.18800000001
85182,19907.18800000001
85183,18542.18800000001
85184,18909.19200000001
85185,18909.19100000001
85186,19689.191000000006
85187,19329.19100000001
85188,18899.193000000007
85189,18889.196000000007
85190,19484.194000000007
85191,19271.199000000008
85192,20281.193000000007
85193,21421.193000000007
85194,21441.191000000006
85195,22016.191000000006
85196,21408.192000000006
85197,21596.191000000006
85198,22376.190000000006
85199,23341.192000000006
85200,24166.191000000006
85201,23181.197000000007
85202,23028.195000000007
85203,23421.197000000007
85204,23616.196000000007
85205,23257.195000000007
85206,23447.198000000008
85207,22103.200000000008
85208,21913.203000000005
85209,21546.202000000005
85210,20802.198000000004
85211,21038.200000000008
85212,21797.207000000006
85213,20412.211000000007
85214,20427.211000000007
85215,20388.216000000008
85216,20410.217000000008
85217,20643.215000000007
85218,20253.21900000001
85219,20830.217000000008
85220,21377.22300000001
85221,21617.22300000001
85222,22655.218000000008
85223,23821.215000000007
85224,23265.210000000006
85225,23620.216000000008
85226,23674.215000000007
85227,23279.215000000007
85228,24711.216000000008
85229,24941.214000000007
85230,26337.211000000007
85231,24789.213000000007
85232,23584.21900000001
85233,23302.22200000001
85234,23952.216000000008
85235,23182.217000000008
85236,23050.217000000008
85237,22317.218000000008
85238,22554.215000000007
85239,22154.215000000007
85240,21780.215000000007
85241,22792.213000000007
85242,24232.210000000006
85243,24714.204000000005
85244,24717.207000000006
85245,24364.206000000006
85246,24704.210000000006
85247,25095.209000000006
85248,25252.213000000007
85249,25273.213000000007
85250,25116.214000000007
85251,25298.213000000007
85252,26337.207000000006
85253,26537.205000000005
85254,26537.205000000005
85255,26180.210000000006
85256,25973.214000000007
85257,25368.214000000007
85258,26311.216000000008
85259,26545.212000000007
85260,27496.216000000008
85261,26360.214000000004
85262,26125.216000000004
85263,25561.218000000004
85264,26582.216000000008
85265,26070.214000000007
85266,26525.210000000006
85267,24977.210000000006
85268,25480.208000000006
85269,25085.210000000006
85270,24688.211000000007
85271,26655.210000000006
85272,27829.211000000007
85273,28270.209000000003
85274,27888.210000000003
85275,27688.212000000003
85276,28317.212000000003
85277,28302.212000000003
85278,29071.211000000003
85279,28872.214
85280,28486.217
85281,28764.212
85282,29374.212
85283,28969.209
85284,28972.203999999998
85285,28723.208
85286,28372.207
85287,27543.212
85288,27302.213000000003
85289,27346.210000000003
85290,28366.205
85291,26205.207000000002
85292,25435.211000000003
85293,25284.207000000002
85294,25974.199
85295,26076.202
85296,26032.208000000002
85297,25666.204
85298,25902.205
85299,25624.198
85300,26254.191
85301,27440.188
85302,28459.189
85303,28399.186
85304,28949.186999999998
85305,28790.185
85306,28824.185999999998
85307,29990.185999999998
85308,29860.199
85309,29413.205
85310,28187.210000000003
85311,28892.213
85312,29263.210000000003
85313,28929.208000000002
85314,29085.212
85315,29059.214
85316,29531.207000000002
85317,28824.201
85318,28981.195
85319,28391.198
85320,28669.195
85321,27741.193000000003
85322,27461.194000000003
85323,27517.189000000002
85324,27507.191000000003
85325,27699.189
85326,26883.192000000003
85327,26635.191
85328,26454.19
85329,26386.189000000002
85330,27000.191
85331,28171.196
85332,29851.207000000002
85333,29646.212000000003
85334,29487.216000000004
85335,29504.224000000006
85336,29308.226000000006
85337,29641.237000000005
85338,30058.236000000004
85339,30514.236000000004
85340,30312.237000000005
85341,31321.231000000003
85342,31699.233000000004
85343,36808.236000000004
85344,37356.236000000004
85345,37195.236000000004
85346,36630.241
85347,34995.23700000001
85348,35146.238000000005
85349,34797.241
85350,35454.23700000001
85351,35339.238
85352,34213.242
85353,34764.241
85354,34779.243
85355,34014.238000000005
85356,33650.240000000005
85357,33473.242
85358,33841.246
85359,33004.246
85360,33661.240000000005
85361,35069.240000000005
85362,36753.24800000001
85363,36424.247
85364,36080.24800000001
85365,35510.254
85366,35344.259000000005
85367,36104.255000000005
85368,35659.263000000006
85369,36413.262
85370,36383.264
85371,37338.263000000006
85372,37166.269
85373,36972.264
85374,37562.261
85375,37433.25600000001
85376,37095.258
85377,36267.255000000005
85378,36373.26
85379,36467.252
85380,31948.250000000004
85381,31984.24
85382,31210.233000000004
85383,31499.24
85384,31871.239
85385,31186.248000000003
85386,30552.249000000003
85387,30679.258
85388,31878.260000000002
85389,31114.252000000004
85390,31653.250000000004
85391,31791.259000000005
85392,32795.254
85393,32494.248000000003
85394,31405.252000000004
85395,31336.253000000004
85396,31162.250000000004
85397,31031.238000000005
85398,30675.233000000004
85399,30717.226000000002
85400,30717.226000000002
85401,31102.228000000003
85402,30843.230000000003
85403,29930.218000000004
85404,30904.207000000006
85405,30688.209000000003
85406,31036.206000000006
85407,30907.193000000003
85408,30892.195000000003
85409,30912.191000000003
85410,31735.183000000005
85411,31563.180000000004
85412,30506.183000000005
85413,31644.180000000004
85414,31987.183000000005
85415,30828.178000000004
85416,31143.178000000004
85417,31324.170000000002
85418,32481.162000000004
85419,31736.156000000003
85420,31900.15
85421,32061.15
85422,33029.145
85423,32268.140000000003
85424,32033.136000000002
85425,32027.129
85426,31816.124000000003
85427,31633.125
85428,31312.121000000003
85429,31255.119000000002
85430,31041.119000000002
85431,31385.114
85432,32195.113000000005
85433,31241.113000000005
85434,32230.113000000005
85435,33302.113000000005
85436,33889.113
85437,34089.113
85438,32768.112
85439,33417.107
85440,33992.10999999999
85441,32171.116000000005
85442,31088.117000000006
85443,31587.117000000006
85444,31559.118000000006
85445,30084.125000000004
85446,29540.129
85447,29200.128000000004
85448,30778.129000000004
85449,30539.131000000005
85450,30543.133000000005
85451,30409.133000000005
85452,30639.131000000005
85453,30895.126000000004
85454,29864.128000000004
85455,30044.128000000004
85456,29656.128000000008
85457,30763.126000000004
85458,30733.122000000003
85459,33347.122
85460,32861.122
85461,33460.121
85462,34054.12
85463,34284.117
85464,35323.114
85465,36359.10799999999
85466,36754.108
85467,35961.10999999999
85468,34385.109
85469,39641.107
85470,40386.105
85471,39980.104
85472,39574.102
85473,39776.1
85474,40535.099
85475,39043.098
85476,39159.099
85477,38832.095
85478,39038.094
85479,38838.094000000005
85480,39008.094000000005
85481,39359.095
85482,39565.095
85483,39792.094000000005
85484,38682.09100000001
85485,38682.09100000001
85486,38127.090000000004
85487,39766.086
85488,40195.083000000006
85489,40504.08500000001
85490,39845.088
85491,40348.083000000006
85492,40348.081000000006
85493,40538.077000000005
85494,40733.075
85495,41058.075999999994
85496,41427.074
85497,40712.068
85498,39920.07
85499,38720.069
85500,39880.066000000006
85501,39610.06
85502,38800.061
85503,38205.063
85504,39720.058000000005
85505,39180.062000000005
85506,39320.063
85507,39340.065
85508,39520.069
85509,39250.065
85510,39675.062999999995
85511,39455.064
85512,37435.062000000005
85513,37425.064000000006
85514,36420.065
85515,30630.070000000007
85516,30150.073000000008
85517,31375.072000000007
85518,31600.071000000007
85519,32575.071000000007
85520,31665.06800000001
85521,32695.06800000001
85522,33125.06500000001
85523,33320.06500000001
85524,33910.065
85525,33745.066
85526,36665.064
85527,35105.064
85528,34155.066
85529,33375.06700000001
85530,34350.068
85531,33735.069
85532,33365.071
85533,32625.068000000007
85534,33195.073000000004
85535,33330.066000000006
85536,33180.063
85537,33505.067
85538,34085.068
85539,33335.06800000001
85540,33600.073
85541,33185.073000000004
85542,33115.077000000005
85543,33735.075000000004
85544,32985.075000000004
85545,33455.07000000001
85546,33280.071
85547,34055.072
85548,35100.068
85549,36170.064999999995
85550,35190.067
85551,36205.064
85552,36725.058
85553,37140.05799999999
85554,37665.06
85555,37490.061
85556,38075.06099999999
85557,36705.06199999999
85558,35335.06299999999
85559,34690.06599999999
85560,35275.06599999999
85561,35090.064
85562,34530.064
85563,33745.064999999995
85564,34590.062
85565,35010.05900000001
85566,34370.06
85567,34560.061
85568,34750.062000000005
85569,33965.064000000006
85570,34470.065
85571,33695.064000000006
85572,33620.069
85573,34370.071
85574,34210.069
85575,34040.07000000001
85576,33650.07000000001
85577,34305.066000000006
85578,35015.07000000001
85579,35665.067
85580,35070.069
85581,35675.07000000001
85582,36490.069
85583,36295.07000000001
85584,36655.072
85585,36600.075000000004
85586,37770.075000000004
85587,37055.072
85588,36330.071
85589,35940.072
85590,36390.07
85591,35855.071
85592,34865.07400000001
85593,34495.071
85594,34400.076
85595,40115.076
85596,39620.073000000004
85597,40300.070999999996
85598,40690.070999999996
85599,40525.07000000001
85600,41110.070999999996
85601,40205.066999999995
85602,34300.071
85603,36005.07
85604,35835.07
85605,35670.07
85606,35290.06800000001
85607,34850.073000000004
85608,34685.072
85609,34975.069
85610,35225.063
85611,36235.061
85612,36820.061
85613,36805.059
85614,37778.05900000001
85615,37583.060000000005
85616,39203.058999999994
85617,38628.058
85618,38233.058999999994
85619,38003.062000000005
85620,38468.05699999999
85621,38268.058999999994
85622,37553.056000000004
85623,35928.05900000001
85624,35598.058000000005
85625,35768.058000000005
85626,34968.05700000001
85627,35125.06
85628,35345.060000000005
85629,34405.058000000005
85630,35055.056
85631,34660.057
85632,34855.057
85633,36735.052
85634,36765.05100000001
85635,36760.051999999996
85636,36500.056
85637,36660.058
85638,36520.05699999999
85639,37540.053
85640,37175.053
85641,37555.056
85642,38445.058000000005
85643,38435.06
85644,39845.058
85645,39815.059
85646,40750.062
85647,39605.062
85648,38425.068999999996
85649,38595.068999999996
85650,37870.068
85651,37460.067
85652,36680.068
85653,35520.067
85654,34975.073000000004
85655,35120.073000000004
85656,34120.073000000004
85657,34505.07400000001
85658,34735.072
85659,34210.07000000001
85660,35523.071
85661,35333.07000000001
85662,35153.073000000004
85663,36313.07600000001
85664,35993.073000000004
85665,35908.066000000006
85666,35858.068
85667,35828.069
85668,35838.068
85669,36288.066
85670,35985.06399999999
85671,36770.064999999995
85672,37340.069
85673,37350.066999999995
85674,38495.066999999995
85675,38435.068999999996
85676,40055.06899999999
85677,39270.06999999999
85678,39110.06799999999
85679,38985.06399999999
85680,38950.06699999999
85681,38710.066999999995
85682,38320.066999999995
85683,37135.07
85684,36330.075999999994
85685,36920.075000000004
85686,35945.075
85687,35955.077
85688,36500.079999999994
85689,36230.079999999994
85690,36715.07899999999
85691,36310.077999999994
85692,36285.078
85693,37585.077
85694,37460.07399999999
85695,36725.077000000005
85696,36540.075000000004
85697,36450.073
85698,35675.076
85699,36385.081
85700,35640.081000000006
85701,36305.084
85702,37535.083
85703,37280.08499999999
85704,37880.087
85705,37160.085
85706,38500.08499999999
85707,38175.083
85708,37450.083
85709,43150.082
85710,43830.078
85711,43665.078
85712,42595.083000000006
85713,41510.081000000006
85714,40765.079000000005
85715,41500.083000000006
85716,41770.08700000001
85717,41880.08800000001
85718,43090.08500000001
85719,43610.084
85720,44680.079000000005
85721,43950.079000000005
85722,43750.08
85723,44270.083
85724,44455.081000000006
85725,43225.083
85726,42450.08200000001
85727,42505.08
85728,40260.07900000001
85729,40430.07900000001
85730,38940.07900000001
85731,38970.07800000001
85732,40965.07400000001
85733,40650.073000000004
85734,41045.077000000005
85735,41785.076
85736,42815.073
85737,42565.073
85738,41325.07200000001
85739,34200.07400000001
85740,33980.07400000001
85741,33960.073000000004
85742,35670.07399999999
85743,34440.076
85744,33845.07800000001
85745,34655.077000000005
85746,35680.072
85747,35905.071
85748,37820.064
85749,37615.066
85750,38425.064999999995
85751,38850.063
85752,38640.061
85753,39870.061
85754,39840.062000000005
85755,38070.065
85756,36690.068999999996
85757,36550.068
85758,36265.071
85759,37185.07199999999
85760,36825.070999999996
85761,36625.07199999999
85762,38600.068
85763,38510.06199999999
85764,39115.064999999995
85765,39195.068
85766,39320.072
85767,38935.07399999999
85768,37600.072
85769,37337.076
85770,37142.077
85771,36227.075999999994
85772,35383.078
85773,34802.083000000006
85774,34517.07800000001
85775,35657.082
85776,35747.079
85777,36317.077000000005
85778,37222.083
85779,37817.081000000006
85780,39007.083
85781,37592.085999999996
85782,37372.087999999996
85783,38807.085999999996
85784,39773.08699999999
85785,38238.08699999999
85786,37653.08699999999
85787,39028.087
85788,38098.088
85789,36788.09000000001
85790,35443.09100000001
85791,35590.09100000001
85792,37382.09000000001
85793,37002.090000000004
85794,36742.09300000001
85795,36407.092000000004
85796,36722.098000000005
85797,36687.101
85798,35742.100999999995
85799,35494.102000000006
85800,35554.1
85801,34797.102000000006
85802,34050.100000000006
85803,34230.098000000005
85804,33167.102000000006
85805,34022.102000000006
85806,33848.103
85807,35058.100000000006
85808,35658.102000000006
85809,35965.104
85810,37317.104
85811,37421.109000000004
85812,36631.102000000006
85813,38371.1
85814,39221.096
85815,37951.093
85816,37936.091
85817,37126.092
85818,37126.092
85819,37117.092
85820,36779.08700000001
85821,36829.08700000001
85822,38584.08700000001
85823,36654.091
85824,37219.090000000004
85825,38454.08700000001
85826,38999.090000000004
85827,38562.094000000005
85828,37192.096000000005
85829,36328.10100000001
85830,36208.10500000001
85831,33068.10700000001
85832,35527.107
85833,35047.10600000001
85834,34078.10500000001
85835,34433.11000000001
85836,33858.11300000001
85837,34703.111000000004
85838,36161.11000000001
85839,36379.11000000001
85840,37190.111000000004
85841,37380.11600000001
85842,36839.119000000006
85843,38804.118
85844,40309.12100000001
85845,38014.12100000001
85846,37453.12
85847,36698.124
85848,37490.12700000001
85849,38124.12600000001
85850,37414.128000000004
85851,37574.13300000001
85852,37708.139
85853,37114.14000000001
85854,37406.133
85855,38212.132000000005
85856,39062.128000000004
85857,38658.129
85858,37478.134000000005
85859,36908.134000000005
85860,36729.136000000006
85861,36311.138000000006
85862,36341.14000000001
85863,35556.14200000001
85864,34459.141
85865,34403.14700000001
85866,35181.149000000005
85867,35859.14800000001
85868,36444.155000000006
85869,37322.154
85870,38692.155
85871,38929.154
85872,38414.154
85873,39289.151
85874,41009.16099999999
85875,39739.164
85876,39314.168999999994
85877,38552.173
85878,36343.174999999996
85879,37641.170999999995
85880,37411.174999999996
85881,38016.17799999999
85882,39061.17999999999
85883,38571.183999999994
85884,40568.183
85885,41462.187999999995
85886,41422.189
85887,47569.187999999995
85888,45219.19799999999
85889,38559.202
85890,37726.196
85891,36536.19900000001
85892,36066.198000000004
85893,34851.20300000001
85894,34172.20100000001
85895,34267.202000000005
85896,34402.205
85897,35189.209
85898,35954.213
85899,36037.212
85900,37449.21199999999
85901,37054.214
85902,37271.21
85903,38996.21
85904,40231.217
85905,39506.219
85906,39086.223999999995
85907,38391.227999999996
85908,39341.225999999995
85909,40335.234
85910,40308.23299999999
85911,41323.23399999999
85912,42661.22999999999
85913,41862.232999999986
85914,38387.23899999999
85915,38800.23899999999
85916,41101.24399999999
85917,41849.238
85918,40574.242999999995
85919,38446.248999999996
85920,37590.251
85921,37726.254
85922,36766.253000000004
85923,36031.25100000001
85924,35366.257000000005
85925,35869.264
85926,36174.26500000001
85927,36058.26700000001
85928,37179.272000000004
85929,37564.276
85930,38209.280999999995
85931,37297.282
85932,36914.28400000001
85933,38742.280000000006
85934,39906.289000000004
85935,39988.285
85936,40181.281
85937,39878.279
85938,40794.28400000001
85939,41484.287000000004
85940,41192.286
85941,41887.287000000004
85942,43220.291000000005
85943,43208.297000000006
85944,42165.30400000001
85945,42519.30800000001
85946,42367.30800000001
85947,43225.31100000001
85948,41595.31700000001
85949,40084.325000000004
85950,37054.328
85951,36673.326
85952,36414.33
85953,35319.327000000005
85954,34320.32800000001
85955,35121.336
85956,35630.34
85957,35409.33899999999
85958,35684.34
85959,36000.337999999996
85960,36992.339
85961,37684.337999999996
85962,36634.337
85963,37474.346999999994
85964,38998.35
85965,38197.354999999996
85966,38551.350999999995
85967,39427.346999999994
85968,40240.347
85969,41089.346
85970,41074.352
85971,41164.36
85972,42499.372
85973,42337.37500000001
85974,42854.37700000001
85975,42919.37900000001
85976,45470.37700000001
85977,46020.377
85978,44743.378000000004
85979,43783.384000000005
85980,43916.388000000006
85981,43247.38700000001
85982,42979.39000000001
85983,40911.39100000001
85984,39445.401000000005
85985,39604.41200000001
85986,39901.41100000001
85987,38683.41400000001
85988,39449.41400000001
85989,40481.419000000016
85990,41134.419000000016
85991,41738.43300000002
85992,39884.43800000002
85993,40550.443000000014
85994,41865.43600000001
85995,41589.441000000006
85996,42061.44200000001
85997,42515.44700000001
85998,43087.447000000015
85999,42734.454000000005
86000,42252.45500000001
86001,42769.45700000001
86002,44461.45700000001
86003,44711.46400000001
86004,45958.455000000016
86005,45536.45200000001
86006,43658.44800000001
86007,44084.44900000001
86008,43599.45700000001
86009,42570.46200000001
86010,43337.46500000001
86011,42641.465000000004
86012,42375.46900000001
86013,40146.47400000002
86014,38707.485000000015
86015,39003.49300000001
86016,37962.50100000001
86017,37587.50800000001
86018,37937.50700000001
86019,39888.50900000001
86020,39950.513000000006
86021,40122.51400000001
86022,38556.515000000014
86023,39591.519000000015
86024,40035.52800000002
86025,40569.52900000002
86026,40845.534000000014
86027,40304.53500000002
86028,40831.536000000015
86029,40323.54100000002
86030,40127.540000000015
86031,40311.54600000002
86032,41500.54800000001
86033,41811.553000000014
86034,42810.54900000001
86035,42428.55200000001
86036,43841.55700000001
86037,44735.56300000002
86038,44495.56500000002
86039,43353.572000000015
86040,43341.57500000002
86041,43472.58200000002
86042,42531.58600000002
86043,40741.58600000001
86044,40163.58700000002
86045,40076.589000000014
86046,38743.59200000002
86047,38938.58400000001
86048,39217.58400000001
86049,40631.580000000016
86050,40909.57900000001
86051,41285.569
86052,40440.575000000004
86053,41378.57300000002
86054,42584.57400000001
86055,42544.577000000005
86056,42882.58000000001
86057,42575.59000000002
86058,43270.59100000002
86059,42614.59000000002
86060,42971.585000000014
86061,42601.587000000014
86062,44271.57700000002
86063,45191.57600000001
86064,45486.58600000001
86065,45373.58800000001
86066,46344.59600000001
86067,46355.59500000002
86068,46212.59900000002
86069,46300.591000000015
86070,45668.595000000016
86071,46428.597000000016
86072,45847.60500000002
86073,43762.60100000002
86074,44116.59800000001
86075,44071.59300000001
86076,42944.58900000001
86077,42547.59500000001
86078,42526.59100000001
86079,44362.58100000001
86080,44076.586
86081,43449.59500000001
86082,42716.597
86083,43183.594
86084,43242.59000000001
86085,43775.60000000002
86086,44099.59700000002
86087,43674.59600000002
86088,45143.59000000002
86089,43911.59700000002
86090,44662.59400000002
86091,43694.603000000025
86092,45769.59200000002
86093,47565.587000000014
86094,47182.60000000002
86095,47196.59200000002
86096,48110.592000000026
86097,47323.59800000003
86098,46207.60200000003
86099,45515.60000000003
86100,45237.599000000024
86101,45389.603000000025
86102,45564.60200000002
86103,44793.61300000003
86104,44790.611000000026
86105,44188.615000000034
86106,42652.62700000002
86107,42023.63400000002
86108,42338.633000000016
86109,43187.63700000002
86110,42932.642000000014
86111,43312.63800000002
86112,42940.63500000002
86113,41725.64500000001
86114,41998.63000000001
86115,42442.63600000002
86116,42209.639000000025
86117,42814.63000000002
86118,43688.63300000001
86119,43856.63500000002
86120,43862.642000000014
86121,44073.63400000002
86122,44499.64500000001
86123,44420.64500000001
86124,44954.64000000001
86125,44946.644000000015
86126,44842.65400000001
86127,44830.65400000001
86128,44060.66100000001
86129,43868.66
86130,44124.64900000001
86131,43846.65200000002
86132,44526.65700000001
86133,44392.666000000005
86134,44240.65600000002
86135,43687.648000000016
86136,42350.646000000015
86137,41653.64200000001
86138,42798.63200000001
86139,42547.63500000001
86140,42654.644000000015
86141,43189.64500000002
86142,41658.63900000002
86143,41041.64900000001
86144,41350.64900000001
86145,42422.64700000001
86146,42115.63800000001
86147,43001.63900000001
86148,43643.636000000006
86149,43187.64400000001
86150,42927.640000000014
86151,42626.64800000001
86152,43580.65500000001
86153,42991.65600000002
86154,44068.65100000001
86155,44723.64300000002
86156,45063.639000000025
86157,45777.64900000003
86158,45006.645000000026
86159,43792.65000000002
86160,43706.646000000015
86161,43233.64500000001
86162,42940.650000000016
86163,42235.65100000002
86164,42446.64800000002
86165,40635.65100000003
86166,39442.65200000002
86167,38588.65200000002
86168,39160.657000000014
86169,40129.65700000001
86170,40604.653000000006
86171,39015.66300000001
86172,38758.64600000001
86173,38569.64200000001
86174,38011.643000000004
86175,38757.64
86176,38388.64200000001
86177,36972.64100000001
86178,36556.63500000001
86179,35788.638000000006
86180,35913.63500000001
86181,35963.63400000001
86182,36438.639
86183,35317.63300000001
86184,35943.628000000004
86185,36373.619000000006
86186,37775.60600000001
86187,38862.600000000006
86188,38362.600000000006
86189,38378.59900000001
86190,37182.604
86191,38557.603
86192,38658.596000000005
86193,38514.60200000001
86194,38390.607
86195,37297.60800000001
86196,36528.60800000001
86197,37568.607
86198,37967.602000000006
86199,38173.598000000005
86200,37568.598000000005
86201,36233.58500000001
86202,34902.589
86203,35437.57800000001
86204,35400.568
86205,35730.573000000004
86206,35164.57600000001
86207,33173.572000000015
86208,32960.57100000001
86209,32127.572000000015
86210,32506.581000000017
86211,33099.57300000002
86212,33424.568000000014
86213,33703.56900000002
86214,34077.56500000001
86215,34458.56900000001
86216,35313.559000000016
86217,36352.56000000001
86218,35677.561
86219,36742.556000000004
86220,35721.54400000001
86221,35729.55200000001
86222,36159.561
86223,35417.55400000001
86224,35275.552
86225,33890.55000000001
86226,32143.55500000002
86227,32153.553000000018
86228,32875.54800000001
86229,32707.550000000017
86230,33456.551000000014
86231,32231.54600000002
86232,30662.53800000002
86233,30854.53500000002
86234,31032.527000000024
86235,31660.52500000002
86236,33272.517000000014
86237,31640.51300000002
86238,30722.51900000002
86239,30189.528000000024
86240,31488.51400000002
86241,31420.532000000025
86242,32137.53400000002
86243,31566.53500000002
86244,31991.52900000002
86245,32345.52900000002
86246,32527.52800000002
86247,33055.52200000001
86248,33020.52200000001
86249,32501.52500000002
86250,29960.530000000017
86251,30701.530000000017
86252,30153.532000000017
86253,29832.525000000016
86254,29435.520000000015
86255,27709.525000000016
86256,25889.515000000018
86257,26167.529000000017
86258,27290.528000000017
86259,27869.521000000015
86260,28872.521000000015
86261,27849.522000000015
86262,27088.525000000016
86263,27046.523000000016
86264,27284.52000000001
86265,27430.527000000013
86266,28998.529000000017
86267,27544.530000000013
86268,26715.530000000013
86269,26486.524000000012
86270,27154.528000000013
86271,27354.520000000015
86272,28848.514000000014
86273,28176.512000000013
86274,28962.50100000001
86275,29650.51300000001
86276,30230.507000000012
86277,30412.50100000001
86278,30151.48500000001
86279,29587.471000000012
86280,28324.46900000001
86281,28684.46800000001
86282,27891.464000000014
86283,27492.471000000012
86284,27168.465000000015
86285,26218.462000000014
86286,24476.456000000013
86287,24976.44900000001
86288,26074.437000000016
86289,26785.437000000013
86290,26073.443000000014
86291,25755.44400000001
86292,24793.451000000012
86293,25406.45700000001
86294,24635.45500000001
86295,24976.452000000012
86296,26076.448000000015
86297,25089.445000000014
86298,24370.45200000001
86299,24091.449000000008
86300,24859.448000000008
86301,24588.451000000012
86302,26102.45000000001
86303,25146.451000000012
86304,25812.44800000001
86305,26889.43800000001
86306,27591.441000000013
86307,27102.44200000001
86308,26251.45000000001
86309,26141.445000000014
86310,26173.44900000001
86311,26354.44900000001
86312,25515.445000000014
86313,25573.438000000013
86314,25767.439000000013
86315,24213.432000000015
86316,22881.436000000012
86317,22232.43300000001
86318,22477.43100000001
86319,23320.437000000013
86320,23340.436000000012
86321,22941.42900000001
86322,23287.42200000001
86323,24034.42300000001
86324,24023.42000000001
86325,24398.419000000013
86326,24069.42100000001
86327,24419.42200000001
86328,24405.419000000005
86329,23856.40500000001
86330,23932.40600000001
86331,23581.409000000007
86332,22949.42000000001
86333,22399.42300000001
86334,22768.42100000001
86335,23709.41700000001
86336,24569.41400000001
86337,23560.425000000007
86338,23450.421000000006
86339,21908.426000000007
86340,21203.429000000004
86341,22037.429000000004
86342,22013.417
86343,21990.416
86344,21285.421000000002
86345,20078.420000000002
86346,19676.421000000002
86347,18782.424000000003
86348,18631.417
86349,19618.424000000003
86350,19128.421000000002
86351,18560.417
86352,19113.414
86353,18279.404000000002
86354,18646.398
86355,19513.399
86356,19216.404000000002
86357,18931.402000000002
86358,18883.398
86359,18916.399
86360,19047.4
86361,19824.396
86362,18377.399
86363,18788.394
86364,19408.395000000004
86365,19879.389
86366,21711.383
86367,22569.373
86368,22574.376
86369,21720.368
86370,22464.361999999997
86371,22763.361999999997
86372,22800.354
86373,23240.361999999997
86374,20638.368000000002
86375,18611.369999999995
86376,16653.377999999997
86377,16328.379999999997
86378,16263.377999999997
86379,15080.386999999999
86380,13256.391
86381,12106.392
86382,12447.395
86383,11780.399000000001
86384,11403.409000000003
86385,12397.421000000006
86386,12346.422000000006
86387,12149.423000000008
86388,12006.43300000001
86389,13118.44100000001
86390,13871.444000000012
86391,13059.457000000015
86392,11785.469000000016
86393,10853.491000000018
86394,10910.499000000018
86395,10117.511000000017
86396,8301.541000000021
86397,7204.562000000015
86398,6197.589000000019
86399,1384.6349999999964
86400,953.4389999999969
86401,2431.4250000000034
86402,3946.4120000000134
86403,5471.398000000018
86404,5863.386000000017
86405,7681.374000000016
86406,8336.370000000015
86407,9756.369000000015
86408,10431.367000000015
86409,11859.363000000014
86410,14511.356000000014
86411,13856.355000000012
86412,13744.35100000001
86413,12857.35300000001
86414,13004.349000000007
86415,11608.353000000006
86416,11497.353000000006
86417,10635.353000000005
86418,10535.356000000003
86419,10340.350000000002
86420,9325.348000000002
86421,11233.342
86422,12198.337000000001
86423,15701.322
86424,17816.314000000006
86425,19551.311000000005
86426,20191.309
86427,21013.308
86428,22193.3
86429,21606.298999999995
86430,20816.301999999996
86431,19911.302
86432,19639.301000000003
86433,17919.306999999997
86434,17959.308999999997
86435,17939.315
86436,17866.319
86437,18096.325
86438,16956.321000000004
86439,17454.322
86440,17974.315
86441,19014.309
86442,19339.301
86443,17734.309
86444,16534.305
86445,15522.304999999998
86446,15612.304
86447,15499.304
86448,16374.296999999999
86449,16146.297
86450,15344.295
86451,14169.291000000001
86452,14274.292000000001
86453,15734.292000000001
86454,15544.289000000004
86455,16444.286
86456,16809.284000000003
86457,16599.285000000003
86458,16539.293000000005
86459,16291.287000000004
86460,16046.288000000006
86461,16847.284000000007
86462,17240.279000000006
86463,17245.272000000004
86464,17835.264000000006
86465,18175.264000000003
86466,17462.269000000008
86467,17277.257000000005
86468,16867.253000000004
86469,17100.242000000006
86470,18262.242000000006
86471,17824.242000000006
86472,16342.242000000006
86473,15787.237000000005
86474,16367.230000000003
86475,15967.219000000003
86476,16317.219000000003
86477,16867.217000000004
86478,17237.210000000003
86479,16379.211000000005
86480,15797.208000000004
86481,15957.206000000006
86482,16812.198000000004
86483,16792.20300000001
86484,16217.203000000005
86485,16467.198000000004
86486,16667.197000000007
86487,16639.200000000004
86488,17044.198000000004
86489,22524.205000000005
86490,21525.207000000006
86491,21900.210000000006
86492,22318.206000000006
86493,22298.210000000006
86494,22311.209000000006
86495,23319.208000000006
86496,22749.208000000006
86497,23346.205
86498,23136.206000000006
86499,23746.203
86500,24559.203
86501,23766.202
86502,23006.199
86503,23217.199
86504,22837.201000000005
86505,22252.205000000005
86506,22412.210000000003
86507,22221.210000000003
86508,22034.209000000006
86509,21264.210000000006
86510,20684.209000000003
86511,20699.206000000006
86512,21254.212000000007
86513,21849.208000000002
86514,21864.209000000003
86515,22024.213000000003
86516,22799.212000000003
86517,22619.209000000003
86518,23224.206000000006
86519,23596.209000000006
86520,22654.207000000006
86521,23806.209000000006
86522,23991.208000000002
86523,23239.206000000006
86524,24414.206000000002
86525,25399.204
86526,29711.204
86527,29883.206000000002
86528,29716.202
86529,29504.204
86530,30884.203
86531,29539.201
86532,28734.203
86533,29507.204
86534,28537.203
86535,27777.202
86536,28002.2
86537,27597.203
86538,27979.203
86539,28394.201
86540,22284.203
86541,22274.206000000002
86542,22469.207000000002
86543,21684.208000000002
86544,21714.203000000005
86545,22289.204
86546,22719.199000000004
86547,22929.198000000004
86548,22707.204000000005
86549,23087.206000000006
86550,21892.209000000003
86551,24037.209000000003
86552,24232.206000000002
86553,23401.210000000003
86554,23449.207000000006
86555,24219.207000000002
86556,24779.208000000002
86557,25179.206000000002
86558,25577.205
86559,25567.206000000002
86560,26529.207000000002
86561,25389.203
86562,24399.206000000002
86563,24386.208000000002
86564,24564.205
86565,23191.208000000002
86566,22976.210000000006
86567,22583.213000000003
86568,22563.214000000007
86569,23158.215000000004
86570,22933.218000000004
86571,22735.219000000005
86572,23591.212000000003
86573,23789.213000000003
86574,23566.217000000004
86575,18243.220000000005
86576,18230.221000000005
86577,18261.218000000004
86578,18471.216000000004
86579,17501.217000000008
86580,16326.218000000004
86581,18278.217000000004
86582,17931.213000000003
86583,17569.209000000003
86584,17964.209000000006
86585,18154.208000000002
86586,18929.205
86587,19699.205
86588,20869.203000000005
86589,21454.203000000005
86590,22834.2
86591,21424.202000000005
86592,21237.200000000004
86593,20392.206000000002
86594,19987.205
86595,20002.201000000005
86596,19812.194000000003
86597,19637.191000000003
86598,19052.189000000002
86599,20022.189000000002
86600,19427.188000000002
86601,19577.193000000003
86602,19161.194000000003
86603,20529.192000000003
86604,19954.190000000002
86605,19964.189000000002
86606,20754.183000000005
86607,20179.183000000005
86608,20212.180000000004
86609,19597.182
86610,19202.179000000004
86611,20151.179000000004
86612,20331.178000000004
86613,19176.176000000003
86614,19194.173000000003
86615,19394.172000000002
86616,19974.173000000003
86617,20354.178000000004
86618,21504.179000000004
86619,21271.184000000005
86620,21451.184000000005
86621,20431.190000000006
86622,21026.187000000005
86623,21386.186
86624,21166.188
86625,20366.191
86626,20211.187
86627,20409.184999999998
86628,19824.185
86629,21179.185
86630,21766.183000000005
86631,21951.180000000004
86632,20951.18
86633,21731.18
86634,22293.18
86635,23078.18
86636,22493.179
86637,22305.179
86638,22085.181
86639,22665.183000000005
86640,22282.180000000004
86641,22087.181000000004
86642,22303.182000000004
86643,21903.182000000004
86644,20164.183000000005
86645,20339.190000000002
86646,20784.188000000006
86647,21598.189000000006
86648,21997.192000000003
86649,20046.193000000003
86650,20586.194000000003
86651,21411.190000000002
86652,21986.192000000003
86653,21986.196000000004
86654,22600.195000000003
86655,22657.189000000002
86656,22489.192000000003
86657,22691.193000000003
86658,22463.196000000004
86659,24218.196000000004
86660,24995.196000000004
86661,24608.196000000004
86662,23630.199000000004
86663,24240.197000000004
86664,24615.199000000004
86665,25993.203000000005
86666,25614.203000000005
86667,25031.203000000005
86668,25061.201000000005
86669,24712.199000000004
86670,23730.203000000005
86671,22991.203000000005
86672,22430.202000000005
86673,22447.202000000005
86674,21496.201000000005
86675,21716.200000000004
86676,22871.202000000005
86677,24057.206000000006
86678,23137.205000000005
86679,21997.202000000005
86680,21470.200000000004
86681,22268.202000000005
86682,23012.206000000006
86683,23250.207000000006
86684,24057.204000000005
86685,24845.206000000006
86686,24441.209000000006
86687,24712.208000000006
86688,25715.211000000007
86689,27256.216000000004
86690,28114.210000000003
86691,27899.212000000003
86692,26514.217000000004
86693,27507.217000000008
86694,28738.211000000007
86695,29383.209000000006
86696,29383.208000000006
86697,28415.214000000004
86698,28456.213000000003
86699,28638.215000000004
86700,27008.221
86701,26282.218000000004
86702,25691.218000000004
86703,25784.216000000004
86704,24182.217000000004
86705,24292.213000000003
86706,25088.215000000004
86707,25506.211000000003
86708,24383.204999999998
86709,23823.206000000002
86710,22870.208000000002
86711,23508.211
86712,24475.215
86713,24327.215000000004
86714,25080.217000000004
86715,26431.217000000004
86716,26314.213000000003
86717,27162.208000000002
86718,27554.204
86719,28517.206000000002
86720,29501.204
86721,29658.208000000002
86722,29533.206000000002
86723,29722.209000000003
86724,30126.209000000003
86725,31490.204
86726,31482.209000000003
86727,31062.211000000003
86728,31453.209000000003
86729,31000.208000000002
86730,28822.209000000003
86731,27559.205
86732,27414.204
86733,28012.203
86734,26863.202
86735,26523.193
86736,27472.195
86737,27897.192
86738,26735.191
86739,25386.19
86740,24462.184
86741,24315.184
86742,24898.184
86743,24529.183
86744,25359.189000000002
86745,26222.185
86746,26195.186
86747,26293.179
86748,26876.18
86749,28077.177
86750,29240.178
86751,29408.176
86752,29030.175
86753,29268.172
86754,30518.168
86755,31915.166
86756,31934.167
86757,31141.171000000002
86758,31545.175
86759,31583.175000000003
86760,31374.176000000003
86761,30624.170000000002
86762,30252.174000000003
86763,30246.174000000003
86764,29075.174000000003
86765,28495.172000000002
86766,29802.173000000003
86767,30661.168
86768,29944.166
86769,28558.166
86770,27632.166000000005
86771,26827.177000000003
86772,27658.181000000004
86773,27794.189000000006
86774,28592.193000000003
86775,28835.194000000003
86776,27647.193000000003
86777,28415.193000000003
86778,28988.212000000003
86779,30435.212000000003
86780,31854.214000000004
86781,31674.220000000005
86782,31373.225000000002
86783,31639.226000000002
86784,31847.235000000004
86785,33232.235
86786,33427.23
86787,32821.237
86788,32343.237000000005
86789,31948.243000000006
86790,30780.243000000006
86791,29590.247000000003
86792,28267.248000000007
86793,27781.261000000006
86794,26342.271000000004
86795,26138.270000000004
86796,27331.27
86797,27741.272000000004
86798,26810.272
86799,26692.27
86800,26321.272
86801,25783.280000000006
86802,26058.279000000006
86803,26345.275000000005
86804,26735.270000000004
86805,27764.271000000008
86806,27774.272000000004
86807,29043.268000000004
86808,29824.270000000004
86809,31352.27
86810,30812.267
86811,31546.269
86812,31527.266000000003
86813,32264.269000000004
86814,32426.274
86815,34086.276
86816,34632.281
86817,34134.289
86818,33979.28
86819,33953.282
86820,32462.275
86821,31319.266
86822,30252.260000000006
86823,30085.260000000006
86824,28831.267
86825,29349.266
86826,29917.27
86827,30218.279000000002
86828,28991.275
86829,28728.277000000002
86830,27728.278000000002
86831,27795.274
86832,29020.265000000007
86833,29805.260000000006
86834,29510.255000000005
86835,30589.239000000005
86836,29991.234000000004
86837,29939.237000000005
86838,30373.231000000007
86839,31983.220000000005
86840,33178.22
86841,33318.227000000006
86842,32827.224
86843,34064.206000000006
86844,34056.206000000006
86845,34869.201
86846,34824.197
86847,34826.194
86848,34294.192
86849,34296.196
86850,33259.200000000004
86851,32826.200000000004
86852,31837.188000000006
86853,31566.189000000006
86854,30575.191000000006
86855,29103.201000000005
86856,30595.201000000005
86857,30790.195000000007
86858,30142.198000000008
86859,29599.196000000007
86860,29643.191000000006
86861,30199.186000000005
86862,30605.179000000007
86863,31250.170000000006
86864,31535.167000000005
86865,31754.161000000007
86866,30997.152000000006
86867,31353.144000000004
86868,31094.146000000004
86869,31757.143000000007
86870,33077.14000000001
86871,33119.125
86872,32762.122000000007
86873,34131.12300000001
86874,34192.12100000001
86875,34382.12
86876,34210.12
86877,33986.122
86878,34841.113
86879,35201.113
86880,34709.113999999994
86881,34571.109
86882,33581.111000000004
86883,31625.117000000002
86884,31214.116000000005
86885,31057.112000000005
86886,32019.113000000005
86887,32401.110000000004
86888,32160.113000000005
86889,31220.109000000004
86890,31050.108000000004
86891,31745.106000000003
86892,32142.103000000003
86893,31882.107000000004
86894,32632.104000000003
86895,32251.104000000003
86896,30771.104000000003
86897,30719.108000000004
86898,30844.112000000005
86899,31629.110000000004
86900,31977.108000000004
86901,31210.112000000005
86902,31560.110000000004
86903,33135.10600000001
86904,32810.101
86905,33362.103
86906,33205.100000000006
86907,33461.09500000001
86908,33033.098000000005
86909,33358.099
86910,33003.097
86911,32396.098000000005
86912,30436.098000000005
86913,30062.093000000004
86914,29569.090000000007
86915,29614.084000000006
86916,30844.081000000002
86917,31484.079000000005
86918,30708.078000000005
86919,29928.077000000005
86920,29718.078000000005
86921,30704.077000000005
86922,31681.076000000005
86923,32187.07800000001
86924,32319.079000000005
86925,32335.079000000005
86926,32119.075000000004
86927,31734.074000000004
86928,32909.07
86929,33133.069
86930,33518.068999999996
86931,33277.06800000001
86932,33478.069
86933,34343.06599999999
86934,34534.06399999999
86935,34254.06599999999
86936,33714.058999999994
86937,33689.058
86938,33262.058000000005
86939,32707.055000000008
86940,31577.053000000007
86941,30930.055000000004
86942,29395.055000000004
86943,28045.058000000008
86944,29160.05900000001
86945,29160.05900000001
86946,29880.06100000001
86947,30490.06100000001
86948,30275.060000000005
86949,30115.05900000001
86950,30360.05900000001
86951,31800.054000000007
86952,32600.055000000008
86953,32975.05500000001
86954,32640.055000000008
86955,33415.056000000004
86956,33420.05500000001
86957,33215.05700000001
86958,33380.058000000005
86959,33805.056000000004
86960,34200.05500000001
86961,33950.056000000004
86962,34115.05700000001
86963,34760.056000000004
86964,34405.054000000004
86965,34090.05
86966,33720.05100000001
86967,33380.05100000001
86968,32985.052
86969,32875.05
86970,32670.053000000007
86971,31765.058000000005
86972,30620.058000000008
86973,29625.057000000004
86974,29980.059000000005
86975,29625.057000000008
86976,30380.058000000005
86977,31000.056000000008
86978,30960.060000000005
86979,30465.058000000008
86980,31195.058000000008
86981,32005.058000000008
86982,32365.05900000001
86983,33180.05700000001
86984,33185.056000000004
86985,34215.05500000001
86986,33665.054000000004
86987,33890.05300000001
86988,33765.05
86989,34115.05300000001
86990,34735.05100000001
86991,34605.05
86992,35200.048
86993,35585.049
86994,35625.046
86995,34415.049
86996,34690.049
86997,34595.044
86998,34660.042
86999,34300.041
87000,33290.043000000005
87001,33070.043000000005
87002,32300.041000000005
87003,31515.042000000005
87004,32035.045000000006
87005,31665.047000000006
87006,32255.053000000007
87007,32270.055000000008
87008,32145.051000000007
87009,32180.049000000006
87010,32775.048
87011,32480.053000000007
87012,33070.052
87013,33480.05300000001
87014,33125.05100000001
87015,33915.049000000006
87016,32935.05100000001
87017,33900.049000000006
87018,33480.05100000001
87019,34525.047000000006
87020,35140.046
87021,35505.046
87022,36285.047
87023,41425.045
87024,40795.049
87025,40905.05099999999
87026,41850.051999999996
87027,40755.056
87028,40630.061
87029,34850.055
87030,33850.055
87031,33375.05300000001
87032,32430.053000000007
87033,32265.053000000007
87034,32490.052000000003
87035,32265.053000000007
87036,32800.054000000004
87037,33385.054000000004
87038,33390.055
87039,33800.058000000005
87040,33900.062000000005
87041,33955.063
87042,33670.067
87043,34680.065
87044,33920.067
87045,33920.067
87046,32740.069000000007
87047,33550.06800000001
87048,33220.066000000006
87049,33080.065
87050,34000.067
87051,34010.07000000001
87052,34655.068
87053,34450.07
87054,34645.071
87055,34865.072
87056,35475.073
87057,34155.075000000004
87058,33830.07200000001
87059,33675.069
87060,32790.066000000006
87061,32010.06600000001
87062,31350.06400000001
87063,30770.065000000006
87064,31000.063000000006
87065,31230.061000000005
87066,31025.063000000006
87067,31300.062000000005
87068,32085.06100000001
87069,33440.058000000005
87070,33310.05500000001
87071,32910.05700000001
87072,33300.05700000001
87073,33630.05900000001
87074,33400.06100000001
87075,33135.06500000001
87076,32485.069000000007
87077,33140.06500000001
87078,32610.06400000001
87079,32510.06900000001
87080,33770.066000000006
87081,34225.06300000001
87082,34785.06300000001
87083,35425.062000000005
87084,36020.060000000005
87085,36585.057
87086,37160.060000000005
87087,37710.061
87088,37660.061
87089,36645.064
87090,36415.062000000005
87091,36460.058
87092,35685.057
87093,34775.05500000001
87094,34920.05500000001
87095,34535.054000000004
87096,34480.05700000001
87097,34570.05500000001
87098,34030.058000000005
87099,34785.058000000005
87100,34360.064
87101,34040.065
87102,34235.06700000001
87103,35025.065
87104,35110.064999999995
87105,36060.064999999995
87106,35310.064
87107,35895.064999999995
87108,34560.064000000006
87109,34335.066000000006
87110,34830.069
87111,34660.069
87112,34580.075000000004
87113,35385.075000000004
87114,35980.075000000004
87115,35805.078
87116,37440.074
87117,37245.074
87118,38740.075999999994
87119,38165.07399999999
87120,37570.078
87121,36820.077000000005
87122,36110.073000000004
87123,34925.07200000001
87124,34800.06700000001
87125,33530.06700000001
87126,33505.06700000001
87127,33340.066000000006
87128,34180.064000000006
87129,34750.06700000001
87130,34760.06500000001
87131,34910.06900000001
87132,35885.07
87133,36530.069
87134,36840.072
87135,37630.06999999999
87136,36710.07
87137,37220.071
87138,35770.07000000001
87139,35610.06800000001
87140,36745.07000000001
87141,36195.068
87142,36095.068999999996
87143,36460.068999999996
87144,38050.066
87145,37050.07
87146,38565.07
87147,38500.07
87148,38790.071
87149,39055.066999999995
87150,37675.07
87151,37870.07
87152,37315.069
87153,36115.075
87154,34740.07600000001
87155,34620.071
87156,34050.07200000001
87157,33820.07400000001
87158,34590.07600000001
87159,35475.075000000004
87160,34985.075000000004
87161,34850.07200000001
87162,35420.06900000001
87163,36295.065
87164,36320.064000000006
87165,37525.060999999994
87166,37515.062999999995
87167,37665.06599999999
87168,36470.06599999999
87169,35770.069
87170,36460.062999999995
87171,35445.066
87172,36050.066999999995
87173,36855.066999999995
87174,38255.064999999995
87175,37745.058999999994
87176,38195.057
87177,37465.057
87178,37890.05499999999
87179,39535.049
87180,39275.052
87181,39575.055
87182,37810.057
87183,37035.056000000004
87184,35805.05700000001
87185,35600.059
87186,35205.060000000005
87187,35280.060000000005
87188,35360.059
87189,35355.060000000005
87190,36000.058
87191,36200.057
87192,36365.059
87193,36130.062999999995
87194,35880.066
87195,36990.068
87196,36885.064999999995
87197,37635.068
87198,36915.064999999995
87199,35320.067
87200,35090.071
87201,34475.07400000001
87202,34705.07800000001
87203,34865.08200000001
87204,36440.08
87205,36203.078
87206,37013.077
87207,36198.07899999999
87208,36078.08299999999
87209,37518.08
87210,36987.077
87211,37777.076
87212,35639.08000000001
87213,35439.081000000006
87214,34506.078
87215,33863.08000000001
87216,33528.079000000005
87217,34278.081000000006
87218,34693.082
87219,35533.081000000006
87220,36081.083000000006
87221,36112.081000000006
87222,36702.08000000001
87223,36087.082
87224,36452.082
87225,36910.088
87226,36490.08900000001
87227,36887.08900000001
87228,36337.08800000001
87229,34942.08900000001
87230,35338.08400000001
87231,35317.08500000001
87232,35911.08500000001
87233,37176.081000000006
87234,37772.08200000001
87235,37577.082
87236,38561.082
87237,37731.083
87238,37436.090000000004
87239,43371.09
87240,43272.084
87241,43356.08
87242,41812.081000000006
87243,41803.08300000001
87244,41018.084
87245,40463.084
87246,40296.084
87247,41891.08200000001
87248,41689.084
87249,42134.084
87250,42894.08300000001
87251,42724.08500000001
87252,42903.08500000001
87253,42118.08600000001
87254,41663.08900000001
87255,42253.088
87256,41428.095000000016
87257,41248.098
87258,40055.10100000001
87259,38539.10200000001
87260,38312.103
87261,38117.10300000001
87262,39353.10500000001
87263,40333.104000000014
87264,41539.10000000001
87265,41204.09900000001
87266,41789.09900000001
87267,40779.10100000001
87268,41234.098000000005
87269,41041.099
87270,40689.09600000001
87271,41434.098000000005
87272,41079.09600000001
87273,41464.09700000001
87274,41051.098000000005
87275,40788.09700000001
87276,40848.098000000005
87277,41683.098000000005
87278,41454.10100000001
87279,36149.105
87280,36625.11200000001
87281,35845.113000000005
87282,35917.114
87283,35332.118
87284,34852.124
87285,36052.125
87286,35932.12100000001
87287,35881.126000000004
87288,36167.125
87289,35756.12300000001
87290,35639.132000000005
87291,35704.130000000005
87292,35560.128000000004
87293,35741.133
87294,35970.133
87295,35392.136000000006
87296,36372.136000000006
87297,36191.137
87298,36372.141
87299,36185.147000000004
87300,35010.149
87301,35584.151999999995
87302,35234.153
87303,35219.157
87304,34564.162000000004
87305,33684.164000000004
87306,33750.171
87307,34695.176
87308,34335.174999999996
87309,34191.173
87310,34796.170999999995
87311,34145.172
87312,34930.167
87313,34725.166
87314,34744.168000000005
87315,36471.170999999995
87316,35520.172
87317,35155.173
87318,35663.177
87319,35212.183000000005
87320,36365.183999999994
87321,36181.18699999999
87322,35271.192
87323,35110.194
87324,35145.197
87325,33585.202000000005
87326,35374.203
87327,34826.202000000005
87328,35316.202
87329,35887.206
87330,35101.206
87331,36347.204999999994
87332,35368.210999999996
87333,34555.214
87334,33150.22200000001
87335,32637.223000000005
87336,31702.226000000006
87337,32580.22700000001
87338,32997.22900000001
87339,32227.227000000006
87340,32612.22600000001
87341,31704.218000000008
87342,31569.22200000001
87343,31658.22800000001
87344,31432.23300000001
87345,33620.231
87346,33178.232
87347,32937.236000000004
87348,33324.23
87349,33489.22900000001
87350,35061.232
87351,35194.235
87352,35549.238
87353,36506.239
87354,36948.238000000005
87355,35873.244000000006
87356,36590.244000000006
87357,36502.25
87358,36765.252
87359,37304.25200000001
87360,36144.255000000005
87361,37627.253000000004
87362,37818.255000000005
87363,37924.253000000004
87364,36969.25800000001
87365,36235.25800000001
87366,35498.27100000001
87367,36005.271
87368,36054.276000000005
87369,35575.28
87370,35803.28300000001
87371,34669.28200000001
87372,34265.288
87373,33127.29400000001
87374,34463.29400000001
87375,35925.298
87376,35187.30000000001
87377,35468.29800000001
87378,35455.297000000006
87379,35179.297000000006
87380,36756.29700000001
87381,36829.293000000005
87382,36821.30700000001
87383,36716.31700000001
87384,37681.31300000001
87385,37136.31300000001
87386,38269.31300000001
87387,38373.317
87388,38932.31700000001
87389,39576.322
87390,38547.321
87391,39986.325000000004
87392,39065.327000000005
87393,39621.31900000001
87394,37651.31700000001
87395,37338.31800000001
87396,38368.315
87397,38681.32000000001
87398,38348.31700000001
87399,38142.323000000004
87400,38105.329000000005
87401,36797.333000000006
87402,35956.336
87403,35535.335
87404,37684.33
87405,39205.33
87406,38176.333000000006
87407,38233.328
87408,38121.326
87409,37629.331
87410,39397.332
87411,40014.33000000001
87412,41099.32700000001
87413,40753.331000000006
87414,40864.340000000004
87415,40218.344000000005
87416,40790.350000000006
87417,40878.346000000005
87418,41660.346999999994
87419,41777.34999999999
87420,40354.35599999999
87421,41841.348999999995
87422,41505.348999999995
87423,43061.351
87424,39675.35400000001
87425,38970.357
87426,39155.36
87427,40328.367
87428,40191.361000000004
87429,40068.369000000006
87430,39647.372
87431,38843.367000000006
87432,39275.37400000002
87433,37729.377000000015
87434,38827.38800000001
87435,39806.39300000001
87436,39461.39500000001
87437,38863.400000000016
87438,38098.40600000002
87439,38258.41100000002
87440,39900.41200000002
87441,40219.419000000016
87442,40818.42000000002
87443,40820.42400000002
87444,41627.42200000001
87445,41023.425000000025
87446,41420.42800000002
87447,40577.42700000002
87448,40538.43300000003
87449,40556.436000000016
87450,40551.43000000002
87451,41993.42400000002
87452,41236.425000000025
87453,42233.41800000001
87454,41098.422000000006
87455,40686.426000000014
87456,41266.43900000002
87457,42033.44300000002
87458,41904.450000000026
87459,41431.450000000026
87460,41034.45300000002
87461,39737.455000000016
87462,40259.465000000026
87463,40177.459000000024
87464,41251.45900000004
87465,42272.47000000003
87466,42173.47300000003
87467,42791.46600000003
87468,42462.46700000002
87469,42823.46500000002
87470,44264.46400000002
87471,43432.476000000024
87472,43734.47900000003
87473,43664.48100000002
87474,43448.49100000003
87475,42481.49500000002
87476,42898.504000000015
87477,41431.51100000002
87478,40921.51000000002
87479,41209.50200000002
87480,40548.50500000003
87481,42458.50700000002
87482,41468.51500000002
87483,41782.512000000024
87484,40925.50500000003
87485,40958.50000000002
87486,40820.50800000002
87487,41453.51800000002
87488,42644.51700000003
87489,42633.518000000025
87490,42094.51900000002
87491,40273.52100000002
87492,40592.529000000024
87493,46922.53600000002
87494,48408.53200000001
87495,49070.542
87496,48200.55000000002
87497,48888.54900000001
87498,48357.55800000002
87499,48800.56000000003
87500,50101.56500000002
87501,49120.568000000014
87502,49092.57800000001
87503,49758.580000000016
87504,49725.57900000001
87505,48695.58500000002
87506,48947.58500000001
87507,47700.59400000001
87508,47858.60400000001
87509,47886.60500000001
87510,46700.61800000002
87511,47596.621000000014
87512,47137.62300000002
87513,46524.621000000014
87514,44948.61800000002
87515,44694.62300000001
87516,45322.611000000004
87517,45597.60800000001
87518,45722.61700000001
87519,46305.619000000006
87520,47372.60500000001
87521,46174.60100000001
87522,46760.59600000002
87523,46705.60300000002
87524,48297.59700000002
87525,49037.596000000005
87526,49209.60100000001
87527,50165.60200000001
87528,43475.61800000002
87529,43679.616000000016
87530,44332.623
87531,44379.622
87532,44953.627000000015
87533,45386.61800000002
87534,45119.61900000002
87535,45365.62000000002
87536,45825.608000000015
87537,44938.61800000001
87538,45494.621000000014
87539,45442.62300000001
87540,44206.61700000001
87541,44215.618
87542,43909.62200000001
87543,43338.617000000006
87544,42527.61300000002
87545,41377.61800000002
87546,40945.628000000026
87547,40600.640000000014
87548,40881.64100000002
87549,41295.64200000002
87550,41813.642000000014
87551,41402.644
87552,40576.64500000001
87553,42126.628
87554,42858.62700000001
87555,43099.62
87556,43057.630000000005
87557,43810.63000000001
87558,43374.628000000004
87559,43219.626000000004
87560,43638.629
87561,44586.627000000015
87562,44355.63800000001
87563,44089.637
87564,44474.636000000006
87565,44386.630000000005
87566,44755.626000000004
87567,49526.641
87568,49502.636
87569,48800.637
87570,47239.643000000004
87571,48150.644
87572,48528.633
87573,48310.63900000001
87574,47257.64200000001
87575,46346.649000000005
87576,45926.64800000001
87577,45472.64500000001
87578,45066.645000000004
87579,45737.63600000001
87580,46684.633
87581,45001.63200000001
87582,45444.624
87583,45962.618
87584,41222.624
87585,42464.61900000001
87586,42766.619000000006
87587,43712.62600000001
87588,43932.626000000004
87589,43653.618
87590,44026.61000000001
87591,44434.623
87592,43194.62100000001
87593,43275.622
87594,42662.62700000001
87595,43196.63200000001
87596,43922.62800000001
87597,43977.62400000002
87598,44769.62500000001
87599,44708.619000000006
87600,43845.61700000001
87601,43718.631000000016
87602,43358.62000000002
87603,42193.61400000002
87604,41635.61400000002
87605,40549.61700000002
87606,39609.62400000001
87607,39050.61900000002
87608,38296.62400000002
87609,38977.61800000002
87610,40198.61900000002
87611,40002.62000000001
87612,40479.60900000001
87613,40873.610000000015
87614,40928.60900000001
87615,41234.602000000006
87616,41280.60300000001
87617,41605.609000000004
87618,40197.606999999996
87619,38862.614
87620,37305.618
87621,37888.6
87622,37533.601
87623,37857.590000000004
87624,37578.58500000001
87625,37620.585999999996
87626,37957.585
87627,37935.58500000001
87628,39862.57600000001
87629,39722.574
87630,38313.573000000004
87631,37665.571
87632,37763.56500000001
87633,36888.56500000001
87634,36627.557
87635,36213.547
87636,34780.561
87637,33797.554000000004
87638,33166.55800000002
87639,33714.55200000002
87640,35153.549
87641,34097.54500000001
87642,35183.544
87643,35264.551
87644,35740.543000000005
87645,35692.549
87646,36222.545999999995
87647,37136.54899999999
87648,36484.545999999995
87649,35482.53999999999
87650,35906.528999999995
87651,36594.537
87652,35699.534
87653,35705.530999999995
87654,35323.528999999995
87655,36101.531
87656,36456.525
87657,35764.533
87658,36971.523
87659,37023.528000000006
87660,35633.528
87661,35627.52
87662,35381.515
87663,34601.507000000005
87664,34430.50800000001
87665,32948.51100000002
87666,32709.512000000024
87667,31099.518000000025
87668,31486.51700000002
87669,31555.51900000002
87670,32692.517000000018
87671,31604.51700000002
87672,32503.51400000002
87673,32188.50700000002
87674,32187.50900000002
87675,32207.508000000023
87676,31454.510000000024
87677,33049.50400000001
87678,32094.508000000023
87679,30505.510000000024
87680,30904.512000000028
87681,31483.511000000024
87682,29941.511000000024
87683,31017.49800000002
87684,30669.504000000023
87685,31222.49800000002
87686,31906.490000000023
87687,31549.487000000023
87688,32623.49200000002
87689,33681.488000000005
87690,33037.47900000002
87691,32989.47800000002
87692,32626.486000000023
87693,31792.49400000002
87694,31559.49200000002
87695,31513.49100000002
87696,31855.49100000002
87697,30209.500000000022
87698,30306.504000000023
87699,30050.504000000023
87700,30046.51100000002
87701,29010.51400000002
87702,28919.51400000002
87703,28217.510000000024
87704,28750.513000000024
87705,28261.503000000022
87706,28139.50100000002
87707,28802.50600000002
87708,28670.50200000002
87709,28860.501000000022
87710,28951.50500000002
87711,29133.50000000002
87712,29003.50000000002
87713,29966.50600000002
87714,29663.50100000002
87715,30367.496000000017
87716,29908.499000000018
87717,30595.48500000002
87718,30618.47700000002
87719,29067.472000000023
87720,28384.47400000002
87721,28535.46800000002
87722,27892.47100000002
87723,27427.460000000017
87724,26655.46100000002
87725,27222.44800000002
87726,27263.45100000002
87727,26131.44700000002
87728,25484.45200000002
87729,25620.457000000017
87730,25691.460000000017
87731,25993.45700000002
87732,26231.457000000013
87733,26233.44900000001
87734,26691.450000000015
87735,25962.444000000014
87736,25115.44700000001
87737,26615.452000000012
87738,26598.452000000012
87739,26079.46100000001
87740,25967.460000000014
87741,25320.456000000013
87742,25267.452000000012
87743,25983.44100000001
87744,25945.43200000001
87745,25807.436000000012
87746,25849.44000000001
87747,25415.43400000001
87748,26413.42700000001
87749,25810.42500000001
87750,25447.428000000014
87751,25725.431000000015
87752,25704.425000000014
87753,24496.425000000014
87754,24115.42200000001
87755,23852.43000000001
87756,23644.43000000001
87757,23394.425000000007
87758,22503.42100000001
87759,23476.42000000001
87760,24239.41700000001
87761,23081.425000000007
87762,23238.424000000006
87763,23509.417000000005
87764,24228.41700000001
87765,24416.413000000008
87766,24274.40200000001
87767,24160.395000000008
87768,23804.401000000005
87769,23927.397000000004
87770,23465.39800000001
87771,23693.398000000005
87772,23307.394000000004
87773,23346.396000000008
87774,22578.403000000002
87775,22719.393000000004
87776,21566.399
87777,21512.397000000004
87778,21974.399000000005
87779,21036.403
87780,20579.403
87781,21093.401
87782,20343.409000000003
87783,20162.408000000003
87784,20337.408000000003
87785,20799.410000000003
87786,20826.397
87787,20254.404000000002
87788,19968.405
87789,20748.399
87790,21070.394000000004
87791,20485.391000000003
87792,21329.385000000002
87793,20746.384000000002
87794,20942.381
87795,21308.377
87796,21644.378
87797,20943.38
87798,20889.382
87799,21152.369
87800,20772.375
87801,20375.374
87802,20359.379
87803,19760.374000000003
87804,19770.364
87805,19440.367000000002
87806,20481.367000000002
87807,20414.363
87808,21960.352
87809,21247.353
87810,22119.340999999997
87811,22595.337999999996
87812,20930.345999999998
87813,19662.352
87814,19637.352
87815,19140.355
87816,16526.358
87817,16202.366
87818,14695.377000000002
87819,14181.387000000002
87820,12302.388000000003
87821,12284.390000000003
87822,12404.391000000003
87823,12768.403000000006
87824,12846.407000000007
87825,12940.409000000005
87826,13832.411000000006
87827,14467.416000000008
87828,13691.417000000009
87829,14613.41800000001
87830,14500.428000000014
87831,13936.443000000016
87832,13862.449000000015
87833,11688.466000000015
87834,10798.486000000017
87835,10035.50000000002
87836,9138.52200000002
87837,5433.547000000008
87838,4475.572000000015
87839,913.6089999999995
87840,1505.4309999999962
87841,3192.4180000000074
87842,4362.404000000016
87843,5451.3950000000195
87844,7152.386000000017
87845,8212.379000000017
87846,9750.373000000018
87847,10360.373000000018
87848,12120.367000000017
87849,13583.363000000018
87850,15493.363000000014
87851,14553.360000000013
87852,14273.360000000011
87853,14211.350000000008
87854,12896.350000000006
87855,12551.353000000006
87856,11609.353000000005
87857,11845.355000000005
87858,11392.348000000002
87859,10637.352000000003
87860,9450.354
87861,10525.350000000002
87862,11855.344000000001
87863,14256.336000000001
87864,15295.329
87865,17390.321
87866,17310.321
87867,17494.314
87868,18094.311999999998
87869,18636.309999999998
87870,18103.313
87871,18741.311999999998
87872,18083.315
87873,16598.318
87874,17683.317
87875,16318.322999999999
87876,18038.323
87877,18044.322
87878,18817.327
87879,20000.321
87880,20387.314
87881,19827.307
87882,19637.307999999997
87883,19662.303
87884,18285.304
87885,17285.302
87886,15642.303000000002
87887,15997.296
87888,14795.295
87889,14198.288
87890,14226.284000000001
87891,14051.287000000002
87892,14371.283000000001
87893,14761.281
87894,14904.278000000002
87895,16384.279000000002
87896,16804.272
87897,17004.267000000003
87898,16574.267000000003
87899,16159.259000000002
87900,16754.254
87901,18469.254
87902,19134.250000000004
87903,18986.244000000002
87904,18706.24
87905,16973.235000000008
87906,17073.236000000004
87907,16128.226000000004
87908,16708.220000000005
87909,17683.218000000004
87910,16651.217000000004
87911,15024.225000000006
87912,14029.216000000006
87913,15169.202000000005
87914,15204.198000000004
87915,15364.198000000004
87916,15449.189000000004
87917,14651.187000000004
87918,14901.180000000004
87919,15889.177000000003
87920,16484.169
87921,16656.164000000004
87922,17241.164000000004
87923,17201.167
87924,16796.170000000006
87925,17236.168
87926,17401.172000000002
87927,18766.172000000002
87928,18981.174000000003
87929,18581.176
87930,18561.181
87931,19541.182
87932,20128.182
87933,20131.184
87934,20641.191000000003
87935,19666.194000000003
87936,19286.193000000003
87937,18509.197000000004
87938,17499.202000000005
87939,17314.201000000005
87940,17512.202000000005
87941,17502.204000000005
87942,16722.205000000005
87943,17507.207000000002
87944,16732.208000000006
87945,17299.212000000003
87946,17512.210000000003
87947,17119.209000000003
87948,17129.208000000002
87949,16372.207000000004
87950,16141.210000000005
87951,14794.207000000004
87952,14604.206000000004
87953,14807.205000000004
87954,15407.202000000003
87955,15017.200000000003
87956,15802.200000000003
87957,16549.205
87958,16759.202000000005
87959,17729.203000000005
87960,17539.202
87961,18309.204
87962,19519.199
87963,19912.198
87964,19127.199
87965,19317.2
87966,18762.197
87967,18752.199
87968,17582.202
87969,17944.202
87970,18124.204000000005
87971,19089.205
87972,18299.206000000002
87973,17509.208000000002
87974,17124.207000000006
87975,18094.206000000002
87976,18274.208000000002
87977,17874.210000000003
87978,18644.209000000003
87979,17424.213000000003
87980,17839.209000000003
87981,16662.210000000006
87982,16457.214000000007
87983,17227.216000000004
87984,18412.213000000003
87985,17852.208000000006
87986,18077.207000000002
87987,18042.212000000003
87988,18477.206000000002
87989,19062.207000000002
87990,18862.208000000002
87991,19637.209000000003
87992,19827.210000000003
87993,20017.211000000003
87994,19789.214000000004
87995,18832.212000000003
87996,18422.211000000003
87997,17827.211000000003
87998,17267.209000000003
87999,17437.210000000003
88000,17852.209000000003
88001,18052.208000000002
88002,17272.208000000006
88003,17039.211000000003
88004,16069.209000000004
88005,18234.207000000002
88006,18629.206000000002
88007,18216.209000000003
88008,18786.212000000003
88009,18984.211000000003
88010,18804.209000000003
88011,18062.206000000002
88012,18452.207000000002
88013,18832.210000000003
88014,19422.210000000003
88015,18467.208000000002
88016,19067.205
88017,20227.205
88018,20617.205
88019,21379.207000000002
88020,21007.205
88021,21402.205
88022,21777.205
88023,21397.206000000002
88024,21382.208000000002
88025,20022.207000000002
88026,20052.204
88027,19297.201
88028,18302.204
88029,17522.201000000005
88030,17717.203
88031,18092.203
88032,17509.201
88033,17144.2
88034,16324.203000000003
88035,17497.202000000005
88036,18072.202
88037,17264.206000000002
88038,18041.204
88039,18421.204
88040,18596.205
88041,17446.200000000004
88042,17851.198000000004
88043,18049.198000000004
88044,19601.197000000004
88045,19221.193000000003
88046,18856.189000000002
88047,20041.185
88048,20236.183
88049,21644.177
88050,21837.177000000003
88051,22617.178
88052,22797.179
88053,22597.179000000004
88054,22017.177000000003
88055,20624.179000000004
88056,20794.183000000005
88057,20034.181000000004
88058,19449.180000000004
88059,17889.179000000004
88060,18074.177000000003
88061,18854.176000000003
88062,18431.178000000004
88063,18681.177000000003
88064,17516.174000000003
88065,18321.172000000002
88066,19111.173000000003
88067,19154.168
88068,19349.168
88069,21114.167
88070,21894.165
88071,19336.168
88072,20311.167
88073,20111.167
88074,21468.166
88075,21266.166
88076,20633.171000000002
88077,21615.171000000002
88078,22232.165
88079,22030.167999999998
88080,22441.167999999998
88081,22203.173
88082,21826.172
88083,21601.178
88084,21216.178
88085,20469.179
88086,21431.181
88087,20071.18
88088,19866.183
88089,18728.182
88090,18737.183
88091,19386.178
88092,18366.184
88093,19140.186
88094,18375.185
88095,18003.187
88096,19008.185
88097,20595.185
88098,20955.190000000002
88099,22534.191000000003
88100,22505.197000000004
88101,20958.199000000004
88102,21579.200000000004
88103,21611.200000000004
88104,23396.200000000004
88105,23331.204000000005
88106,23339.206000000006
88107,23200.206000000006
88108,22592.207000000006
88109,23447.205
88110,24232.208000000002
88111,24067.207000000002
88112,24110.206000000002
88113,23564.206000000002
88114,22824.205
88115,22448.205
88116,23263.204
88117,22852.205
88118,22852.209000000003
88119,21168.205
88120,21768.203
88121,21592.203
88122,20800.204
88123,21609.201
88124,20682.2
88125,20050.205
88126,21394.206000000002
88127,21886.201
88128,23034.204
88129,23997.205
88130,24964.203
88131,24611.2
88132,24985.206000000002
88133,26128.210000000003
88134,28864.212000000003
88135,28751.208000000002
88136,29227.2
88137,29703.198
88138,28381.196000000004
88139,28750.201
88140,29389.205
88141,28264.205
88142,28302.205
88143,27575.209000000003
88144,26378.213000000003
88145,25770.216000000004
88146,26556.218
88147,26979.216
88148,27156.217
88149,25197.224000000002
88150,25001.227
88151,24049.225000000002
88152,23145.227000000003
88153,22782.226000000002
88154,21621.227000000003
88155,21173.230000000003
88156,22420.226000000002
88157,23037.225000000002
88158,24238.222
88159,25089.221
88160,26225.221999999998
88161,26151.213
88162,25936.218
88163,26130.218999999997
88164,28397.216999999997
88165,27844.215
88166,28034.214
88167,27926.211
88168,27724.21
88169,28021.211
88170,28630.207
88171,28868.206
88172,28725.201999999997
88173,28552.203999999998
88174,27807.200999999997
88175,27178.201999999997
88176,27933.200999999997
88177,27900.202999999998
88178,28358.198999999997
88179,27174.199
88180,26862.198
88181,25721.198
88182,24855.197
88183,25234.2
88184,23970.199999999997
88185,23605.199999999997
88186,24344.203999999998
88187,25171.202
88188,26081.194
88189,27234.194
88190,27822.195
88191,27269.194
88192,27929.197
88193,27296.202
88194,29180.207
88195,29923.207
88196,30788.202999999998
88197,31196.202999999998
88198,29417.203999999998
88199,29968.198
88200,29784.195
88201,29771.201
88202,29167.202
88203,29221.194
88204,28049.189000000002
88205,27874.188000000002
88206,28880.185
88207,28899.185
88208,29561.185
88209,28195.191000000003
88210,27681.187
88211,26697.189000000002
88212,26045.186
88213,26594.192000000003
88214,25557.198
88215,25838.197
88216,25799.204
88217,25873.201
88218,26504.206000000002
88219,27266.213000000003
88220,27884.211000000003
88221,27310.211000000003
88222,27630.213000000007
88223,27220.216
88224,28891.218000000004
88225,29241.224000000002
88226,28986.223
88227,29871.228000000003
88228,28514.233
88229,29014.226000000002
88230,28978.226000000002
88231,29227.231000000003
88232,29033.232
88233,29317.230000000003
88234,28177.231000000003
88235,28220.222
88236,28607.227
88237,29212.223
88238,30222.23
88239,28818.241
88240,28691.237
88241,28686.237
88242,27663.235
88243,28066.237
88244,27448.24
88245,27523.234
88246,27529.236
88247,27995.236
88248,28063.236
88249,28811.249
88250,29746.254
88251,29760.262000000002
88252,29990.251
88253,29124.258
88254,31486.259000000002
88255,31078.268000000004
88256,30868.264000000003
88257,32309.254
88258,30934.252
88259,30713.253
88260,30929.245000000003
88261,30558.241
88262,30370.238
88263,30982.24
88264,29828.24
88265,30085.232
88266,29999.235
88267,30060.233
88268,30749.23
88269,29571.225
88270,29360.227000000003
88271,28954.222
88272,27824.222
88273,28372.222
88274,27976.218000000004
88275,27838.234000000004
88276,27956.234000000004
88277,28093.234000000004
88278,28696.223000000005
88279,29624.222000000005
88280,29709.221000000005
88281,30118.221000000005
88282,29670.223
88283,29933.228000000003
88284,32343.222
88285,31767.214000000004
88286,32187.206000000002
88287,33268.204
88288,32164.202000000005
88289,32633.202
88290,32048.198000000004
88291,31312.199000000004
88292,31200.203
88293,31164.200000000004
88294,30558.192000000003
88295,30850.192000000003
88296,31029.184000000005
88297,31028.181000000004
88298,31272.170000000002
88299,29563.167
88300,30506.160000000003
88301,30942.156000000003
88302,30119.160000000003
88303,29948.149
88304,28555.152000000002
88305,29095.153000000002
88306,29068.148000000005
88307,29038.134
88308,29438.131000000005
88309,30802.124
88310,30560.123
88311,30218.115
88312,30817.113
88313,31029.114
88314,33508.115999999995
88315,31975.117000000002
88316,32359.115
88317,33747.114
88318,32595.113
88319,32579.112
88320,31931.114
88321,32094.112
88322,32293.113000000005
88323,32297.114
88324,31478.114
88325,32363.110000000004
88326,31974.109000000004
88327,31623.107000000004
88328,32185.102000000003
88329,30198.109000000004
88330,30919.114000000005
88331,30366.111000000004
88332,29019.110000000004
88333,28564.111000000004
88334,28455.116000000005
88335,29638.113000000005
88336,29173.115
88337,29166.113000000005
88338,29712.107000000004
88339,30682.104000000003
88340,30742.101000000002
88341,30267.102000000003
88342,31274.101000000002
88343,31592.104000000003
88344,32922.105
88345,31412.105000000003
88346,32043.100000000002
88347,33181.098
88348,31992.102000000003
88349,31790.102000000003
88350,31542.100000000006
88351,32053.100000000006
88352,32678.096000000005
88353,32269.097
88354,30585.095000000005
88355,30738.092000000004
88356,31128.093
88357,30506.092
88358,31249.093
88359,29825.096000000005
88360,30006.096
88361,30002.094
88362,29552.093
88363,29117.095000000005
88364,29121.095000000005
88365,30131.091000000004
88366,29748.092000000004
88367,29722.091000000004
88368,29712.093000000004
88369,30297.092000000004
88370,30429.094000000005
88371,29894.091000000004
88372,29264.090000000004
88373,29989.091
88374,30991.089000000004
88375,30439.086000000003
88376,30999.087000000003
88377,32104.079
88378,30599.076
88379,30799.075000000004
88380,30590.075000000004
88381,30980.073000000004
88382,32345.070000000003
88383,32580.067000000003
88384,31745.068000000003
88385,31145.071000000004
88386,31610.066000000003
88387,31620.065000000002
88388,31875.064000000002
88389,30835.068000000003
88390,30795.072000000004
88391,30820.074000000004
88392,30465.073000000004
88393,30415.070000000003
88394,29975.067000000003
88395,31090.068000000003
88396,30890.070000000003
88397,30715.071000000004
88398,30755.073000000008
88399,31250.076000000005
88400,31435.078000000005
88401,31515.072000000004
88402,31020.069000000007
88403,31665.068000000007
88404,32050.069000000007
88405,31265.070000000007
88406,31070.071000000007
88407,31250.074000000008
88408,30535.072000000007
88409,30540.071000000007
88410,29940.074000000008
88411,30925.072000000007
88412,30890.075000000008
88413,30705.073000000008
88414,30560.073000000008
88415,29980.073000000008
88416,30825.070000000007
88417,30800.071000000007
88418,30800.072000000007
88419,30250.070000000007
88420,29905.072000000007
88421,29635.073000000008
88422,28920.070000000007
88423,29305.071000000007
88424,28720.071000000007
88425,30340.069000000007
88426,30600.066000000006
88427,30365.070000000007
88428,30930.069000000007
88429,31905.069000000007
88430,32105.068000000007
88431,31765.069000000007
88432,32175.070000000007
88433,32300.07600000001
88434,33135.07600000001
88435,32795.07100000001
88436,33455.066000000006
88437,33190.07000000001
88438,32380.072000000007
88439,32730.070000000007
88440,33155.06800000001
88441,33320.069
88442,33145.07000000001
88443,33190.067
88444,32775.06700000001
88445,32015.068000000007
88446,31565.070000000007
88447,31460.067000000006
88448,31640.065000000006
88449,29995.073000000008
88450,30520.066000000006
88451,30730.069000000007
88452,29820.066000000006
88453,29840.067000000006
88454,29225.069000000007
88455,30000.071000000007
88456,29475.069000000007
88457,29095.072000000007
88458,29650.073000000008
88459,30235.073000000008
88460,30435.072000000007
88461,29820.073000000008
88462,31230.069000000007
88463,31515.066000000006
88464,32640.066000000006
88465,31750.073000000008
88466,32845.069
88467,33075.06700000001
88468,32545.067000000006
88469,33325.06700000001
88470,32640.064000000006
88471,33280.06300000001
88472,33680.061
88473,34295.060000000005
88474,33760.061
88475,33165.058000000005
88476,33170.057
88477,33010.05500000001
88478,32630.054000000007
88479,31255.057000000008
88480,31955.058000000008
88481,32290.05900000001
88482,31760.058000000005
88483,31370.059000000005
88484,30205.057000000004
88485,31570.058000000005
88486,30780.06000000001
88487,30900.065000000006
88488,30895.066000000006
88489,31270.064000000006
88490,31655.065000000006
88491,31100.064000000006
88492,30900.06500000001
88493,31780.06000000001
88494,33290.06100000001
88495,31965.06400000001
88496,32920.06300000001
88497,32890.066000000006
88498,32895.065
88499,33445.067
88500,32145.06400000001
88501,32530.06500000001
88502,32285.06100000001
88503,32500.06200000001
88504,33100.060000000005
88505,32350.05900000001
88506,32350.05900000001
88507,32325.06000000001
88508,32130.06100000001
88509,31480.064000000006
88510,32580.05900000001
88511,32440.06000000001
88512,32170.056000000008
88513,31825.053000000007
88514,30845.055000000008
88515,32805.05300000001
88516,32160.055000000008
88517,32220.053000000007
88518,32195.054000000007
88519,31800.056000000008
88520,32455.053000000007
88521,31955.051000000007
88522,32250.055000000008
88523,33360.058000000005
88524,34295.06100000001
88525,33800.058000000005
88526,34275.056000000004
88527,34500.055
88528,33690.05600000001
88529,34085.05100000001
88530,33115.05
88531,33280.05100000001
88532,32875.054000000004
88533,32265.054000000007
88534,32455.056000000008
88535,31580.052000000007
88536,31720.053000000007
88537,31750.054000000007
88538,31610.055000000008
88539,30795.057000000008
88540,31910.054000000007
88541,32360.053000000007
88542,32285.049000000006
88543,32260.049000000006
88544,32125.048000000006
88545,33675.05100000001
88546,33685.05
88547,33490.05
88548,33385.05100000001
88549,33190.05100000001
88550,33935.05300000001
88551,33655.05500000001
88552,33985.056
88553,35355.055
88554,36115.054000000004
88555,34940.055
88556,35075.059
88557,34270.065
88558,33620.068
88559,34050.065
88560,33335.062000000005
88561,32975.061
88562,32815.05900000001
88563,32555.06200000001
88564,32575.063000000006
88565,31410.06200000001
88566,31210.06300000001
88567,30760.065000000006
88568,30915.06800000001
88569,31385.06700000001
88570,31335.069000000007
88571,32145.068000000007
88572,32145.068000000007
88573,31535.068000000007
88574,30675.071000000007
88575,32170.074000000008
88576,31810.074000000008
88577,32270.07300000001
88578,31855.07400000001
88579,31580.07100000001
88580,32395.06900000001
88581,32030.069000000007
88582,32615.069000000007
88583,33595.06800000001
88584,34085.06800000001
88585,33425.06800000001
88586,33940.064000000006
88587,34735.062
88588,34515.062
88589,34545.062
88590,33405.06100000001
88591,33040.05700000001
88592,32435.057000000008
88593,32700.058000000008
88594,33085.058000000005
88595,32915.058000000005
88596,33350.05900000001
88597,32670.05900000001
88598,33225.06000000001
88599,32380.06300000001
88600,32875.06100000001
88601,33705.061
88602,34295.060000000005
88603,33295.06100000001
88604,32225.055000000008
88605,33650.05300000001
88606,33390.05200000001
88607,33415.05200000001
88608,32935.054000000004
88609,32575.053000000007
88610,32520.054000000007
88611,32520.054000000007
88612,32300.054000000007
88613,33310.05200000001
88614,34985.05400000001
88615,33725.05700000001
88616,33910.059
88617,34090.062000000005
88618,34160.062
88619,34595.062000000005
88620,33295.058000000005
88621,31885.06200000001
88622,31680.06400000001
88623,31850.06400000001
88624,31400.06600000001
88625,31730.06400000001
88626,32715.06200000001
88627,32130.06200000001
88628,32135.06100000001
88629,32170.05900000001
88630,32850.058000000005
88631,33845.055
88632,34375.057
88633,33375.05700000001
88634,32275.053000000007
88635,34065.052
88636,33205.05500000001
88637,32975.05700000001
88638,32785.058000000005
88639,32335.06000000001
88640,32670.06100000001
88641,32645.06200000001
88642,32215.067000000006
88643,33470.066000000006
88644,35310.058999999994
88645,34225.060999999994
88646,34800.063
88647,35275.061
88648,35530.059
88649,36328.061
88650,34840.057
88651,34255.058000000005
88652,33431.060000000005
88653,33156.062000000005
88654,32641.058000000005
88655,32266.060000000005
88656,32886.058000000005
88657,32489.060000000005
88658,32767.058000000005
88659,31982.059000000005
88660,32325.063000000006
88661,33685.060000000005
88662,34270.060000000005
88663,33924.058000000005
88664,33169.058000000005
88665,33949.058000000005
88666,33369.05900000001
88667,32806.062000000005
88668,32437.064000000006
88669,32617.062000000005
88670,33146.065
88671,32758.066000000006
88672,32538.068000000007
88673,33713.06700000001
88674,35541.07100000001
88675,34706.07200000001
88676,34826.07800000001
88677,35446.077000000005
88678,35246.079000000005
88679,35946.081000000006
88680,34607.08000000001
88681,33822.08200000001
88682,33296.08200000001
88683,32945.08200000001
88684,31945.083000000002
88685,32870.088
88686,32749.087000000003
88687,32587.086000000007
88688,32387.088000000007
88689,31630.088000000007
88690,32960.09000000001
88691,33132.092000000004
88692,33492.09400000001
88693,32937.09300000001
88694,31832.092000000008
88695,32073.091000000008
88696,32094.090000000007
88697,31824.09600000001
88698,31639.09400000001
88699,31999.09700000001
88700,31790.098000000005
88701,31091.09600000001
88702,31296.09400000001
88703,32803.095
88704,35026.094000000005
88705,33900.092000000004
88706,34517.091
88707,34367.093
88708,34353.094000000005
88709,34957.092000000004
88710,33987.09100000001
88711,33569.094000000005
88712,33231.094000000005
88713,32997.09500000001
88714,32968.096000000005
88715,34182.09700000001
88716,34378.09500000001
88717,34228.09700000001
88718,34573.095
88719,34457.094000000005
88720,35804.094000000005
88721,36713.094000000005
88722,36318.096
88723,35200.105
88724,33720.10500000001
88725,34090.11
88726,33912.10800000001
88727,34107.114
88728,32999.114
88729,32799.117000000006
88730,33022.119000000006
88731,32388.125000000007
88732,32173.13000000001
88733,33736.132000000005
88734,35155.133
88735,33888.136000000006
88736,34227.135
88737,33690.13500000001
88738,33709.134000000005
88739,33594.136000000006
88740,32709.136000000006
88741,31929.137000000006
88742,32269.139000000006
88743,32042.143000000007
88744,32884.14400000001
88745,34614.147000000004
88746,34414.15700000001
88747,34446.16300000001
88748,34805.16500000001
88749,34590.165
88750,36150.164000000004
88751,36624.164000000004
88752,36334.161
88753,35308.161
88754,34307.164000000004
88755,34902.162000000004
88756,34401.163
88757,34824.165
88758,34588.168000000005
88759,34953.171
88760,34484.17600000001
88761,34550.177
88762,34149.17700000001
88763,36220.17800000001
88764,37026.18
88765,36126.183000000005
88766,36143.185000000005
88767,36206.19400000001
88768,35756.200000000004
88769,35932.206000000006
88770,35031.202000000005
88771,34581.20700000001
88772,35798.20700000001
88773,35033.21200000001
88774,34933.21600000001
88775,34903.219000000005
88776,35696.219000000005
88777,35504.221000000005
88778,35377.22400000001
88779,34864.222
88780,35830.225000000006
88781,35830.225000000006
88782,34878.22900000001
88783,33320.23000000001
88784,32844.236000000004
88785,34425.234000000004
88786,34049.238000000005
88787,33758.244000000006
88788,33181.243
88789,33439.25000000001
88790,33223.257000000005
88791,33415.255000000005
88792,32696.259000000005
88793,35101.259
88794,36231.254
88795,36353.252
88796,36443.257
88797,36612.262
88798,36365.261000000006
88799,35785.267
88800,35853.268000000004
88801,36143.268000000004
88802,36672.278999999995
88803,36534.286
88804,36545.289
88805,36318.294
88806,36177.301
88807,35862.301999999996
88808,36715.301
88809,36015.303
88810,35626.312
88811,36529.31
88812,35926.311
88813,34210.309
88814,34054.311
88815,34824.308000000005
88816,34419.302
88817,34335.30100000001
88818,33928.30200000001
88819,34818.295000000006
88820,34355.29500000001
88821,33859.29600000001
88822,33630.30200000001
88823,35184.30300000001
88824,35857.30300000001
88825,35691.307
88826,36392.30500000001
88827,36836.306000000004
88828,36007.313
88829,36833.316000000006
88830,37803.321
88831,38522.317
88832,39843.315
88833,40456.314
88834,40339.314999999995
88835,40006.316000000006
88836,40468.314
88837,40711.32000000001
88838,41238.320999999996
88839,40627.325
88840,40229.33
88841,39723.33900000001
88842,39228.341
88843,38268.341
88844,37956.343
88845,38328.34299999999
88846,37840.344
88847,37322.345
88848,37248.347
88849,37255.348000000005
88850,36834.352
88851,36243.347
88852,35278.349
88853,36552.35300000001
88854,36951.35200000001
88855,36646.35900000001
88856,37878.35800000001
88857,39115.35800000001
88858,39292.35200000002
88859,39555.35500000001
88860,39978.360000000015
88861,41149.35900000001
88862,42522.36100000001
88863,42251.36100000001
88864,42563.373000000014
88865,42415.37000000002
88866,42883.37400000002
88867,42022.37200000002
88868,42808.36700000002
88869,42356.374000000025
88870,41293.39100000002
88871,41730.39300000002
88872,41136.396000000015
88873,40156.398000000016
88874,39933.40300000001
88875,40591.40200000001
88876,39093.40500000001
88877,39441.411000000015
88878,39194.41600000003
88879,39163.42400000002
88880,38734.42800000003
88881,38873.42600000003
88882,37839.433000000034
88883,39416.43400000002
88884,39524.440000000024
88885,39460.436000000016
88886,39666.45200000002
88887,40599.459000000024
88888,39962.46500000002
88889,40510.466000000015
88890,40824.46700000002
88891,41090.466000000015
88892,42639.47400000001
88893,42776.46900000002
88894,42452.468000000015
88895,43391.46400000001
88896,43709.47100000002
88897,42917.47900000001
88898,43728.48600000002
88899,43322.483000000015
88900,43741.481000000014
88901,44132.48300000002
88902,42711.485000000015
88903,41023.49700000002
88904,41540.50100000001
88905,41404.50700000001
88906,40746.51200000001
88907,40405.50900000001
88908,40341.50700000001
88909,40164.51000000002
88910,39805.519000000015
88911,39968.51800000002
88912,39512.520000000026
88913,40606.521000000015
88914,40122.53300000001
88915,39956.53700000001
88916,40725.53600000002
88917,41724.540000000015
88918,41397.544000000016
88919,41484.555000000015
88920,41205.56000000001
88921,41339.553000000014
88922,43077.555000000015
88923,43934.55000000002
88924,44667.54300000002
88925,45739.54300000002
88926,45868.54500000002
88927,45733.55600000002
88928,45941.56100000002
88929,45102.57300000002
88930,45633.571000000025
88931,45235.573000000026
88932,44158.57600000002
88933,44026.57200000002
88934,43917.56600000003
88935,43633.57100000002
88936,43369.57900000002
88937,41552.58100000002
88938,42048.576000000015
88939,41670.57800000001
88940,42176.57700000001
88941,42904.572000000015
88942,42839.556000000026
88943,43095.55100000003
88944,43559.548000000024
88945,42551.55100000002
88946,42331.56400000002
88947,43297.565000000024
88948,43014.57100000002
88949,43257.58300000001
88950,43048.576000000015
88951,42664.58100000002
88952,44841.59200000001
88953,44506.59800000002
88954,44353.59700000002
88955,44775.595000000016
88956,44613.60400000002
88957,44889.60100000001
88958,44743.60000000001
88959,44173.60000000001
88960,43669.60300000001
88961,43329.60700000001
88962,42589.61000000001
88963,42052.61700000002
88964,41508.61400000002
88965,41606.61200000002
88966,41114.61100000001
88967,39995.60900000002
88968,40255.60800000002
88969,40280.61300000001
88970,41273.616
88971,42374.609000000004
88972,41377.616
88973,42054.62300000001
88974,41896.631
88975,42782.62600000001
88976,42620.62200000001
88977,42993.62300000002
88978,43470.62000000001
88979,44436.62000000001
88980,44245.616000000016
88981,43413.616000000016
88982,44345.63000000002
88983,44414.629000000015
88984,44243.63800000001
88985,44443.64700000001
88986,45439.64000000001
88987,46136.625000000015
88988,45048.629000000015
88989,44194.62900000001
88990,44245.628000000026
88991,42828.62600000002
88992,42884.62600000002
88993,43051.631000000016
88994,41932.63400000002
88995,40306.639000000025
88996,40270.63100000003
88997,39305.629000000015
88998,39240.63400000002
88999,39139.63200000002
89000,40262.63700000002
89001,40525.64500000002
89002,40135.640000000014
89003,40912.63600000001
89004,41263.631000000016
89005,41518.61700000001
89006,40643.622000000025
89007,42180.62100000002
89008,42773.61800000003
89009,42918.607000000025
89010,42167.61300000002
89011,42305.60500000002
89012,43096.605000000025
89013,42549.614000000016
89014,42378.621000000014
89015,42142.62400000002
89016,43097.62200000001
89017,42711.62400000002
89018,41664.623000000014
89019,41248.621000000014
89020,40881.624000000025
89021,40810.61200000002
89022,41034.61300000003
89023,40600.61000000003
89024,40870.588000000025
89025,40551.585000000014
89026,40536.59100000002
89027,40712.591000000015
89028,39956.59200000001
89029,40603.58300000002
89030,42009.584000000024
89031,41285.57900000003
89032,41146.57600000002
89033,42545.57700000002
89034,41830.58500000003
89035,42058.58600000003
89036,40726.605000000025
89037,41516.60800000002
89038,42499.609000000026
89039,43420.601000000024
89040,42742.601000000024
89041,43108.59700000002
89042,44118.59700000002
89043,43334.60000000002
89044,43637.595000000016
89045,43967.60400000002
89046,44751.60400000002
89047,42931.60200000001
89048,42417.61100000001
89049,41631.61300000001
89050,40625.62
89051,39936.61700000001
89052,39055.613000000005
89053,38344.60500000001
89054,38512.60500000001
89055,38232.601000000024
89056,38302.59400000003
89057,38057.607000000025
89058,36729.60500000002
89059,36793.606000000014
89060,36741.612000000016
89061,35064.62300000001
89062,34478.61600000001
89063,35715.61800000002
89064,35316.62000000001
89065,34265.61800000001
89066,34123.60800000002
89067,34941.60800000001
89068,35857.596000000005
89069,36158.593
89070,35946.595
89071,36490.60700000001
89072,37243.59800000001
89073,36453.59900000002
89074,34820.61000000001
89075,35486.613000000005
89076,35526.61600000001
89077,34989.61400000001
89078,34953.60200000001
89079,34265.597000000016
89080,33896.58400000002
89081,33778.587000000014
89082,33415.58600000002
89083,32957.585000000014
89084,34062.576000000015
89085,33975.572000000015
89086,34069.573000000004
89087,33296.56900000001
89088,32925.570000000014
89089,32520.566000000013
89090,33535.55700000001
89091,33086.55000000002
89092,33300.55400000002
89093,34322.543000000005
89094,33519.54200000001
89095,32977.55000000001
89096,32315.554000000015
89097,32771.55800000001
89098,32752.554000000015
89099,33268.54900000001
89100,33147.55200000001
89101,32522.558000000015
89102,33156.55200000002
89103,31977.553000000014
89104,31606.548000000017
89105,32687.539000000015
89106,33062.53700000001
89107,32792.534000000014
89108,32372.542000000016
89109,31614.532000000014
89110,30162.538000000015
89111,30678.542000000012
89112,30017.542000000016
89113,29904.550000000017
89114,30300.545000000016
89115,29691.54600000002
89116,29610.54000000002
89117,28407.537000000015
89118,28583.537000000015
89119,29480.528000000017
89120,30045.525000000016
89121,29457.525000000016
89122,29072.52600000002
89123,29906.523000000016
89124,29955.51900000002
89125,29559.52000000002
89126,29110.52100000002
89127,29363.529000000017
89128,29736.526000000016
89129,30766.525000000012
89130,31188.519000000015
89131,29938.527000000016
89132,29788.535000000014
89133,28581.534000000014
89134,28621.537000000015
89135,29086.531000000017
89136,29437.534000000018
89137,30500.525000000016
89138,30417.527000000016
89139,28480.527000000016
89140,27790.528000000017
89141,28719.509000000016
89142,28754.502000000015
89143,29661.495000000014
89144,29472.492000000013
89145,29481.498000000014
89146,29447.498000000014
89147,28267.494000000017
89148,28953.490000000016
89149,29783.487000000016
89150,28833.482000000015
89151,28405.477000000014
89152,28190.476000000013
89153,27403.48100000001
89154,28301.47900000001
89155,27660.469000000012
89156,27402.46500000001
89157,27515.46500000001
89158,26197.46100000001
89159,26393.45800000001
89160,26542.45800000001
89161,25789.46100000001
89162,26637.46100000001
89163,26345.46400000001
89164,25826.46700000001
89165,26370.46400000001
89166,26638.459000000013
89167,27563.455000000013
89168,27315.45000000001
89169,26299.45000000001
89170,25538.456000000013
89171,26109.454000000012
89172,24905.46300000001
89173,25489.452000000012
89174,23616.45900000001
89175,24125.44500000001
89176,24269.44300000001
89177,23338.437000000013
89178,23968.433000000015
89179,25454.421000000013
89180,25107.42500000001
89181,24731.42400000001
89182,25263.425000000014
89183,25042.42200000001
89184,26405.41700000001
89185,25974.412000000008
89186,25784.404000000006
89187,26339.40100000001
89188,24675.410000000007
89189,23838.40700000001
89190,24052.41600000001
89191,23027.41900000001
89192,23275.42100000001
89193,23489.42000000001
89194,22279.42400000001
89195,22883.421000000013
89196,23010.41800000001
89197,23256.42300000001
89198,23547.41700000001
89199,23409.40900000001
89200,22323.41700000001
89201,23236.41900000001
89202,21968.42300000001
89203,22449.418000000005
89204,21221.413000000008
89205,21365.403000000006
89206,21993.406000000003
89207,21126.403
89208,21924.41
89209,22324.406
89210,22586.396
89211,22795.386000000002
89212,22902.389
89213,22659.383
89214,23393.381
89215,22160.390000000003
89216,21699.386
89217,21903.383
89218,21382.382
89219,21723.379
89220,21468.373999999996
89221,19135.375999999997
89222,18978.381999999998
89223,19650.377
89224,19816.377999999997
89225,20730.381
89226,21610.380999999998
89227,21616.386
89228,20795.38
89229,20354.378
89230,19581.381
89231,20128.377
89232,19796.381
89233,19472.372
89234,17775.377
89235,16820.389000000003
89236,16390.388000000006
89237,15768.386000000004
89238,16710.384000000002
89239,16922.390000000003
89240,18813.385000000002
89241,20712.384000000002
89242,20859.385000000002
89243,21171.385000000002
89244,21188.382
89245,20918.383
89246,19935.375
89247,20874.37
89248,21309.367
89249,22418.362999999998
89250,21620.357999999997
89251,19973.356999999996
89252,18876.363999999998
89253,18030.368
89254,17721.369
89255,17326.37
89256,17281.369
89257,16037.373000000001
89258,14752.377000000002
89259,13820.384000000004
89260,11869.393000000004
89261,12504.401000000005
89262,12820.399000000005
89263,12368.405000000008
89264,11679.409000000009
89265,12109.409000000009
89266,12880.40500000001
89267,11919.41400000001
89268,12074.41600000001
89269,11738.424000000012
89270,13118.433000000015
89271,12514.435000000016
89272,12184.444000000018
89273,11806.453000000016
89274,10684.472000000018
89275,8533.49600000002
89276,7484.513000000019
89277,6467.535000000022
89278,4959.56500000002
89279,1785.6049999999964
89280,2110.4269999999983
89281,3990.413000000016
89282,6069.399000000016
89283,7104.391000000015
89284,8094.387000000017
89285,8861.382000000021
89286,9509.380000000023
89287,10389.373000000021
89288,11486.36700000002
89289,12339.36300000002
89290,14604.364000000016
89291,13689.360000000015
89292,12034.358000000013
89293,12164.354000000012
89294,11521.345000000012
89295,11391.34300000001
89296,11081.347000000007
89297,10303.355000000007
89298,10513.348000000007
89299,10223.345000000005
89300,8104.346000000002
89301,9184.343000000003
89302,11088.332000000004
89303,12211.324000000002
89304,13666.319000000001
89305,14641.313
89306,15581.311
89307,16401.301999999996
89308,18081.302999999996
89309,19289.295999999995
89310,19119.297999999995
89311,19189.303999999996
89312,19561.315
89313,19633.32
89314,21063.307999999997
89315,21243.310999999998
89316,21908.305999999997
89317,22773.302999999996
89318,21703.302999999996
89319,22473.298999999995
89320,22980.298999999995
89321,22728.298
89322,21813.292999999998
89323,19956.299
89324,17931.298
89325,17916.3
89326,16691.295
89327,16291.293999999998
89328,15941.287
89329,15276.285
89330,14706.280999999999
89331,15258.284000000001
89332,14628.277000000002
89333,15338.273000000003
89334,15893.270000000002
89335,15243.269000000002
89336,14766.270000000002
89337,13811.266000000003
89338,15023.271000000004
89339,14948.273000000007
89340,15010.265000000005
89341,14620.261000000006
89342,15515.260000000006
89343,16136.252000000004
89344,16316.247000000005
89345,16701.244000000002
89346,17418.241
89347,17608.244000000006
89348,18168.241000000005
89349,17366.239000000005
89350,17351.232000000004
89351,17166.232000000007
89352,17259.228000000006
89353,15601.228000000008
89354,17001.213000000007
89355,17813.207000000006
89356,17581.201000000005
89357,17176.194000000003
89358,15953.196000000005
89359,16143.196000000005
89360,16503.194000000007
89361,16316.193000000007
89362,15736.194000000007
89363,16366.190000000006
89364,16381.189000000006
89365,16176.190000000004
89366,16946.193000000003
89367,16771.191000000003
89368,17976.191000000003
89369,17421.190000000002
89370,17644.189000000002
89371,18009.192000000003
89372,18406.191000000003
89373,19016.187
89374,18264.186
89375,17884.187
89376,17474.191000000003
89377,18657.188000000002
89378,19027.196
89379,19194.2
89380,18434.2
89381,17669.2
89382,17481.199000000004
89383,15901.203000000005
89384,16124.203000000005
89385,17109.203000000005
89386,16157.202000000005
89387,15942.205000000005
89388,15146.206000000006
89389,16501.203000000005
89390,16906.200000000004
89391,16721.200000000004
89392,17481.204000000005
89393,17706.198000000004
89394,17894.199000000004
89395,18506.197
89396,19446.201
89397,18071.203
89398,20042.200000000004
89399,19857.198000000004
89400,20832.198
89401,21832.196000000004
89402,21054.196
89403,20677.195
89404,20517.191000000003
89405,19752.190000000002
89406,19567.188000000002
89407,20117.192000000003
89408,20127.190000000002
89409,20139.191000000003
89410,19367.191000000003
89411,18407.189000000002
89412,18227.189000000002
89413,18444.186
89414,17806.190000000002
89415,17791.192000000003
89416,17191.193000000003
89417,17791.190000000002
89418,17214.190000000002
89419,17952.196000000004
89420,18172.194
89421,18172.194
89422,18742.198
89423,17747.202000000005
89424,18907.2
89425,19462.203
89426,21262.196
89427,20312.193000000003
89428,21047.196
89429,20477.193
89430,20487.191
89431,21247.195
89432,21072.191
89433,20487.191
89434,20267.195
89435,19874.195
89436,18709.194
89437,18714.195
89438,18869.201
89439,18479.201
89440,18094.199
89441,18669.199
89442,18679.198
89443,18892.195
89444,18127.194
89445,18107.197
89446,17682.199
89447,18072.199
89448,17502.199
89449,18857.2
89450,19267.198
89451,19282.196
89452,19887.195
89453,19674.198
89454,19854.201
89455,20474.198
89456,22054.197
89457,20694.196
89458,21684.192
89459,21289.192
89460,21674.193
89461,22657.191
89462,22662.19
89463,22072.189
89464,22047.19
89465,21852.19
89466,20697.188
89467,21047.194
89468,21262.193
89469,20872.193
89470,20092.193
89471,19879.196
89472,19884.195
89473,20079.195
89474,19279.196
89475,19449.196
89476,18074.196
89477,18454.192
89478,17907.189
89479,19637.191
89480,20192.194
89481,20397.191
89482,20582.188000000002
89483,20757.190000000002
89484,21347.187
89485,20952.187
89486,21552.186
89487,20977.186
89488,21572.186
89489,20782.185
89490,20387.185
89491,21134.188000000002
89492,22147.184
89493,21567.183
89494,21997.183
89495,22762.183
89496,21769.185
89497,21954.185000000005
89498,22749.184000000005
89499,22344.183000000005
89500,22354.181000000004
89501,22177.179000000004
89502,21817.176000000003
89503,21217.178000000004
89504,20412.179000000004
89505,20072.177000000003
89506,19467.179000000004
89507,18682.180000000004
89508,17902.178000000004
89509,18677.178000000004
89510,19077.177000000003
89511,19452.175000000003
89512,19707.170000000002
89513,20297.168
89514,21277.165
89515,21292.162000000004
89516,20902.162000000004
89517,21092.161000000004
89518,21852.164000000004
89519,22056.161000000004
89520,21658.163
89521,22628.168000000005
89522,22691.165
89523,22311.165
89524,22516.164
89525,22306.165
89526,21478.167
89527,21463.170000000002
89528,22421.172
89529,23672.167
89530,23877.166
89531,23872.167
89532,24811.173
89533,24393.172
89534,23578.175
89535,23835.171
89536,23444.172
89537,22510.17
89538,21122.174
89539,20937.176
89540,21509.18
89541,22295.183
89542,22133.181
89543,21958.181
89544,22755.182
89545,23115.186
89546,22922.185
89547,23129.185
89548,23524.186
89549,21944.192000000003
89550,21146.194
89551,21741.192
89552,21774.189000000002
89553,22190.187
89554,22453.183
89555,22407.189000000002
89556,22422.187
89557,22861.189000000002
89558,23827.193000000003
89559,25742.197
89560,25394.195000000003
89561,25828.195
89562,25819.198
89563,25631.201
89564,24815.204
89565,25027.202
89566,24422.204
89567,24214.204
89568,23453.204
89569,23468.205
89570,24263.210000000003
89571,24447.212000000003
89572,24871.210000000003
89573,24469.214000000004
89574,24902.215000000004
89575,25366.209000000003
89576,24999.206000000002
89577,24474.205
89578,25131.199000000004
89579,24566.196000000004
89580,23204.197000000004
89581,23777.197000000004
89582,23951.199000000004
89583,24009.195000000003
89584,23693.192000000003
89585,24302.192000000003
89586,24313.192000000003
89587,25242.196000000004
89588,25469.197000000004
89589,26842.199
89590,26654.198000000004
89591,27199.205
89592,27453.199
89593,27627.205
89594,26027.207000000002
89595,27002.210000000003
89596,26865.205
89597,26443.212000000003
89598,25340.222000000005
89599,25105.225
89600,26324.224000000002
89601,26169.225000000002
89602,26600.222999999998
89603,25704.22
89604,26713.22
89605,26457.222
89606,26112.22
89607,25249.222
89608,25654.223
89609,25747.22
89610,24993.216
89611,25211.217
89612,25101.216
89613,25310.219
89614,25335.217
89615,25199.21
89616,25405.213
89617,26420.214
89618,27353.219
89619,28178.213
89620,27590.214
89621,27402.215
89622,26849.209
89623,27285.21
89624,25754.206
89625,25827.202999999998
89626,26018.206
89627,26306.201999999997
89628,24751.201999999997
89629,24945.198
89630,26437.186999999998
89631,26502.177999999996
89632,27353.174
89633,26187.178
89634,27028.173
89635,26879.174
89636,26893.176
89637,26169.175000000003
89638,27350.175000000003
89639,27972.176000000003
89640,27825.179000000004
89641,27829.178000000004
89642,26819.181
89643,26992.178
89644,27598.174000000003
89645,27238.172000000002
89646,27271.167
89647,28636.166
89648,29666.164
89649,30475.165
89650,29985.166
89651,28932.167
89652,28417.168
89653,28450.168
89654,26904.177
89655,26518.179
89656,26986.189000000002
89657,26970.186
89658,26776.188000000002
89659,26218.186
89660,26833.188000000002
89661,27205.192000000003
89662,27603.193000000003
89663,27482.192000000003
89664,27935.186
89665,28514.195000000003
89666,28927.197000000004
89667,28217.195000000003
89668,29545.200000000004
89669,29141.207000000006
89670,29319.209000000003
89671,29116.222
89672,28631.230000000003
89673,27854.229000000003
89674,28413.219
89675,28000.224000000002
89676,26912.222
89677,27930.217
89678,29119.219
89679,30012.228000000003
89680,29362.233
89681,29019.229
89682,28661.232
89683,28309.231000000003
89684,27732.233
89685,27516.237
89686,28232.234
89687,28420.234000000004
89688,28419.24
89689,28378.25
89690,29516.255
89691,30849.254
89692,31827.257
89693,30844.263000000003
89694,31540.266000000003
89695,31832.259000000002
89696,32008.255
89697,31340.258
89698,32156.257
89699,31191.262000000002
89700,31414.248000000003
89701,30752.253000000004
89702,30569.246000000003
89703,29331.248000000003
89704,29310.256
89705,29113.253000000004
89706,27982.249000000003
89707,27767.254
89708,28644.259000000002
89709,29375.256
89710,28645.257
89711,28792.255
89712,28891.242000000002
89713,28876.242000000002
89714,28700.239
89715,28622.247000000003
89716,28631.241
89717,28792.230000000003
89718,28304.231000000003
89719,28082.230000000003
89720,29091.226000000002
89721,30563.227000000003
89722,31274.231
89723,30618.224
89724,31222.225
89725,30938.218000000004
89726,30367.208000000002
89727,29072.208000000002
89728,30645.201000000005
89729,30278.195000000003
89730,30551.184000000005
89731,30334.185000000005
89732,30751.177000000003
89733,29698.177000000003
89734,30278.173000000003
89735,30642.167
89736,29972.157000000003
89737,31488.159000000003
89738,31670.158000000003
89739,32166.162000000004
89740,31207.158000000003
89741,31018.159
89742,30546.163
89743,29585.164
89744,29369.159
89745,29431.15
89746,29881.145
89747,29748.142
89748,28736.145
89749,28904.133000000005
89750,29707.125000000004
89751,30579.13
89752,31516.120000000003
89753,31068.121000000003
89754,31272.121
89755,30873.118
89756,30559.112000000005
89757,28986.113000000005
89758,30198.108000000004
89759,30075.112000000005
89760,30768.104000000003
89761,30329.106000000003
89762,30548.101000000002
89763,30545.103000000003
89764,30756.103000000003
89765,31306.103000000003
89766,30512.103000000003
89767,31245.104000000003
89768,31415.105
89769,32403.107000000004
89770,31928.099000000006
89771,31733.099000000002
89772,30936.102000000003
89773,30539.101000000006
89774,30086.103000000003
89775,30253.103000000003
89776,31233.102000000003
89777,31186.105000000003
89778,30261.105000000003
89779,28839.109000000004
89780,29170.100000000002
89781,30410.096
89782,31186.094
89783,31135.093000000004
89784,31093.097000000005
89785,30173.095000000005
89786,31147.091000000004
89787,29726.089000000004
89788,30893.092000000004
89789,31304.090000000004
89790,32061.089000000004
89791,31892.087000000003
89792,31513.086000000003
89793,31277.085000000003
89794,31119.083000000002
89795,31759.081000000002
89796,30976.085000000003
89797,32541.081000000002
89798,32506.081000000006
89799,33220.088
89800,32210.087000000007
89801,31529.083000000006
89802,31391.081000000006
89803,30966.084000000006
89804,30706.086000000003
89805,30912.084000000006
89806,30497.083000000006
89807,30472.081000000006
89808,29883.079000000005
89809,28109.08
89810,27370.077000000005
89811,28273.075000000004
89812,28665.076
89813,28800.078
89814,29675.073000000004
89815,28881.073000000004
89816,30476.070000000003
89817,29676.066000000003
89818,30416.070000000003
89819,30641.067000000006
89820,32589.068000000003
89821,32445.063000000006
89822,31805.057000000004
89823,31445.056000000008
89824,31480.054000000004
89825,31905.052000000003
89826,31460.053000000004
89827,32990.054000000004
89828,33005.05100000001
89829,34120.052
89830,32650.050000000003
89831,32290.051000000003
89832,31500.054000000004
89833,31520.055000000004
89834,31125.056000000004
89835,31460.057000000004
89836,30105.060000000005
89837,30335.058000000005
89838,30200.056000000004
89839,28735.053000000004
89840,28120.054000000004
89841,29155.053000000004
89842,29930.054000000004
89843,29730.055000000008
89844,30295.054000000004
89845,30455.057000000004
89846,30470.060000000005
89847,29700.058000000005
89848,30055.061000000005
89849,30270.062000000005
89850,31340.058000000005
89851,31175.057000000004
89852,30910.063000000006
89853,30745.062000000005
89854,30210.064000000006
89855,31050.062000000005
89856,31015.059000000005
89857,32665.056000000004
89858,32385.058000000005
89859,33375.05500000001
89860,32185.054000000004
89861,31995.053000000004
89862,30855.053000000004
89863,30630.054000000007
89864,30885.053000000007
89865,31300.053000000007
89866,31525.053000000007
89867,31625.049000000006
89868,31430.049000000006
89869,30620.050000000007
89870,30985.052000000007
89871,32220.049000000006
89872,32970.05
89873,33385.05
89874,34165.051
89875,32990.05200000001
89876,33350.05300000001
89877,32755.055000000008
89878,33200.054000000004
89879,32970.05600000001
89880,33815.054000000004
89881,32975.057
89882,32930.06100000001
89883,32490.06200000001
89884,31980.057000000008
89885,32120.05900000001
89886,31355.061000000005
89887,32000.05900000001
89888,32010.057000000008
89889,32595.05900000001
89890,30530.062000000005
89891,30425.05900000001
89892,29465.056000000008
89893,29525.056000000008
89894,29180.057000000008
89895,30100.058000000008
89896,30220.054000000007
89897,30025.054000000007
89898,30445.054000000007
89899,29495.054000000007
89900,30295.056000000008
89901,31260.058000000008
89902,32065.058000000008
89903,32575.055000000008
89904,33000.05300000001
89905,32250.052000000007
89906,32445.053000000007
89907,32455.053000000007
89908,32850.05300000001
89909,32745.050000000007
89910,33650.054000000004
89911,32945.05
89912,32880.05300000001
89913,33105.05200000001
89914,33275.05200000001
89915,33725.05
89916,32740.052000000007
89917,33325.05200000001
89918,33560.049000000006
89919,34970.045000000006
89920,33185.046
89921,33420.043000000005
89922,32080.043000000005
89923,31835.043000000005
89924,32025.044000000005
89925,32805.045000000006
89926,32595.050000000007
89927,32825.04800000001
89928,32660.047000000006
89929,31880.047000000006
89930,31820.049000000006
89931,32735.051000000007
89932,33290.05300000001
89933,33135.05100000001
89934,32945.05
89935,31935.052000000007
89936,31720.056000000008
89937,31985.052000000007
89938,31755.055000000008
89939,31405.052000000007
89940,32740.054000000007
89941,32585.052000000007
89942,32755.052000000007
89943,32795.054000000004
89944,32780.05700000001
89945,33365.058000000005
89946,33170.058000000005
89947,33530.06000000001
89948,34480.06000000001
89949,35680.059
89950,34285.06000000001
89951,34120.05900000001
89952,33565.058000000005
89953,33385.054000000004
89954,33020.05600000001
89955,33235.05700000001
89956,32880.05500000001
89957,33100.05600000001
89958,32325.055000000008
89959,31430.054000000007
89960,30505.054000000007
89961,31315.052000000007
89962,31055.055000000008
89963,31665.056000000008
89964,31835.056000000008
89965,31275.056000000008
89966,31655.05900000001
89967,31600.06000000001
89968,31855.05900000001
89969,30840.06200000001
89970,32860.058000000005
89971,32345.054000000007
89972,31840.055000000008
89973,31850.055000000008
89974,31840.057000000008
89975,32200.058000000008
89976,31975.05900000001
89977,32555.06000000001
89978,34085.059
89979,35290.057
89980,34375.055
89981,34610.058000000005
89982,34410.061
89983,34075.060000000005
89984,33430.05900000001
89985,33435.05800000001
89986,33280.05500000001
89987,33140.05700000001
89988,32565.056000000008
89989,32430.054000000007
89990,31590.057000000008
89991,31415.058000000008
89992,31850.054000000007
89993,31820.055000000008
89994,32175.058000000008
89995,32105.058000000008
89996,32375.058000000008
89997,32035.058000000008
89998,32180.05900000001
89999,31195.06200000001
90000,32395.06100000001
90001,31575.06400000001
90002,32045.058000000008
90003,32215.058000000008
90004,32405.05900000001
90005,32955.06100000001
90006,32555.06400000001
90007,33145.06400000001
90008,34130.062000000005
90009,34685.063
90010,34655.056000000004
90011,35150.05900000001
90012,35010.05900000001
90013,35045.057
90014,33910.05900000001
90015,33910.05900000001
90016,33310.062000000005
90017,33720.058000000005
90018,33980.056000000004
90019,34135.05500000001
90020,34260.060000000005
90021,34280.06100000001
90022,34505.060000000005
90023,34540.058000000005
90024,35165.05900000001
90025,34030.06100000001
90026,34010.066000000006
90027,32720.06900000001
90028,31900.07200000001
90029,31280.06900000001
90030,31815.06900000001
90031,31040.06800000001
90032,31430.06800000001
90033,31485.06800000001
90034,32100.06700000001
90035,33110.06500000001
90036,33090.064000000006
90037,33845.06300000001
90038,33980.065
90039,35110.068
90040,33745.06800000001
90041,34170.066000000006
90042,33920.06700000001
90043,33500.068
90044,33115.06800000001
90045,33570.065
90046,33740.065
90047,33485.062000000005
90048,33515.06100000001
90049,32900.06100000001
90050,33645.063
90051,34260.062
90052,34065.062
90053,33485.059
90054,33285.06
90055,32480.06000000001
90056,32650.05900000001
90057,32415.06200000001
90058,32055.06100000001
90059,31375.06300000001
90060,32360.06100000001
90061,31355.06200000001
90062,31940.06200000001
90063,32745.06200000001
90064,33495.06300000001
90065,34650.062000000005
90066,35045.060999999994
90067,34930.064
90068,35150.064
90069,36215.060999999994
90070,35155.063
90071,35490.064
90072,35085.067
90073,34990.062000000005
90074,34050.060000000005
90075,33705.06300000001
90076,33310.06500000001
90077,32700.06900000001
90078,31970.07200000001
90079,31250.073000000008
90080,30985.077000000005
90081,31370.07700000001
90082,30925.078000000005
90083,30881.07100000001
90084,31356.070000000007
90085,30790.06800000001
90086,30420.069000000007
90087,30980.069000000007
90088,30445.069000000007
90089,29727.06700000001
90090,31487.067000000006
90091,30377.066000000006
90092,31892.065000000006
90093,32802.06800000001
90094,33352.07000000001
90095,34337.07
90096,35322.069
90097,34982.071
90098,35427.07
90099,36632.068
90100,36025.068
90101,37003.068
90102,35963.070999999996
90103,35322.074
90104,34322.07400000001
90105,34389.07200000001
90106,33549.07600000001
90107,32954.07800000001
90108,32599.07700000001
90109,32161.08000000001
90110,31975.08100000001
90111,32995.077000000005
90112,31665.075000000008
90113,30885.075000000008
90114,31470.07600000001
90115,31325.07700000001
90116,31135.07600000001
90117,31240.07900000001
90118,31475.08600000001
90119,30830.07900000001
90120,31835.07800000001
90121,31181.081000000006
90122,32941.081000000006
90123,33946.081000000006
90124,34631.085
90125,34717.082
90126,36187.077999999994
90127,36588.079
90128,36338.08
90129,37960.079
90130,37540.08
90131,37422.078
90132,36893.076
90133,36668.078
90134,35212.077
90135,34610.082
90136,33995.083
90137,33685.084
90138,33570.084
90139,32565.085000000006
90140,32009.086000000007
90141,33442.083000000006
90142,31829.084000000006
90143,31502.080000000005
90144,32296.079000000005
90145,32681.080000000005
90146,32196.076000000005
90147,32164.078000000005
90148,32214.078000000005
90149,31783.079000000005
90150,32358.081000000006
90151,32289.083000000006
90152,33661.083000000006
90153,34967.083999999995
90154,35977.083999999995
90155,36147.085999999996
90156,37207.087
90157,37429.087999999996
90158,36903.09
90159,36921.101
90160,35760.102
90161,35514.107
90162,34822.106
90163,34662.105
90164,33722.105
90165,34258.104
90166,33578.102000000006
90167,32948.10100000001
90168,32978.10400000001
90169,32598.111
90170,33288.11200000001
90171,33479.114
90172,32982.113000000005
90173,32583.115000000005
90174,33163.114
90175,33781.114
90176,33790.119000000006
90177,34698.123999999996
90178,34607.126
90179,34623.13
90180,35033.136
90181,34617.142
90182,34918.144
90183,36600.138
90184,37146.139
90185,36153.143000000004
90186,36980.14400000001
90187,37471.145000000004
90188,37257.146
90189,37798.149
90190,36465.15
90191,36275.153
90192,35559.158
90193,35737.162000000004
90194,35230.157
90195,34905.162000000004
90196,34570.16
90197,34009.162000000004
90198,34074.161
90199,32950.164000000004
90200,33018.16900000001
90201,33508.17300000001
90202,33486.175
90203,32042.181000000008
90204,32774.179000000004
90205,33942.18
90206,34366.181
90207,34673.186
90208,34775.185
90209,34737.191999999995
90210,35839.195
90211,35809.198000000004
90212,35512.201
90213,35841.208999999995
90214,36378.206999999995
90215,35793.208
90216,35163.215
90217,34747.217
90218,35374.212
90219,35863.211
90220,33886.21000000001
90221,33589.21400000001
90222,33387.216
90223,34704.21400000001
90224,34816.213
90225,34839.21800000001
90226,34430.21400000001
90227,34206.217000000004
90228,34338.22
90229,34288.219000000005
90230,34304.221000000005
90231,34283.22600000001
90232,34210.223000000005
90233,33280.224
90234,33691.232
90235,33999.239
90236,35009.251000000004
90237,35883.256
90238,35259.264
90239,35257.26700000001
90240,37132.263
90241,37071.264
90242,37355.26500000001
90243,38082.263000000006
90244,38252.26500000001
90245,37446.268000000004
90246,37942.263
90247,38163.262
90248,37696.268000000004
90249,37643.272
90250,36151.275
90251,36239.28
90252,36261.278000000006
90253,36971.279
90254,36475.280999999995
90255,36905.286
90256,36840.284999999996
90257,36729.284999999996
90258,36695.288
90259,36646.289000000004
90260,36791.292
90261,36949.295000000006
90262,36076.299000000006
90263,35322.29800000001
90264,35741.3
90265,36546.30300000001
90266,37868.30100000001
90267,38089.30100000001
90268,37877.301000000014
90269,37359.30300000002
90270,38746.30700000002
90271,38330.309000000016
90272,38676.309000000016
90273,39224.30400000002
90274,40556.305000000015
90275,39544.30800000002
90276,39254.31300000001
90277,39527.31000000001
90278,39044.32100000001
90279,39798.31700000001
90280,37655.32800000001
90281,37722.325000000004
90282,38120.32200000001
90283,38975.32300000001
90284,38427.31900000001
90285,38882.32300000001
90286,38775.33000000001
90287,39275.33500000001
90288,39043.335000000014
90289,38183.335000000014
90290,38824.343000000015
90291,39003.35200000001
90292,38705.35200000001
90293,38349.34200000002
90294,38265.34400000002
90295,39204.34000000001
90296,39133.33900000001
90297,39846.33700000001
90298,38762.343000000015
90299,39463.345000000016
90300,40959.347000000016
90301,40334.35100000001
90302,38888.36000000001
90303,39101.37100000002
90304,40217.366000000016
90305,39225.37800000001
90306,39400.38200000001
90307,39157.38800000001
90308,40240.38900000001
90309,40275.40100000001
90310,38508.39900000002
90311,38744.396000000015
90312,39511.40200000002
90313,40866.40100000002
90314,40983.39700000002
90315,41824.40100000002
90316,41593.40900000002
90317,41126.406000000025
90318,41280.40700000001
90319,40312.411000000015
90320,39877.417000000016
90321,41147.413000000015
90322,41470.42300000002
90323,40741.428000000014
90324,41162.42500000001
90325,41600.432000000015
90326,41029.44000000001
90327,41267.44300000001
90328,40733.44100000002
90329,40771.44500000002
90330,42465.44500000002
90331,41078.45500000001
90332,40881.45600000002
90333,41122.457000000024
90334,41671.46000000002
90335,41107.465000000026
90336,41907.46900000002
90337,42370.47000000002
90338,43459.467000000026
90339,43638.47700000002
90340,42606.47900000002
90341,42380.48000000002
90342,41803.48300000002
90343,42639.48400000002
90344,41552.48600000002
90345,41870.486000000026
90346,41833.48800000002
90347,41259.488000000034
90348,41392.49200000002
90349,40498.493000000024
90350,40408.496000000014
90351,41246.49200000002
90352,41040.493000000024
90353,39753.49800000002
90354,39728.50500000001
90355,40343.50100000002
90356,40428.50600000003
90357,41291.510000000024
90358,40356.51100000002
90359,40915.512000000024
90360,41931.51600000002
90361,41439.50900000002
90362,41638.51200000002
90363,41905.51700000002
90364,42557.52200000002
90365,41733.52200000002
90366,42818.52000000002
90367,43167.52000000002
90368,44332.51600000001
90369,43656.52700000001
90370,43068.52900000002
90371,42577.540000000015
90372,42577.54300000001
90373,44013.54500000002
90374,43554.53600000002
90375,44141.548000000024
90376,43824.552000000025
90377,42814.557000000015
90378,42392.56200000001
90379,41819.56500000001
90380,41983.56700000002
90381,43298.56000000002
90382,42766.55500000002
90383,40986.56400000001
90384,41843.566000000006
90385,42858.565
90386,42979.56700000001
90387,42647.57500000001
90388,41264.574000000015
90389,42456.578000000016
90390,42256.58300000002
90391,40601.59000000001
90392,40916.60100000001
90393,41965.60500000001
90394,42075.61300000001
90395,40623.603
90396,40299.62000000001
90397,41822.612000000016
90398,42511.61500000001
90399,42206.62200000001
90400,41689.62800000001
90401,42050.619000000006
90402,41362.623000000014
90403,42489.626000000004
90404,40635.63000000001
90405,41425.63300000001
90406,41656.62100000001
90407,40754.61700000001
90408,41258.61500000001
90409,40266.60900000001
90410,40015.60900000001
90411,41690.61000000001
90412,40947.61900000001
90413,39898.60900000001
90414,40358.62100000001
90415,40901.62100000001
90416,41345.62100000001
90417,40964.618
90418,40022.61700000001
90419,40384.62900000001
90420,41165.62800000001
90421,40712.627000000015
90422,40686.62600000001
90423,41398.625000000015
90424,41834.629000000015
90425,41323.633000000016
90426,41500.627000000015
90427,42965.62200000002
90428,43716.616000000016
90429,44181.616000000016
90430,43909.60900000002
90431,43522.60800000002
90432,43890.60300000002
90433,44528.604000000014
90434,44099.60300000001
90435,43789.60500000001
90436,43441.59900000002
90437,42515.606000000014
90438,42586.610000000015
90439,41096.608000000015
90440,40549.62100000001
90441,41338.634
90442,41086.62700000001
90443,40118.638000000006
90444,39404.651000000005
90445,40038.659
90446,40886.65800000001
90447,40993.653000000006
90448,39952.651000000005
90449,40926.656
90450,41126.65600000002
90451,40290.648000000016
90452,39723.65100000001
90453,40598.65200000001
90454,40827.649000000005
90455,40310.648000000016
90456,40869.64500000002
90457,42330.64400000002
90458,43015.640000000014
90459,43370.63500000002
90460,43272.63000000001
90461,42261.628000000004
90462,42469.62600000001
90463,42600.62700000001
90464,42761.62900000001
90465,42770.63200000001
90466,42657.63000000001
90467,41837.628000000004
90468,41718.63200000001
90469,40679.62800000001
90470,41026.63000000001
90471,41921.630000000005
90472,41963.623999999996
90473,41202.633
90474,40474.641
90475,41781.638000000006
90476,40914.64100000001
90477,40889.644000000015
90478,40767.62500000001
90479,42037.619000000006
90480,42453.62100000001
90481,41424.60900000001
90482,41316.615000000005
90483,42891.607
90484,42593.60100000001
90485,41141.59600000001
90486,41123.60300000001
90487,40871.607000000025
90488,41125.60900000002
90489,41233.61100000001
90490,40432.61400000002
90491,40650.60000000002
90492,39862.60200000002
90493,39075.60400000002
90494,39778.60200000002
90495,40234.60000000001
90496,40202.598000000005
90497,39133.60400000001
90498,39069.60100000001
90499,37695.602000000006
90500,37429.609000000004
90501,38057.61400000001
90502,37554.62200000001
90503,36801.626000000004
90504,36791.623
90505,37295.62800000001
90506,36601.622
90507,37034.60700000001
90508,36993.60200000001
90509,37298.595000000016
90510,37225.59500000001
90511,36132.59400000001
90512,36459.59300000002
90513,37547.58600000001
90514,35862.590000000026
90515,34231.59000000002
90516,34254.59200000002
90517,35363.59400000001
90518,35231.59900000001
90519,36049.600000000006
90520,35902.594000000005
90521,36338.58200000001
90522,36074.573000000004
90523,35589.56400000001
90524,36296.56200000001
90525,35958.574000000015
90526,36674.57700000001
90527,35183.57900000001
90528,35690.57100000001
90529,33417.57500000001
90530,33561.578000000016
90531,34262.58100000001
90532,34159.57400000001
90533,33999.56700000001
90534,33721.57100000002
90535,33623.570000000014
90536,32563.579000000023
90537,32940.57000000002
90538,32137.56800000002
90539,31856.56600000002
90540,31867.569000000018
90541,30606.567000000017
90542,30311.571000000018
90543,31128.572000000026
90544,30231.568000000017
90545,29642.56500000002
90546,29541.56900000002
90547,30781.564000000017
90548,30599.565000000017
90549,31720.56300000002
90550,30902.552000000018
90551,31032.54300000002
90552,31307.54100000002
90553,30837.535000000018
90554,31657.52500000002
90555,32526.50700000002
90556,32751.50300000002
90557,31528.50400000002
90558,32362.501000000022
90559,31595.49500000002
90560,31870.48400000002
90561,33387.476000000024
90562,32895.48300000002
90563,31994.48500000002
90564,31670.49700000002
90565,31505.494000000017
90566,31095.492000000017
90567,30934.485000000015
90568,29498.485000000015
90569,28811.483000000022
90570,28969.48500000002
90571,28308.477000000017
90572,28649.48000000002
90573,29376.492000000017
90574,28311.496000000017
90575,28585.498000000018
90576,28089.50100000002
90577,29825.491000000016
90578,30209.497000000018
90579,31094.482000000015
90580,30131.477000000014
90581,30875.46600000002
90582,30680.462000000018
90583,30567.458000000013
90584,30444.46600000002
90585,30657.470000000016
90586,31671.460000000014
90587,30636.456000000013
90588,30782.452000000012
90589,30846.45000000001
90590,30591.449000000015
90591,30578.456000000013
90592,29353.46600000001
90593,28417.45600000001
90594,29155.45400000001
90595,29346.444000000014
90596,28895.440000000013
90597,27397.436000000012
90598,25826.44200000001
90599,24722.43900000001
90600,25826.43900000001
90601,24847.433000000008
90602,25417.434000000012
90603,25730.434000000012
90604,25187.43300000001
90605,24535.433000000008
90606,24061.431000000008
90607,25798.436000000012
90608,27126.435000000012
90609,28471.43300000001
90610,27643.432000000008
90611,27273.427000000007
90612,27787.428000000007
90613,27493.433000000015
90614,26598.43000000001
90615,26434.428000000014
90616,26739.418000000016
90617,25821.418000000016
90618,25517.409000000018
90619,24801.410000000014
90620,24362.41200000001
90621,24664.407000000014
90622,24101.412000000015
90623,24658.41300000001
90624,24734.41500000001
90625,25237.41100000001
90626,25532.41500000001
90627,24693.408000000014
90628,24024.41200000001
90629,24233.414000000008
90630,24830.419000000005
90631,24896.418000000005
90632,24136.429000000007
90633,22914.42700000001
90634,22685.432000000004
90635,22677.426000000007
90636,22126.42300000001
90637,23672.416000000005
90638,22868.417000000005
90639,22216.41700000001
90640,21677.421000000002
90641,21168.415000000005
90642,22355.407000000003
90643,22192.414000000008
90644,22486.40300000001
90645,22083.409000000007
90646,23045.407000000007
90647,22068.412
90648,22828.413000000004
90649,22907.413000000004
90650,23853.405000000002
90651,24131.403000000002
90652,23611.392000000003
90653,23917.395
90654,22586.397
90655,21779.395
90656,21054.395
90657,20632.393
90658,20144.401
90659,21142.398
90660,21141.393
90661,21121.394
90662,20915.395000000004
90663,20194.391000000003
90664,20274.398
90665,20031.406000000003
90666,20147.403000000002
90667,21034.406
90668,20135.404
90669,18192.411
90670,17753.406
90671,17083.409
90672,18426.404
90673,18613.395
90674,18593.39
90675,18284.395
90676,17707.394
90677,16646.395000000004
90678,16571.394
90679,16648.384000000005
90680,17870.375
90681,18449.369000000002
90682,17877.370000000003
90683,18598.368000000002
90684,19260.358
90685,20613.36
90686,21515.358
90687,21978.351
90688,22639.351999999995
90689,23458.343999999994
90690,22699.338999999993
90691,21307.347999999994
90692,20462.352999999996
90693,19771.354
90694,18869.354999999996
90695,18035.357
90696,16971.36
90697,15815.366000000004
90698,14651.363000000005
90699,13212.367000000004
90700,13306.373
90701,12968.378000000002
90702,13035.384000000002
90703,12776.383000000003
90704,12071.386000000008
90705,11614.387000000008
90706,11925.399000000009
90707,12376.40800000001
90708,12740.411000000013
90709,12901.407000000014
90710,13079.409000000016
90711,13102.419000000016
90712,12076.435000000016
90713,10413.450000000019
90714,9165.46700000002
90715,8269.48000000002
90716,5845.499000000021
90717,5166.51700000002
90718,4410.543000000014
90719,1381.589999999997
90720,1518.4399999999976
90721,2481.4259999999977
90722,3675.4190000000094
90723,5135.410000000009
90724,5800.403000000017
90725,8457.394000000017
90726,9392.390000000018
90727,10297.378000000015
90728,11271.374000000014
90729,11914.377000000011
90730,14384.372000000016
90731,14364.367000000013
90732,14465.356000000013
90733,14080.34700000001
90734,13795.34300000001
90735,13446.34400000001
90736,13246.338000000009
90737,13146.334000000006
90738,12731.339000000005
90739,12758.338000000007
90740,11308.338000000005
90741,13238.341000000006
90742,14250.337000000005
90743,14040.333000000002
90744,15539.326000000005
90745,16394.319000000003
90746,16664.312
90747,18284.304
90748,19492.297
90749,20112.290999999997
90750,19224.292999999998
90751,17794.293999999998
90752,17609.295
90753,18442.290999999997
90754,18537.299
90755,18842.301
90756,19808.302
90757,18738.302
90758,18413.309999999998
90759,18180.306
90760,19275.301
90761,19460.296
90762,19460.291999999998
90763,18850.291
90764,18295.283
90765,17333.282
90766,16723.278000000002
90767,16883.277000000002
90768,16018.265000000001
90769,15833.267000000002
90770,16023.261
90771,15600.264000000003
90772,15975.262000000002
90773,16306.262000000002
90774,14911.259000000002
90775,15766.259000000004
90776,16741.253
90777,16401.259000000002
90778,16508.262000000002
90779,16996.252
90780,16376.252000000002
90781,15416.251000000002
90782,14991.253000000002
90783,14758.257000000003
90784,16163.257000000003
90785,16731.253000000004
90786,16681.250000000004
90787,16429.248000000003
90788,17129.240000000005
90789,17099.234000000004
90790,18074.225000000002
90791,18664.217000000004
90792,19234.216
90793,19614.208000000002
90794,18574.208000000002
90795,17414.201000000005
90796,16349.199000000004
90797,16263.201000000006
90798,16096.195000000005
90799,16114.190000000004
90800,16524.182000000004
90801,17476.180000000004
90802,16899.184000000005
90803,16924.182000000004
90804,16914.184000000005
90805,17719.181000000004
90806,19114.178
90807,18524.181
90808,18144.182
90809,17954.183
90810,16984.187
90811,15244.187000000004
90812,15626.187000000004
90813,16224.189000000004
90814,16409.191000000003
90815,16829.189000000002
90816,16479.187
90817,16264.191000000004
90818,16679.190000000002
90819,15899.192000000005
90820,16864.192000000006
90821,16459.195000000003
90822,17249.195000000003
90823,17254.197000000004
90824,16671.199000000004
90825,16831.202000000005
90826,16461.200000000004
90827,17631.201000000005
90828,17828.200000000004
90829,18023.200000000004
90830,17426.205000000005
90831,19412.204
90832,19232.203
90833,19392.203999999998
90834,19207.204
90835,19002.205
90836,19577.205
90837,18012.206000000002
90838,17642.205
90839,17812.208000000002
90840,18407.207000000002
90841,16624.210000000003
90842,17234.208000000006
90843,17209.211000000003
90844,17847.205
90845,18062.204
90846,18074.201
90847,17879.201000000005
90848,17672.204000000005
90849,17277.205000000005
90850,17267.206000000006
90851,17087.203000000005
90852,17867.202000000005
90853,17849.202000000005
90854,16821.208000000006
90855,17191.207000000006
90856,16831.204000000005
90857,17606.206000000006
90858,17411.206000000006
90859,17601.207000000002
90860,17251.202000000005
90861,18256.197000000004
90862,17284.198000000004
90863,18464.197000000004
90864,18439.201000000005
90865,18824.202
90866,20199.199
90867,19609.2
90868,19219.199
90869,18599.202
90870,19394.199
90871,18984.2
90872,19764.2
90873,19179.2
90874,19589.196
90875,19764.202
90876,19179.203
90877,18186.207000000002
90878,18014.205000000005
90879,18184.207000000002
90880,17434.203000000005
90881,17642.202000000005
90882,18222.203
90883,18447.199
90884,18062.197000000004
90885,17852.198000000004
90886,17879.197000000004
90887,17674.199000000004
90888,17644.203000000005
90889,18419.205000000005
90890,17884.199000000004
90891,18299.195000000003
90892,18264.200000000004
90893,19439.198000000004
90894,20219.196000000004
90895,20974.197
90896,21164.198000000004
90897,20379.2
90898,19014.199
90899,18242.201000000005
90900,18792.203
90901,17609.204
90902,17789.206000000002
90903,17019.202000000005
90904,17022.203000000005
90905,16999.206000000002
90906,17009.204
90907,17362.204
90908,17964.203
90909,17957.206000000002
90910,17792.202000000005
90911,18357.204000000005
90912,18542.206000000006
90913,19502.207000000002
90914,19274.211000000003
90915,19074.210000000003
90916,19694.203000000005
90917,19722.196
90918,20884.195
90919,21279.192000000003
90920,20499.188
90921,20339.182999999997
90922,20737.181999999997
90923,21509.179999999997
90924,21914.179
90925,22859.180999999997
90926,22264.180999999997
90927,21492.18
90928,20117.178
90929,19329.178
90930,19744.172000000002
90931,19357.174000000003
90932,20347.171000000002
90933,19382.166
90934,19377.168
90935,19972.166
90936,20347.167
90937,20522.167
90938,21492.165
90939,21677.164
90940,20487.163
90941,21257.164
90942,21242.166
90943,22402.167
90944,21857.165
90945,21287.162
90946,21249.167
90947,20467.166
90948,20657.167
90949,21475.165
90950,21650.168
90951,21070.168
90952,21285.165000000005
90953,21320.161000000004
90954,21685.164000000004
90955,22252.167000000005
90956,21039.173000000006
90957,20687.168000000005
90958,19692.169000000005
90959,19679.171000000006
90960,19299.171000000006
90961,19104.174000000006
90962,20079.175000000003
90963,18709.178000000004
90964,19294.179000000004
90965,20103.179000000004
90966,20493.180000000004
90967,20685.181
90968,22240.182
90969,22467.183
90970,21673.183
90971,22103.187
90972,22858.188000000002
90973,24262.190000000002
90974,22862.195000000003
90975,21522.193000000003
90976,21307.199000000004
90977,20529.198
90978,21178.197000000004
90979,22172.195000000003
90980,23142.198000000004
90981,22760.197000000004
90982,23588.197
90983,22845.198
90984,23972.198
90985,25023.195
90986,25054.198
90987,23676.196
90988,22301.199
90989,21911.201
90990,21706.205
90991,21345.202
90992,21909.208000000002
90993,21365.208000000002
90994,21340.209000000003
90995,21710.208000000002
90996,22706.206000000002
90997,23112.207000000002
90998,24136.207000000002
90999,24722.205
91000,24142.206000000002
91001,23958.205000000005
91002,25939.202000000005
91003,26330.203
91004,25351.201
91005,24614.198
91006,24861.199000000004
91007,23505.200000000004
91008,23909.202
91009,25487.2
91010,26302.201
91011,26462.206000000002
91012,26855.205
91013,26518.201
91014,26130.202
91015,26316.202
91016,26695.201
91017,24914.205
91018,24523.212000000003
91019,23943.211000000003
91020,23978.212000000003
91021,23678.215000000004
91022,24862.216000000004
91023,24122.211000000003
91024,24718.211000000003
91025,24676.216000000004
91026,25876.209000000003
91027,25256.215000000004
91028,26299.214000000004
91029,26524.215
91030,26416.209000000003
91031,25142.216
91032,26758.211
91033,27366.211
91034,26790.213
91035,26202.214
91036,26185.216
91037,26030.213000000003
91038,26456.206000000002
91039,26996.212000000003
91040,27389.212000000003
91041,27594.210000000003
91042,27479.203
91043,27878.205
91044,27878.207000000002
91045,28223.212000000003
91046,29103.208000000002
91047,27701.214000000004
91048,27148.215
91049,26258.215
91050,25511.215
91051,25496.219
91052,26655.226000000002
91053,26102.223
91054,26254.228000000003
91055,26308.225000000002
91056,26542.221000000005
91057,26106.222
91058,25987.224000000006
91059,25233.227000000006
91060,25644.230000000003
91061,24864.226000000002
91062,25716.222000000005
91063,26150.221000000005
91064,25362.223000000005
91065,25243.217000000004
91066,25426.22
91067,25631.223
91068,25519.219000000005
91069,27153.214000000004
91070,28579.216000000004
91071,28862.224000000002
91072,28177.217
91073,29161.215999999997
91074,29564.217
91075,29601.216
91076,29991.214000000004
91077,28792.214000000004
91078,28442.215
91079,28684.214000000004
91080,27172.211000000003
91081,27199.213
91082,28725.21
91083,27910.212
91084,28725.205
91085,28404.203
91086,28066.202
91087,27966.199
91088,28390.199000000004
91089,27385.206000000002
91090,28272.201000000005
91091,28008.205
91092,28583.212
91093,29140.217000000004
91094,28018.221
91095,28698.23
91096,28382.227
91097,28511.235999999997
91098,28347.236
91099,28521.233
91100,30266.232
91101,30960.233
91102,29444.233
91103,29736.23
91104,30139.236
91105,30662.242000000002
91106,30149.239
91107,29356.244000000002
91108,28360.256000000005
91109,28754.261000000006
91110,26848.260000000006
91111,28600.260000000002
91112,29802.258
91113,28394.264000000003
91114,29930.263000000003
91115,29201.264000000003
91116,30109.266000000003
91117,30088.272000000004
91118,30567.269000000004
91119,29279.279000000006
91120,29685.277000000006
91121,28932.283000000003
91122,30141.281000000003
91123,30484.278000000006
91124,29495.281000000003
91125,28945.279000000002
91126,28110.284000000003
91127,28913.290000000005
91128,29104.294000000005
91129,28716.291000000005
91130,29934.290000000005
91131,29807.292000000005
91132,28265.295000000006
91133,28066.299000000006
91134,29263.294000000005
91135,29894.287000000004
91136,29015.292000000005
91137,27967.295000000006
91138,27744.292000000005
91139,27983.290000000005
91140,27646.284000000003
91141,27968.293000000005
91142,28726.289000000004
91143,27771.285000000003
91144,28682.281000000003
91145,27927.274
91146,29735.268000000004
91147,29413.262000000002
91148,30296.270000000004
91149,28539.270000000004
91150,30208.259000000002
91151,30279.255
91152,32004.259000000002
91153,32586.252000000004
91154,32137.250000000004
91155,30756.250000000004
91156,30331.250000000004
91157,31364.249000000003
91158,31227.249000000003
91159,32180.251000000004
91160,33468.251000000004
91161,33298.248
91162,32144.247000000003
91163,32072.253000000004
91164,32421.252000000004
91165,33040.238000000005
91166,32911.228
91167,31570.225000000002
91168,30831.221000000005
91169,30641.223000000005
91170,30598.223
91171,31634.217000000004
91172,31824.219000000005
91173,31901.208000000002
91174,32075.206000000002
91175,30357.198000000004
91176,32550.186
91177,32654.181
91178,33823.176
91179,32290.175000000003
91180,33000.172
91181,32738.174000000003
91182,33021.179000000004
91183,33610.174
91184,33141.174
91185,32426.168
91186,31837.166000000005
91187,32677.159000000003
91188,32320.154000000002
91189,32719.148
91190,33986.147
91191,33990.14
91192,33565.14
91193,33187.137
91194,34019.132
91195,34934.132
91196,34017.12699999999
91197,33427.125
91198,32016.125
91199,32763.125000000004
91200,31010.127
91201,31016.128
91202,31350.131
91203,31338.131
91204,31757.128000000004
91205,30624.124000000003
91206,31557.124000000003
91207,31727.123000000003
91208,33002.125
91209,31546.129000000004
91210,32337.128000000004
91211,31972.126000000004
91212,32540.125000000004
91213,33584.128
91214,32433.125000000004
91215,32028.128000000004
91216,31626.127000000004
91217,31770.13
91218,31340.132
91219,32362.129
91220,33565.12499999999
91221,33348.127
91222,32526.13
91223,32724.127
91224,33447.128000000004
91225,34224.12999999999
91226,34084.12099999999
91227,33320.12
91228,32082.122000000003
91229,33387.12
91230,32256.111000000004
91231,32516.109000000004
91232,32337.109000000004
91233,31499.113
91234,32094.108000000004
91235,31049.11
91236,37512.105
91237,38104.10400000001
91238,39046.107
91239,37263.105
91240,38483.103
91241,37498.10400000001
91242,38933.099
91243,39252.10400000001
91244,38313.100000000006
91245,38292.10100000001
91246,37566.094000000005
91247,37758.094000000005
91248,37033.08700000001
91249,38003.08700000001
91250,33412.086
91251,33771.088
91252,32596.087000000007
91253,33671.078
91254,34090.077000000005
91255,34883.073000000004
91256,35693.07200000001
91257,35508.067
91258,34733.066000000006
91259,35225.065
91260,33995.063
91261,34395.059
91262,34460.054000000004
91263,33090.055
91264,33480.055
91265,32925.055
91266,33450.057
91267,33810.058000000005
91268,35145.059
91269,33393.058000000005
91270,34208.056000000004
91271,33808.059
91272,35173.059
91273,35048.055
91274,33543.054000000004
91275,33353.053
91276,31963.059000000005
91277,32178.055000000004
91278,31345.058000000005
91279,33295.058000000005
91280,34245.058000000005
91281,33785.062000000005
91282,32020.064000000006
91283,33445.062000000005
91284,34060.062000000005
91285,34668.063
91286,34688.06500000001
91287,34293.066000000006
91288,33423.07400000001
91289,33533.07600000001
91290,32983.07400000001
91291,33458.073000000004
91292,33878.07200000001
91293,33148.073000000004
91294,33553.071
91295,32563.070000000007
91296,33013.06800000001
91297,33473.064000000006
91298,34268.065
91299,32318.065000000006
91300,32283.068000000007
91301,32118.068000000007
91302,32903.067
91303,32378.066000000006
91304,31538.069000000007
91305,32543.068000000007
91306,31798.066000000006
91307,31995.066000000006
91308,31175.065000000006
91309,32740.064000000006
91310,33030.060000000005
91311,32060.064000000006
91312,31285.065000000006
91313,37770.062000000005
91314,39175.05900000001
91315,39965.058000000005
91316,40643.054000000004
91317,41063.053
91318,41853.05100000001
91319,41843.053
91320,41658.05100000001
91321,42408.053
91322,42963.05500000001
91323,42898.05900000001
91324,42643.061
91325,41483.06000000001
91326,41843.062000000005
91327,40883.066000000006
91328,41438.068000000014
91329,39843.07000000001
91330,41043.069
91331,40453.07000000001
91332,40253.07100000001
91333,39898.069
91334,38958.069
91335,39243.06700000001
91336,38103.06800000001
91337,38098.07100000001
91338,37718.069
91339,38508.07200000001
91340,37988.069
91341,37848.06800000001
91342,36698.069
91343,37158.065
91344,38448.062000000005
91345,38868.06100000001
91346,33618.062000000005
91347,33843.061
91348,34858.05800000001
91349,35048.059
91350,34883.059
91351,34593.064000000006
91352,35313.066000000006
91353,36188.068
91354,35853.067
91355,34938.065
91356,35683.067
91357,35528.064000000006
91358,35508.068
91359,34028.066000000006
91360,35598.064000000006
91361,35770.065
91362,35805.063
91363,35115.060000000005
91364,34275.062000000005
91365,33880.064000000006
91366,32540.06400000001
91367,33290.06500000001
91368,32845.06800000001
91369,34195.066000000006
91370,34035.064000000006
91371,33060.06500000001
91372,32310.06800000001
91373,32010.06500000001
91374,33220.062000000005
91375,34085.06100000001
91376,34415.064000000006
91377,33880.066000000006
91378,34130.06500000001
91379,34925.062
91380,35415.057
91381,34610.058000000005
91382,35610.05900000001
91383,36050.059
91384,36175.063
91385,35060.062000000005
91386,35680.061
91387,35325.05900000001
91388,35745.05900000001
91389,34260.05900000001
91390,34645.060000000005
91391,34445.061
91392,34395.062000000005
91393,33985.06100000001
91394,32645.06100000001
91395,32675.06000000001
91396,31215.06400000001
91397,32415.06300000001
91398,32450.06100000001
91399,33425.06100000001
91400,32840.06300000001
91401,33095.06100000001
91402,32318.06000000001
91403,32348.06000000001
91404,32728.06200000001
91405,32568.06000000001
91406,33323.060000000005
91407,32313.06100000001
91408,33143.05700000001
91409,33598.05500000001
91410,33528.060000000005
91411,34118.060000000005
91412,34983.05800000001
91413,35543.058000000005
91414,36293.061
91415,36263.062
91416,36983.064
91417,36848.062999999995
91418,37203.064999999995
91419,35548.069
91420,36393.068
91421,36038.066000000006
91422,35878.06500000001
91423,35308.06900000001
91424,34573.06500000001
91425,34508.06800000001
91426,33008.06600000001
91427,33063.06500000001
91428,32333.06500000001
91429,33678.06400000001
91430,33313.06600000001
91431,32933.06900000001
91432,32548.06800000001
91433,32158.07000000001
91434,32558.069000000014
91435,32818.066000000006
91436,33488.06500000001
91437,33153.06500000001
91438,33508.06700000001
91439,34548.064000000006
91440,34558.06200000001
91441,34723.064000000006
91442,34883.06600000001
91443,35308.063
91444,36598.058999999994
91445,36538.062
91446,37643.061
91447,37603.065
91448,37798.065
91449,36038.067
91450,36283.06700000001
91451,35945.06300000001
91452,35665.066000000006
91453,35830.06700000001
91454,34695.064000000006
91455,34955.06100000001
91456,33780.062000000005
91457,33185.064000000006
91458,32185.06400000001
91459,32730.06700000001
91460,31865.06600000001
91461,32275.06700000001
91462,31755.06400000001
91463,31840.06100000001
91464,32035.06100000001
91465,32090.06100000001
91466,33245.05900000001
91467,33830.056000000004
91468,34825.057
91469,35265.05700000001
91470,35760.060000000005
91471,35725.060999999994
91472,36630.064999999995
91473,36970.064999999995
91474,37675.066000000006
91475,36960.063
91476,37455.060999999994
91477,37425.062
91478,37180.062
91479,34890.066000000006
91480,34435.069
91481,33685.06800000001
91482,33820.07000000001
91483,34015.07000000001
91484,33005.07000000001
91485,33425.06900000001
91486,31845.06800000001
91487,31680.06700000001
91488,31715.06500000001
91489,32355.06800000001
91490,32190.06700000001
91491,33045.06700000001
91492,31895.06800000001
91493,31890.06900000001
91494,33065.06800000001
91495,33680.06700000001
91496,34885.06500000001
91497,34715.06500000001
91498,36490.06500000001
91499,37320.06500000001
91500,37655.066000000006
91501,36975.07000000001
91502,37470.073000000004
91503,36970.07100000001
91504,37110.07200000001
91505,36330.07200000001
91506,36465.06900000001
91507,36325.06800000001
91508,36100.06900000001
91509,35160.06700000001
91510,35335.066000000006
91511,33895.07100000001
91512,34305.06700000001
91513,34875.06500000001
91514,33520.06300000001
91515,33710.06300000001
91516,32740.06300000001
91517,32545.06400000001
91518,32385.06200000001
91519,32970.06500000001
91520,34135.06300000001
91521,35135.06300000001
91522,34154.066000000006
91523,34579.064000000006
91524,36074.067
91525,36199.071
91526,36229.07000000001
91527,36364.073000000004
91528,37707.07200000001
91529,37842.07400000001
91530,36907.07500000001
91531,36967.07400000001
91532,37232.070000000014
91533,37162.06500000001
91534,37932.064000000006
91535,36197.07000000001
91536,36582.072
91537,36717.075000000004
91538,35849.07800000001
91539,35157.076
91540,35016.073000000004
91541,34187.077000000005
91542,34779.076
91543,35459.072
91544,34034.075000000004
91545,34374.075000000004
91546,33454.075000000004
91547,33340.07400000001
91548,32780.07400000001
91549,32935.077000000005
91550,34305.076
91551,35515.073000000004
91552,34879.077000000005
91553,34494.076
91554,34879.077000000005
91555,36249.077
91556,36214.079
91557,36018.08200000001
91558,37218.082
91559,37673.08
91560,36128.083000000006
91561,35738.083000000006
91562,35513.08500000001
91563,35148.08500000001
91564,35635.090000000004
91565,34760.085
91566,35945.082
91567,36687.081000000006
91568,36116.08
91569,35576.081000000006
91570,34961.082
91571,34806.079
91572,34861.079
91573,35081.08
91574,33750.08
91575,33675.086
91576,32960.083000000006
91577,32880.08700000001
91578,32111.088000000007
91579,32481.087000000007
91580,33821.087
91581,34651.091
91582,35310.088
91583,34790.08500000001
91584,34435.084
91585,35050.08500000001
91586,34497.086
91587,35102.081999999995
91588,36087.079
91589,36295.082
91590,35822.084
91591,35267.083
91592,34770.081000000006
91593,35165.081
91594,35845.087
91595,35315.086
91596,36710.086
91597,36904.085
91598,37162.083
91599,36937.085
91600,36355.085999999996
91601,36856.083999999995
91602,36700.085999999996
91603,36563.085
91604,34803.086
91605,39708.09100000001
91606,38293.099
91607,38103.102000000006
91608,37123.105
91609,37593.105
91610,38433.10600000001
91611,39143.10800000001
91612,39503.11100000001
91613,39576.11100000001
91614,40076.117000000006
91615,40691.117000000006
91616,39757.11800000001
91617,40541.119000000006
91618,41539.12100000001
91619,41906.12500000001
91620,41480.12900000001
91621,40285.13300000001
91622,39721.136000000006
91623,40271.138000000006
91624,41276.141
91625,40915.14
91626,41832.143000000004
91627,41627.145
91628,42449.146
91629,42556.144
91630,41945.146
91631,42067.144
91632,42046.146
91633,41478.149999999994
91634,39967.152
91635,39632.151000000005
91636,38543.153000000006
91637,32380.162000000008
91638,32045.159000000007
91639,38017.164000000004
91640,38923.166000000005
91641,39924.16700000001
91642,39980.173
91643,38877.17400000001
91644,39075.173
91645,39740.172000000006
91646,39654.169
91647,40212.173
91648,40537.18
91649,40721.183
91650,40375.18199999999
91651,39742.182
91652,39345.182
91653,40478.185999999994
91654,41700.185999999994
91655,41150.187999999995
91656,42147.191
91657,41796.193999999996
91658,41741.19499999999
91659,41850.2
91660,41357.202999999994
91661,41657.209
91662,42563.206000000006
91663,42381.20300000001
91664,41403.20300000001
91665,41209.206000000006
91666,41108.210999999996
91667,40603.21399999999
91668,40598.213
91669,42037.211999999985
91670,42651.213
91671,43155.217000000004
91672,43619.219
91673,42902.216
91674,42361.224
91675,42359.229999999996
91676,42009.234
91677,43498.236000000004
91678,43596.243
91679,43377.244999999995
91680,43213.246
91681,42917.25
91682,41922.251000000004
91683,43162.25300000001
91684,43566.25200000001
91685,43691.261
91686,38711.259999999995
91687,38485.26700000001
91688,38335.267
91689,37408.273
91690,36671.284
91691,36616.291999999994
91692,36807.297
91693,36745.297
91694,36169.291999999994
91695,36243.293
91696,35802.297999999995
91697,34764.29800000001
91698,35427.298
91699,36339.30099999999
91700,36975.306
91701,37102.306
91702,37982.299999999996
91703,37483.301
91704,38139.301999999996
91705,37706.307
91706,37009.314999999995
91707,38357.320999999996
91708,38570.317
91709,38946.311
91710,38151.313
91711,38065.30900000001
91712,37399.313
91713,37950.32
91714,37315.323000000004
91715,37864.329000000005
91716,39142.334
91717,39517.335
91718,39279.337
91719,39219.339
91720,39678.339
91721,40231.333
91722,40540.337999999996
91723,39828.344
91724,38408.352999999996
91725,38834.352
91726,38858.347
91727,38622.343
91728,39194.351
91729,40068.351
91730,40728.35600000001
91731,41164.362
91732,42897.350000000006
91733,42656.351
91734,43702.34300000001
91735,42619.34500000001
91736,41185.343
91737,42060.345
91738,41968.348000000005
91739,42193.346000000005
91740,41035.344000000005
91741,39818.35000000001
91742,39466.35100000001
91743,40068.358000000015
91744,40599.36100000001
91745,41238.36400000001
91746,43089.36200000001
91747,43359.37500000001
91748,42231.38200000001
91749,42786.381000000016
91750,43689.38300000001
91751,44417.387
91752,43600.39600000001
91753,43406.40500000001
91754,42005.41200000001
91755,42379.410000000025
91756,42110.410000000025
91757,41443.42200000002
91758,41894.42700000002
91759,42235.43100000002
91760,42728.43600000002
91761,44301.43500000002
91762,45521.43800000002
91763,44883.44200000002
91764,46529.433000000005
91765,45758.435000000005
91766,43842.43600000001
91767,44117.43400000001
91768,44296.437
91769,44021.44700000001
91770,42803.453
91771,41419.450000000004
91772,41045.456000000006
91773,41474.45500000001
91774,47381.449
91775,48089.452000000005
91776,49454.458
91777,49613.465000000004
91778,49400.469
91779,49321.484000000004
91780,49065.493
91781,49278.49800000001
91782,49193.508
91783,49870.505
91784,48228.509
91785,48442.509
91786,47987.505
91787,47937.508
91788,48569.505
91789,48798.512
91790,49012.522000000004
91791,49850.52300000001
91792,50540.519
91793,49981.520000000004
91794,50820.526000000005
91795,50866.52500000001
91796,49800.537000000004
91797,50568.536000000015
91798,50489.54200000001
91799,44861.542000000016
91800,43912.54500000001
91801,43420.55200000002
91802,42433.549000000006
91803,42605.553000000014
91804,42603.56300000001
91805,43555.56000000001
91806,44748.566000000006
91807,44825.570000000014
91808,44664.575000000004
91809,44694.573000000004
91810,44853.57800000001
91811,44918.581000000006
91812,45003.581000000006
91813,44765.592000000004
91814,43297.591
91815,44387.589000000014
91816,43563.58800000001
91817,43435.59600000002
91818,42785.610000000015
91819,42030.61100000001
91820,42304.621000000014
91821,42827.62300000001
91822,43446.62900000001
91823,42884.62700000001
91824,43743.62000000001
91825,43036.615000000005
91826,42079.613
91827,42038.618
91828,42687.617999999995
91829,43052.613999999994
91830,42262.617999999995
91831,41570.617999999995
91832,41052.628
91833,41539.625
91834,42479.621999999996
91835,42327.627
91836,43099.621
91837,43595.619
91838,43945.61600000001
91839,43895.612
91840,43721.619000000006
91841,43810.624
91842,43821.61900000001
91843,44291.615000000005
91844,43049.616
91845,43644.608
91846,42511.623
91847,43074.624
91848,43002.63100000001
91849,42856.62899999999
91850,43780.623999999996
91851,44836.61800000001
91852,44940.616
91853,44063.617000000006
91854,45111.611000000004
91855,43811.62
91856,42841.611000000004
91857,42542.611
91858,43093.617
91859,43338.61699999999
91860,42640.60999999999
91861,42490.619999999995
91862,42132.62299999999
91863,42658.613999999994
91864,43469.607999999986
91865,44185.60499999999
91866,45270.60199999999
91867,45473.601
91868,44900.606
91869,45222.604
91870,44661.60499999999
91871,45077.607
91872,45396.617000000006
91873,45849.622
91874,43745.62200000001
91875,43928.62400000001
91876,43323.63900000001
91877,43882.634000000005
91878,43846.636999999995
91879,42922.632
91880,43621.62900000001
91881,43180.638000000006
91882,42833.63600000001
91883,41529.642000000014
91884,42688.63300000001
91885,40962.63800000001
91886,40700.633000000016
91887,39846.63100000001
91888,40318.63800000001
91889,40157.63700000002
91890,39084.64100000002
91891,39214.64200000002
91892,38837.63600000002
91893,39419.63900000001
91894,39814.64900000001
91895,41153.64200000002
91896,42320.651000000005
91897,42674.64000000001
91898,42528.63900000001
91899,42831.64200000001
91900,42384.655000000006
91901,43142.65000000001
91902,43567.651000000005
91903,43181.64800000001
91904,42349.653000000006
91905,43300.64300000002
91906,42388.63500000001
91907,43192.640000000014
91908,42972.639000000025
91909,42014.64900000001
91910,42015.65300000002
91911,41548.652000000024
91912,42083.64500000001
91913,41944.63800000001
91914,41777.634000000005
91915,41065.64000000001
91916,40023.64400000001
91917,39112.64000000001
91918,39533.645000000004
91919,39620.63300000001
91920,38530.65400000001
91921,38258.65400000002
91922,37015.649000000005
91923,37619.65900000001
91924,38506.657000000014
91925,38958.659
91926,40441.655
91927,40440.649
91928,40544.638000000006
91929,41599.635
91930,41579.64200000001
91931,42236.638
91932,43191.630000000005
91933,41977.639
91934,41870.623000000014
91935,40750.63400000001
91936,40501.631
91937,40897.627
91938,40020.63
91939,38265.63
91940,38434.636
91941,39024.626
91942,38854.616
91943,38929.611000000004
91944,38274.62100000001
91945,38952.60500000001
91946,36822.60900000001
91947,35994.61200000001
91948,35925.61100000001
91949,36465.60500000001
91950,35561.60300000001
91951,34976.593000000015
91952,33688.60400000002
91953,33592.60800000002
91954,34550.60300000002
91955,34460.59600000003
91956,35463.601
91957,35479.59
91958,35271.591
91959,41566.59
91960,41738.59
91961,42911.592000000004
91962,43853.591
91963,43229.587
91964,43386.58600000001
91965,42738.592000000004
91966,42906.581000000006
91967,42172.584
91968,41924.58600000001
91969,39815.58200000001
91970,40529.58900000001
91971,40657.57000000001
91972,40809.56300000001
91973,40857.562000000005
91974,41452.55200000001
91975,41792.554000000004
91976,40858.54900000001
91977,40228.55200000001
91978,39946.55200000001
91979,40157.54000000001
91980,38284.54100000003
91981,37774.54400000002
91982,36109.54500000002
91983,36304.53900000002
91984,35839.53900000002
91985,34254.546000000024
91986,34942.54700000002
91987,35542.54100000003
91988,36204.54100000003
91989,36616.54100000002
91990,36390.53500000002
91991,37218.53800000002
91992,38534.53100000002
91993,38070.53000000002
91994,37222.52800000002
91995,38157.52800000002
91996,37924.523000000016
91997,37901.52500000002
91998,37860.51300000002
91999,37546.50900000002
92000,38102.51300000002
92001,38609.516
92002,38063.521000000015
92003,38201.525000000016
92004,39220.52600000001
92005,33841.517000000014
92006,32295.51600000002
92007,32287.51100000002
92008,32909.50700000001
92009,32068.515000000018
92010,31319.50600000002
92011,30527.50000000002
92012,29248.498000000018
92013,29141.50400000002
92014,28843.510000000017
92015,28857.511000000017
92016,29207.509000000016
92017,29443.513000000017
92018,29696.515000000018
92019,29737.498000000018
92020,29264.494000000017
92021,29292.493000000017
92022,30425.497000000018
92023,30281.495000000017
92024,30124.493000000017
92025,30114.48600000002
92026,29734.48400000002
92027,30108.468000000015
92028,29224.466000000015
92029,29420.46600000002
92030,29223.462000000014
92031,29885.455000000016
92032,28751.458000000017
92033,29134.453000000016
92034,29473.455000000013
92035,29897.457000000013
92036,29869.461000000014
92037,29121.461000000018
92038,28612.461000000014
92039,28622.449000000015
92040,28825.449000000015
92041,27815.44800000001
92042,26540.44900000001
92043,26508.44700000001
92044,26909.44400000001
92045,27336.43600000001
92046,27220.42900000001
92047,28026.43000000001
92048,27877.439000000013
92049,27905.43300000001
92050,27888.415000000015
92051,28163.408000000014
92052,28806.413000000015
92053,28051.421000000017
92054,26885.417000000016
92055,26147.415000000015
92056,25465.424000000017
92057,25096.414000000015
92058,25191.415000000015
92059,24929.424000000017
92060,24268.428000000018
92061,25349.428000000014
92062,24096.438000000013
92063,23602.437000000016
92064,24514.437000000013
92065,25981.439000000013
92066,25976.439000000013
92067,24478.444000000014
92068,23456.434000000012
92069,23542.43600000001
92070,25284.43200000001
92071,24666.43900000001
92072,24446.433000000008
92073,24054.442000000006
92074,24024.439000000006
92075,22858.442000000006
92076,22249.442000000003
92077,23346.448000000004
92078,23450.439000000006
92079,23156.43100000001
92080,21506.41900000001
92081,21288.41700000001
92082,21419.41700000001
92083,21992.409000000007
92084,21363.414000000004
92085,21275.413000000008
92086,21234.409000000003
92087,21126.402000000006
92088,21816.398000000005
92089,21366.411000000007
92090,20742.409000000007
92091,21532.404000000006
92092,21402.409000000003
92093,21620.403000000006
92094,20864.404000000006
92095,21409.401000000005
92096,21637.403000000006
92097,20324.408000000003
92098,20455.406000000003
92099,20843.407000000003
92100,22773.408000000003
92101,21496.411000000004
92102,21069.407000000003
92103,21069.402000000002
92104,21170.395
92105,20401.402000000002
92106,19684.411000000004
92107,20883.423000000003
92108,21199.427000000003
92109,19940.431
92110,18592.427000000003
92111,18402.427000000003
92112,18804.424000000003
92113,18895.427000000003
92114,18894.417
92115,19240.414
92116,19285.409000000003
92117,19896.401000000005
92118,19850.404000000006
92119,19043.400000000005
92120,18664.402000000002
92121,18649.403000000002
92122,18556.405000000002
92123,19339.397
92124,19137.388000000003
92125,18813.391
92126,19649.376
92127,19264.367
92128,18681.367
92129,19811.351999999995
92130,20335.346999999994
92131,19611.352999999996
92132,18236.358999999997
92133,16898.37
92134,16006.374000000002
92135,15946.380000000003
92136,14482.377000000004
92137,14097.386000000004
92138,13260.400000000005
92139,12991.402000000006
92140,12304.404000000006
92141,11977.412000000008
92142,12234.41900000001
92143,12965.419000000009
92144,13552.417000000009
92145,13624.423000000008
92146,14312.42100000001
92147,14733.427000000009
92148,14529.426000000014
92149,14818.434000000016
92150,15660.448000000017
92151,14508.459000000017
92152,13327.467000000015
92153,11830.479000000018
92154,10535.50000000002
92155,9045.517000000022
92156,7952.53900000002
92157,5521.568000000022
92158,4665.587000000017
92159,1321.6339999999968
92160,1655.4419999999968
92161,3420.4290000000083
92162,4155.421000000013
92163,4905.413000000015
92164,5242.410000000017
92165,5922.405000000016
92166,6775.4030000000175
92167,8068.396000000016
92168,9088.397000000017
92169,9755.393000000016
92170,12375.391000000018
92171,11110.388000000017
92172,11365.388000000015
92173,11498.383000000013
92174,11898.37300000001
92175,11788.375000000011
92176,11898.37100000001
92177,11150.37500000001
92178,11602.368000000006
92179,11532.366000000005
92180,9347.361000000003
92181,11172.359000000004
92182,12647.353000000005
92183,14130.347
92184,15530.341
92185,17100.333000000002
92186,17065.329999999998
92187,17235.329999999998
92188,18098.319
92189,18733.311999999998
92190,19703.311999999998
92191,20033.317999999996
92192,18851.319999999996
92193,19011.317
92194,18751.318999999996
92195,17946.322
92196,18566.325999999997
92197,19711.318
92198,18521.322
92199,18276.317
92200,19237.304999999997
92201,17577.308999999997
92202,18047.301
92203,17087.298
92204,16242.295999999998
92205,16172.295
92206,16200.29
92207,15540.293
92208,16365.296
92209,16250.303000000002
92210,14015.305000000002
92211,15323.304000000002
92212,16376.297
92213,17156.293999999998
92214,17176.295
92215,17606.292
92216,17053.287
92217,16533.289
92218,16536.285
92219,16221.277000000002
92220,17886.276
92221,17246.273
92222,15793.278000000004
92223,15961.270000000002
92224,15984.262000000004
92225,15309.257000000005
92226,15759.255000000005
92227,16689.251000000004
92228,16251.248000000003
92229,15906.247000000005
92230,15471.242000000004
92231,16264.232000000004
92232,16834.229000000003
92233,15986.230000000003
92234,16556.222000000005
92235,16993.213000000003
92236,17963.211000000007
92237,17593.206000000006
92238,17885.207000000006
92239,18110.203000000005
92240,18090.20200000001
92241,18090.199000000008
92242,18458.200000000004
92243,19471.198000000004
92244,18691.199000000004
92245,18648.206000000006
92246,16931.204000000005
92247,17141.202000000005
92248,17959.198000000004
92249,17957.200000000004
92250,18717.203
92251,17767.206000000006
92252,17387.208000000006
92253,16417.207000000006
92254,17037.206000000006
92255,16247.208000000004
92256,17202.213000000003
92257,16832.211000000003
92258,15892.209000000004
92259,14737.210000000005
92260,14129.212000000005
92261,14937.208000000004
92262,15322.210000000003
92263,14747.212000000003
92264,15537.212000000003
92265,16122.213000000003
92266,16522.212000000003
92267,16522.211000000003
92268,17097.212000000003
92269,18294.208000000006
92270,17869.210000000006
92271,18021.211000000003
92272,18257.208000000006
92273,19297.203000000005
92274,18659.207000000006
92275,17924.204000000005
92276,16787.203
92277,17402.2
92278,18762.202000000005
92279,18769.202000000005
92280,19559.203000000005
92281,18989.200000000008
92282,19204.196000000004
92283,17829.196000000004
92284,18806.194000000007
92285,18773.199000000008
92286,20328.199000000004
92287,19963.198000000008
92288,20328.200000000004
92289,18753.203000000005
92290,18760.20200000001
92291,18816.197000000007
92292,18814.197000000007
92293,19014.196000000007
92294,18834.194000000007
92295,19224.195000000007
92296,23942.195000000007
92297,24097.198000000008
92298,23144.198000000008
92299,24702.196000000007
92300,23720.198000000008
92301,23515.201000000005
92302,24275.202000000005
92303,24620.202000000005
92304,25205.201000000005
92305,24402.204000000005
92306,24425.199000000004
92307,24012.204000000005
92308,25152.206000000006
92309,24922.207000000006
92310,25097.211000000007
92311,25104.209000000006
92312,24547.207000000006
92313,23372.205000000005
92314,24192.202000000005
92315,24572.204000000005
92316,25547.205000000005
92317,25937.203000000005
92318,25707.207000000006
92319,24927.207000000006
92320,25124.208000000006
92321,24757.205000000005
92322,24987.202000000005
92323,25334.204000000005
92324,24949.202000000005
92325,24962.201000000005
92326,24726.205000000005
92327,25306.206000000006
92328,24926.203000000005
92329,25111.205000000005
92330,24304.207000000006
92331,24899.208000000006
92332,25081.208000000006
92333,25068.209000000006
92334,25489.206000000006
92335,24899.205000000005
92336,24907.204000000005
92337,25287.204000000005
92338,26802.206000000006
92339,26977.208000000006
92340,27392.204000000005
92341,26997.204000000005
92342,25837.204000000005
92343,24857.203000000005
92344,25062.201000000005
92345,25834.203000000005
92346,26581.206000000006
92347,26002.208000000006
92348,25812.207000000006
92349,25032.207000000006
92350,24847.205000000005
92351,24507.201000000005
92352,24722.199000000004
92353,24732.196000000004
92354,25137.195000000003
92355,24752.194000000003
92356,23817.187000000005
92357,24182.190000000006
92358,24017.186000000005
92359,24447.181000000004
92360,24837.181000000004
92361,20687.182000000004
92362,21021.187000000005
92363,21829.186000000005
92364,21624.188000000002
92365,21437.186
92366,21024.187000000005
92367,20399.190000000002
92368,22144.188000000006
92369,22939.186000000005
92370,22764.182000000004
92371,21394.183000000005
92372,20794.184000000005
92373,19814.185000000005
92374,20819.182000000004
92375,21634.179000000007
92376,23592.177000000007
92377,23552.183000000005
92378,23387.179000000007
92379,21627.178000000007
92380,20457.176000000007
92381,20627.179000000007
92382,20247.178000000007
92383,20207.181000000008
92384,19807.183000000008
92385,20232.181000000008
92386,18894.179000000007
92387,19836.181000000008
92388,19869.178000000007
92389,21102.172000000006
92390,22102.169000000005
92391,23492.166000000005
92392,23842.169
92393,24219.168000000005
92394,24219.168000000005
92395,23999.169000000005
92396,23594.171000000006
92397,22999.173000000006
92398,22627.171000000006
92399,22042.173000000003
92400,21422.179000000004
92401,20092.175000000003
92402,20104.173000000003
92403,18533.175000000003
92404,19708.174000000003
92405,20668.174000000003
92406,22038.176000000003
92407,21443.178000000004
92408,22791.180000000004
92409,21593.184000000005
92410,20806.184000000005
92411,20791.188000000006
92412,21014.188000000006
92413,21401.190000000006
92414,21798.188000000006
92415,22386.192000000006
92416,21839.187000000005
92417,22839.186000000005
92418,22682.181000000004
92419,22877.184000000005
92420,23278.182000000004
92421,24088.184000000005
92422,23896.186000000005
92423,23848.191000000006
92424,23877.189000000006
92425,24634.188000000006
92426,24841.186000000005
92427,24016.194000000007
92428,23272.194000000007
92429,23523.195000000007
92430,22958.190000000006
92431,22187.195000000007
92432,21989.199000000008
92433,22172.203000000005
92434,23132.207000000006
92435,23740.206000000006
92436,24378.207000000006
92437,23703.22000000001
92438,25111.216000000008
92439,23965.214000000007
92440,22939.217000000008
92441,23732.217000000008
92442,24511.218000000008
92443,26116.217000000008
92444,26511.215000000007
92445,27150.210000000006
92446,26450.206000000006
92447,27046.208000000006
92448,25904.205000000005
92449,26070.210000000006
92450,26055.218000000008
92451,26466.217000000008
92452,26275.21900000001
92453,25721.21900000001
92454,26666.210000000006
92455,26887.209000000006
92456,26116.210000000006
92457,25300.212000000007
92458,24148.208000000006
92459,24201.204000000005
92460,23579.213000000003
92461,23256.209000000003
92462,22914.213000000003
92463,23315.215000000004
92464,24053.216000000004
92465,24276.216000000004
92466,24645.218000000004
92467,24633.219000000005
92468,26394.218000000004
92469,25607.219000000005
92470,25015.222000000005
92471,26539.226000000002
92472,26689.231000000003
92473,27959.228000000003
92474,28594.221000000005
92475,28796.221000000005
92476,29566.221000000005
92477,30579.221000000005
92478,30793.221000000005
92479,30619.220000000005
92480,31035.222
92481,30670.225000000002
92482,30856.224000000002
92483,29834.226000000002
92484,29631.228
92485,29921.227
92486,29169.228
92487,28419.226
92488,27271.224
92489,26917.223
92490,26578.223
92491,25471.222
92492,24858.221
92493,24838.222
92494,25904.228000000003
92495,26147.222
92496,26561.225000000002
92497,25963.226000000002
92498,27009.220000000005
92499,26070.224000000006
92500,25129.223000000005
92501,26501.227000000003
92502,26372.225000000006
92503,27153.224000000002
92504,26922.228000000003
92505,27009.219000000005
92506,27836.217000000004
92507,29402.208000000002
92508,29404.211000000003
92509,28890.209000000006
92510,30473.206000000006
92511,30656.209000000003
92512,31455.206000000006
92513,31391.211000000003
92514,30926.207000000002
92515,31151.206000000006
92516,30520.210000000003
92517,30368.208000000002
92518,29976.206000000002
92519,29926.207000000006
92520,29610.206000000006
92521,28419.209000000006
92522,27115.206000000006
92523,27103.205000000005
92524,28108.202000000005
92525,27947.197000000004
92526,28142.195000000003
92527,27692.194000000003
92528,26956.195000000003
92529,27409.194000000003
92530,27456.194000000003
92531,28571.201
92532,28460.2
92533,35007.195
92534,34343.206000000006
92535,34210.205
92536,33989.205
92537,35778.208
92538,35744.208
92539,36534.207
92540,37596.206000000006
92541,37838.204
92542,31640.204
92543,31654.209000000003
92544,32272.205
92545,31895.210000000003
92546,32429.211
92547,32645.207000000002
92548,32411.214
92549,32101.214
92550,31757.212
92551,30536.228000000003
92552,29984.227000000003
92553,29208.232000000004
92554,30127.232000000004
92555,30333.239
92556,30562.242000000002
92557,30096.246000000003
92558,30867.249000000003
92559,30356.250000000004
92560,30508.255000000005
92561,31387.258
92562,30797.256000000005
92563,30771.267000000003
92564,30750.275000000005
92565,30978.273000000005
92566,30951.273
92567,32483.274
92568,32975.28
92569,32683.283000000007
92570,33083.284
92571,33400.291
92572,33376.284
92573,33064.284
92574,32671.288000000004
92575,33277.287000000004
92576,33515.287000000004
92577,33535.287000000004
92578,32763.282000000007
92579,32744.280000000006
92580,32593.278000000006
92581,31688.272000000004
92582,30832.267000000003
92583,30927.274000000005
92584,32151.263000000006
92585,32179.264000000003
92586,31480.261000000002
92587,30275.261000000002
92588,31277.258
92589,31396.254000000004
92590,31776.260000000002
92591,31982.263000000003
92592,31605.264000000003
92593,32591.259000000005
92594,32235.248000000003
92595,32001.250000000004
92596,31656.237
92597,33930.233
92598,34630.22
92599,34026.221
92600,34141.222
92601,35307.21699999999
92602,35208.198
92603,34905.2
92604,34444.203
92605,34364.207
92606,34937.207
92607,34659.200000000004
92608,33056.199
92609,34435.192
92610,34017.198000000004
92611,33021.198
92612,32396.201000000005
92613,32792.194
92614,34126.19
92615,33914.185000000005
92616,33117.188
92617,31542.190000000002
92618,32536.187
92619,32554.178000000004
92620,32319.177000000003
92621,31894.173000000003
92622,32252.171000000006
92623,33050.164
92624,31862.161000000004
92625,31628.159
92626,30995.156000000006
92627,32040.157000000007
92628,32882.147000000004
92629,32876.141
92630,33451.137
92631,35230.128
92632,35026.123999999996
92633,34315.128
92634,34591.12300000001
92635,34830.121
92636,35981.122
92637,35355.122
92638,34036.121
92639,33820.121
92640,33989.12
92641,33423.114
92642,33237.112
92643,33952.103
92644,34725.103
92645,33135.105
92646,32984.1
92647,32090.103000000003
92648,32645.102000000006
92649,32634.096000000005
92650,31886.093000000008
92651,30857.098
92652,31632.099000000006
92653,32048.096000000005
92654,31379.101000000002
92655,31293.107000000004
92656,30346.104000000003
92657,31441.100000000006
92658,32033.095000000005
92659,31902.092000000008
92660,31707.090000000007
92661,33211.09300000001
92662,32905.096000000005
92663,32478.096000000005
92664,32731.094000000005
92665,33704.09100000001
92666,35274.087999999996
92667,35682.087
92668,34686.088
92669,33883.086
92670,34431.087
92671,33582.089
92672,33796.087
92673,34058.086
92674,34845.08500000001
92675,34436.083
92676,34181.087
92677,33160.090000000004
92678,33970.088
92679,34346.085
92680,34544.081
92681,34357.083
92682,34736.081000000006
92683,35216.077
92684,34350.077000000005
92685,33560.078
92686,32577.077000000005
92687,40054.07000000001
92688,39669.07000000001
92689,40402.071
92690,40805.07
92691,41395.071
92692,35701.06599999999
92693,35701.064999999995
92694,35476.064999999995
92695,36246.062999999995
92696,37407.060999999994
92697,36527.062999999995
92698,35127.064
92699,33932.061
92700,33757.062000000005
92701,32960.064000000006
92702,34155.062000000005
92703,33150.064000000006
92704,34355.062000000005
92705,33225.061
92706,33315.058000000005
92707,31955.058000000005
92708,32755.060000000005
92709,33175.059
92710,33815.058000000005
92711,33660.055
92712,33490.055
92713,34020.056000000004
92714,34055.054000000004
92715,33695.053
92716,33360.052
92717,34540.05100000001
92718,34815.054000000004
92719,35270.051999999996
92720,35100.051999999996
92721,35495.05099999999
92722,35500.05099999999
92723,36120.049
92724,35755.049
92725,36370.047999999995
92726,36930.04799999999
92727,36585.04899999999
92728,35610.049
92729,34855.05
92730,34860.049
92731,34890.049
92732,35915.049
92733,35335.047999999995
92734,35940.049
92735,35610.051999999996
92736,35815.049999999996
92737,33970.054000000004
92738,34900.057
92739,35530.053
92740,34790.055
92741,34405.054000000004
92742,33890.052
92743,34640.054000000004
92744,34440.055
92745,34395.054000000004
92746,34195.056000000004
92747,35125.058
92748,35865.061
92749,36090.061
92750,36675.061
92751,36505.060999999994
92752,35165.064
92753,35260.06
92754,35000.063
92755,35190.064
92756,34995.064
92757,34570.066
92758,33160.07200000001
92759,33000.07000000001
92760,32735.074000000008
92761,33265.075000000004
92762,34080.073000000004
92763,33365.07000000001
92764,34365.07000000001
92765,34030.069
92766,34090.067
92767,32925.067
92768,32900.06800000001
92769,32475.070000000007
92770,32005.067000000006
92771,31810.067000000006
92772,31620.067000000006
92773,31835.069000000007
92774,31055.071000000007
92775,31185.074000000008
92776,31635.072000000007
92777,32220.075000000008
92778,34205.07100000001
92779,33845.07000000001
92780,34930.072
92781,34725.074
92782,34290.07100000001
92783,35320.07
92784,34330.073000000004
92785,34920.072
92786,34775.07200000001
92787,34185.07300000001
92788,34110.07400000001
92789,40035.07100000001
92790,40435.069
92791,39855.068
92792,40625.07000000001
92793,39280.07100000001
92794,40120.07000000001
92795,39740.068000000014
92796,39715.06900000001
92797,39600.068000000014
92798,39800.06700000001
92799,39850.062000000005
92800,38670.06500000001
92801,38835.066000000006
92802,39190.06300000001
92803,39050.06400000001
92804,38595.06700000001
92805,38625.06700000001
92806,38720.06300000001
92807,39370.06000000001
92808,39605.05700000001
92809,39870.053
92810,40485.051999999996
92811,40840.054000000004
92812,39875.051999999996
92813,40810.05500000001
92814,40450.054000000004
92815,41520.05
92816,42020.051999999996
92817,41795.054000000004
92818,42010.05500000001
92819,42065.054000000004
92820,42645.056
92821,41930.053
92822,42515.053
92823,41328.05100000001
92824,42153.05500000001
92825,40778.057000000015
92826,40393.05600000001
92827,39943.053000000014
92828,39803.05200000001
92829,39413.05300000001
92830,38713.05600000001
92831,38973.05300000001
92832,38958.05700000001
92833,39238.05500000001
92834,38848.05500000001
92835,39043.05600000001
92836,39693.05300000001
92837,39623.058000000005
92838,39858.05500000001
92839,39886.054000000004
92840,40411.058000000005
92841,41256.05600000001
92842,40258.05600000001
92843,41228.058000000005
92844,40498.06000000001
92845,41203.06000000001
92846,41973.062000000005
92847,41808.061000000016
92848,41663.062000000005
92849,41563.05900000001
92850,41818.058000000005
92851,41088.058000000005
92852,42233.058000000005
92853,40993.058000000005
92854,36293.05500000001
92855,35883.05400000001
92856,34908.05500000001
92857,34353.05400000001
92858,34768.049000000006
92859,34623.049000000006
92860,34328.044
92861,33703.047000000006
92862,33678.048
92863,34123.047000000006
92864,34653.048
92865,35053.046
92866,34973.049000000006
92867,36083.052
92868,36663.05300000001
92869,36508.05
92870,36443.053
92871,36773.056
92872,35928.05500000001
92873,36058.05800000001
92874,36093.05700000001
92875,36848.05699999999
92876,37033.059
92877,35833.062000000005
92878,35343.058
92879,35915.057
92880,36950.05499999999
92881,36490.058999999994
92882,37275.05999999999
92883,36700.05799999999
92884,36330.05999999999
92885,35845.06399999999
92886,35055.066999999995
92887,34130.068
92888,34350.06799999999
92889,33960.068999999996
92890,32525.06600000001
92891,33065.062000000005
92892,33325.059
92893,33955.06
92894,33515.065
92895,33650.063
92896,33480.06300000001
92897,33745.062999999995
92898,33965.062999999995
92899,34255.06
92900,33625.064
92901,34145.068
92902,33195.069
92903,33465.069
92904,33660.068999999996
92905,34160.073
92906,34700.075000000004
92907,34610.073
92908,34630.07
92909,35380.07199999999
92910,34480.076
92911,34120.076
92912,34345.08
92913,34155.081
92914,33990.08000000001
92915,34485.074
92916,34220.078
92917,33285.07900000001
92918,33870.079
92919,33965.08
92920,33580.079
92921,33190.07800000001
92922,33570.08
92923,33685.077000000005
92924,34025.077000000005
92925,32575.08100000001
92926,32265.079000000012
92927,32255.081000000013
92928,32375.07700000001
92929,31950.07900000001
92930,32400.07700000001
92931,32605.075000000008
92932,32390.07300000001
92933,32280.07100000001
92934,32685.06800000001
92935,32555.06900000001
92936,33590.066999999995
92937,33460.064
92938,33260.061
92939,32925.060000000005
92940,33285.061
92941,34275.058
92942,34605.06
92943,34445.058
92944,34290.058999999994
92945,34325.057
92946,34080.061
92947,33695.060000000005
92948,34080.06
92949,34705.057
92950,34275.051
92951,34405.05
92952,34830.047999999995
92953,34860.047
92954,34485.049000000006
92955,34455.05
92956,33640.06100000001
92957,34220.063
92958,33851.063
92959,33451.066000000006
92960,33749.07000000001
92961,33319.06900000001
92962,32364.07200000001
92963,32638.07300000001
92964,32213.07500000001
92965,32654.07300000001
92966,33084.07000000001
92967,33029.07200000001
92968,32434.07300000001
92969,32061.07100000001
92970,31848.076000000012
92971,32263.07700000001
92972,33178.079000000005
92973,32928.072
92974,32923.073000000004
92975,32528.075000000008
92976,33103.077000000005
92977,32293.07900000001
92978,33443.078
92979,34283.077000000005
92980,32748.07800000001
92981,31058.08400000001
92982,31233.08300000001
92983,32218.08200000001
92984,32983.08000000001
92985,33048.086
92986,32883.086
92987,33358.084
92988,32993.086
92989,33129.086
92990,34274.087
92991,34458.087999999996
92992,33243.092000000004
92993,33308.090000000004
92994,33869.084
92995,34484.086
92996,34359.084
92997,34554.08499999999
92998,33719.087
92999,32859.084
93000,33643.085
93001,33853.082
93002,34433.082999999984
93003,33650.084
93004,33558.07800000001
93005,32618.076000000012
93006,33015.075000000004
93007,33473.076
93008,34418.078
93009,34223.079
93010,33573.08
93011,33128.081000000006
93012,32343.08400000001
93013,32824.079000000005
93014,33014.08000000001
93015,33394.082
93016,33329.08500000001
93017,33032.08800000001
93018,33066.08800000001
93019,33656.08700000001
93020,34381.08800000001
93021,34938.08900000001
93022,34573.090000000004
93023,34673.08500000001
93024,35428.08700000001
93025,36053.084
93026,35246.09100000001
93027,36456.091
93028,35692.090000000004
93029,35321.090000000004
93030,35780.089
93031,34840.088
93032,35735.089
93033,35320.09
93034,35645.096000000005
93035,34835.102
93036,35050.103
93037,34198.11
93038,33388.115000000005
93039,33469.11600000001
93040,32099.12000000001
93041,31370.12000000001
93042,30746.12100000001
93043,31565.12300000001
93044,31101.12800000001
93045,31113.13100000001
93046,32094.13000000001
93047,31374.13100000001
93048,31330.13400000001
93049,31776.13700000001
93050,31751.13900000001
93051,33540.14400000001
93052,33580.142
93053,33000.147000000004
93054,34134.147000000004
93055,34536.148
93056,34721.151000000005
93057,35436.155999999995
93058,35348.155999999995
93059,35609.155
93060,36292.159
93061,34983.16
93062,35523.16299999999
93063,34863.166
93064,34801.168999999994
93065,34125.168000000005
93066,33490.173
93067,32714.18000000001
93068,32644.186000000005
93069,32567.188000000006
93070,32033.19300000001
93071,31110.192000000006
93072,30820.194000000007
93073,31742.194000000007
93074,33247.196
93075,33824.193999999996
93076,33926.2
93077,33728.2
93078,33533.2
93079,33352.207
93080,34762.204
93081,36759.206
93082,36825.204999999994
93083,36640.204999999994
93084,37397.204
93085,38160.202999999994
93086,39395.206999999995
93087,40314.206
93088,40489.202999999994
93089,40253.205
93090,40849.208
93091,40009.20999999999
93092,40793.209
93093,40537.20399999999
93094,40398.20399999999
93095,39954.20799999999
93096,38187.21299999999
93097,37330.21899999999
93098,37106.219999999994
93099,38150.21499999999
93100,37310.221999999994
93101,36547.223
93102,35425.227
93103,35738.227999999996
93104,35447.23099999999
93105,35318.231999999996
93106,35297.234
93107,35470.233
93108,35327.231
93109,35417.235
93110,36180.24
93111,37929.238999999994
93112,37354.24
93113,37325.243
93114,38199.234
93115,38791.234
93116,39146.24
93117,39649.240000000005
93118,39318.25400000001
93119,39283.25200000001
93120,38373.257
93121,37038.259
93122,38246.26
93123,38121.261999999995
93124,39001.264
93125,39871.261
93126,39391.265
93127,38796.27
93128,38062.272
93129,38457.267
93130,38903.26500000001
93131,38188.264
93132,38257.268000000004
93133,39015.265
93134,38546.263999999996
93135,38024.273
93136,37878.28199999999
93137,38622.284
93138,38788.291999999994
93139,38693.29699999999
93140,39529.298
93141,40478.301
93142,39507.307
93143,38983.312
93144,39375.312000000005
93145,39862.314000000006
93146,40345.32400000001
93147,40799.32600000001
93148,40832.32600000001
93149,40507.32800000001
93150,40171.33200000001
93151,40466.32600000001
93152,40940.32700000001
93153,40784.32800000001
93154,40551.335000000014
93155,40337.33200000001
93156,39591.34100000001
93157,39938.34300000001
93158,39477.346000000005
93159,39942.347
93160,39027.352
93161,37968.35800000001
93162,38085.35800000001
93163,38660.363000000005
93164,38062.35800000001
93165,38570.35600000001
93166,38230.364
93167,37706.36200000001
93168,38108.36600000001
93169,38429.36700000001
93170,39470.365000000005
93171,40868.37300000001
93172,40083.374
93173,39121.376000000004
93174,40428.374
93175,41138.37600000001
93176,41315.37800000001
93177,41921.38200000001
93178,41343.38500000001
93179,40478.386
93180,40743.389
93181,39740.39400000001
93182,40337.39000000001
93183,40381.39000000001
93184,40678.39000000001
93185,40150.39500000001
93186,39950.39700000001
93187,39626.405000000006
93188,39739.40700000001
93189,40582.40400000001
93190,39210.41000000001
93191,38486.40800000001
93192,38698.41200000001
93193,39638.41200000001
93194,38704.415000000015
93195,39471.42400000002
93196,39963.429000000026
93197,39080.43500000002
93198,39336.44400000001
93199,38642.45200000001
93200,38641.45800000001
93201,40335.45700000002
93202,40268.45300000001
93203,40463.453000000016
93204,41298.45900000002
93205,41173.46700000002
93206,41108.466000000015
93207,42849.46400000001
93208,43388.46300000002
93209,43028.466000000015
93210,43126.47600000002
93211,42270.479000000014
93212,42689.47900000002
93213,42326.47900000002
93214,42356.472000000016
93215,42549.47000000002
93216,42588.468000000015
93217,42587.46700000001
93218,42202.47300000002
93219,42452.479000000014
93220,40830.49200000001
93221,40020.487
93222,40457.488000000005
93223,40544.49100000001
93224,39513.49500000002
93225,39369.50500000001
93226,39988.515000000014
93227,38901.524000000005
93228,39408.533
93229,39244.534
93230,40294.528000000006
93231,41338.531
93232,39993.538
93233,39898.54000000001
93234,42044.533
93235,41695.541
93236,41820.54299999999
93237,43076.54600000001
93238,42953.54600000001
93239,42902.55100000001
93240,44165.541000000005
93241,43682.54400000001
93242,44181.54600000002
93243,43652.54100000002
93244,43138.54900000002
93245,43102.553000000014
93246,43170.54200000001
93247,42487.538000000015
93248,42077.54700000001
93249,42373.55200000001
93250,41789.553000000014
93251,40561.55400000001
93252,41522.55800000002
93253,42528.56100000001
93254,40908.55700000001
93255,40874.552000000025
93256,41803.56000000002
93257,40622.563000000024
93258,41639.568000000014
93259,40854.57300000001
93260,41303.57300000001
93261,42934.57900000002
93262,41615.58500000001
93263,41421.57400000001
93264,43558.580000000016
93265,44068.58300000001
93266,43177.590000000004
93267,44718.595
93268,44122.59900000002
93269,43529.599
93270,43933.60200000001
93271,42616.61
93272,43182.61600000001
93273,43202.61600000001
93274,43007.610000000015
93275,43088.61700000002
93276,43245.629000000015
93277,42574.631000000016
93278,42925.63500000002
93279,43032.640000000014
93280,42642.64100000002
93281,41534.64500000001
93282,42514.63700000002
93283,43092.63500000002
93284,41175.63600000001
93285,40921.64100000002
93286,42059.637000000024
93287,41235.63300000002
93288,42270.62800000001
93289,41198.63700000002
93290,41855.64000000001
93291,43145.638
93292,42058.637
93293,41717.63100000001
93294,43918.638000000006
93295,44235.62200000001
93296,43293.62800000001
93297,44883.61900000002
93298,43674.62600000002
93299,43697.63400000003
93300,44230.62400000002
93301,44345.61900000003
93302,43708.63400000003
93303,42891.635000000024
93304,42648.63600000002
93305,43726.63800000002
93306,43531.63700000002
93307,43299.63300000002
93308,43339.63100000002
93309,43704.62500000003
93310,43239.61900000003
93311,42345.619000000035
93312,43745.60400000003
93313,44908.59700000003
93314,42322.61000000003
93315,42690.61400000002
93316,43212.620000000024
93317,42142.63100000002
93318,42907.641000000025
93319,42934.63900000002
93320,43112.64400000003
93321,44424.64000000003
93322,43395.641000000025
93323,43638.63600000002
93324,45693.63400000002
93325,45427.63000000003
93326,44339.63800000002
93327,45195.640000000014
93328,44502.65000000002
93329,45104.64600000002
93330,44624.65800000002
93331,44458.65100000001
93332,43331.661000000015
93333,42857.65500000002
93334,42916.652000000024
93335,42648.65900000003
93336,42897.65100000003
93337,42893.64900000002
93338,43063.643000000025
93339,42615.64800000002
93340,41837.63700000002
93341,41623.621000000014
93342,41448.61900000001
93343,43378.620000000024
93344,41940.61700000002
93345,42155.62600000002
93346,43121.62200000002
93347,42860.62000000002
93348,43941.63200000001
93349,43548.63900000001
93350,44424.64500000001
93351,44995.64700000001
93352,45153.643000000004
93353,44113.64199999999
93354,45183.64599999999
93355,44386.653
93356,43545.653999999995
93357,43396.653
93358,43903.647000000004
93359,44507.640000000014
93360,44279.645000000004
93361,43995.65300000001
93362,43050.66
93363,42412.652
93364,42363.638000000006
93365,41475.64
93366,40474.64199999999
93367,40559.638999999996
93368,40056.639
93369,39583.634000000005
93370,39168.624
93371,38374.63300000001
93372,38280.641
93373,39413.64000000001
93374,38067.63600000001
93375,38463.633
93376,39306.62100000001
93377,37957.626000000004
93378,43369.62000000002
93379,43245.613000000005
93380,43693.62000000002
93381,44211.612000000016
93382,44592.611000000004
93383,43919.613
93384,45489.617000000006
93385,45459.62100000001
93386,45767.611000000004
93387,45871.608000000015
93388,46594.608000000015
93389,47520.60700000002
93390,47028.59900000001
93391,46466.59900000001
93392,45973.60000000001
93393,44590.60200000001
93394,44282.60800000001
93395,43636.600000000006
93396,42851.597000000016
93397,42601.597000000016
93398,41592.59800000002
93399,40649.593000000015
93400,39918.59300000001
93401,39984.583000000006
93402,39119.58100000002
93403,40164.574000000015
93404,38636.582000000024
93405,37750.58500000002
93406,38172.57900000003
93407,37495.580000000016
93408,38191.57200000002
93409,37680.57300000002
93410,38754.575000000026
93411,39595.576000000015
93412,39908.56600000001
93413,39719.57200000001
93414,40912.568000000014
93415,35975.56600000001
93416,35876.56700000001
93417,36613.56800000001
93418,36052.57000000001
93419,35863.568999999996
93420,35333.564999999995
93421,34384.562
93422,34433.567
93423,33646.573000000004
93424,34147.566000000006
93425,34433.563
93426,33788.560000000005
93427,33209.56000000001
93428,32540.55400000002
93429,32560.54300000002
93430,31313.54300000002
93431,30854.534000000018
93432,30478.53600000002
93433,30413.535000000018
93434,29730.52600000002
93435,29017.52500000002
93436,29245.51800000002
93437,29091.52300000002
93438,29775.535000000018
93439,30029.531000000017
93440,30776.532000000014
93441,31028.529000000013
93442,31108.52200000001
93443,31531.515000000014
93444,32330.523000000012
93445,32499.535000000014
93446,32385.531000000017
93447,32364.530000000017
93448,32050.523000000016
93449,31727.523000000016
93450,31866.522000000015
93451,31819.525000000016
93452,31817.51800000002
93453,30318.51500000002
93454,30065.51500000002
93455,29896.517000000018
93456,28950.50600000002
93457,28522.505000000016
93458,27854.499000000018
93459,27479.499000000018
93460,26504.492000000017
93461,26215.496000000017
93462,26824.498000000018
93463,28077.495000000017
93464,27091.492000000017
93465,26510.484000000015
93466,27234.478000000017
93467,27217.488000000016
93468,27939.48800000002
93469,27204.495000000017
93470,28440.489000000012
93471,28515.479000000014
93472,28015.472000000016
93473,27769.473000000016
93474,29064.473000000016
93475,30269.465000000015
93476,29699.469000000016
93477,29513.470000000016
93478,29653.469000000012
93479,29617.472000000012
93480,29209.47300000001
93481,29654.47400000001
93482,29032.471000000012
93483,28598.46100000001
93484,27939.46300000001
93485,27429.458000000013
93486,26319.454000000016
93487,25268.458000000017
93488,24835.464000000014
93489,24990.463000000014
93490,24089.461000000018
93491,23727.467000000015
93492,25061.457000000017
93493,26079.454000000016
93494,25748.455000000013
93495,25443.44500000001
93496,26179.441000000013
93497,27255.43200000001
93498,27665.427000000014
93499,26608.422000000017
93500,27597.421000000013
93501,26823.424000000014
93502,26120.42400000001
93503,24206.43100000001
93504,24659.43800000001
93505,24852.430000000008
93506,24865.428000000007
93507,25169.427000000007
93508,24816.426000000007
93509,25595.427000000007
93510,24550.432000000008
93511,25352.43700000001
93512,24175.43200000001
93513,26066.429000000007
93514,24948.42300000001
93515,25260.422000000006
93516,24440.430000000008
93517,23083.42900000001
93518,22280.425000000007
93519,22054.423000000006
93520,21856.41800000001
93521,21025.429000000007
93522,22358.43000000001
93523,22089.429000000007
93524,21633.427000000007
93525,21860.433000000008
93526,22303.42300000001
93527,22466.415000000008
93528,23510.406000000006
93529,23823.40200000001
93530,24295.40900000001
93531,24009.40100000001
93532,24017.40700000001
93533,22095.40100000001
93534,23356.40000000001
93535,22507.39900000001
93536,21412.40400000001
93537,21319.395000000004
93538,21258.391000000007
93539,20558.394000000004
93540,19678.394000000008
93541,26288.387000000006
93542,25565.390000000003
93543,26574.393000000004
93544,26156.398000000005
93545,26074.397000000004
93546,26089.391000000003
93547,27124.382000000005
93548,25872.387000000006
93549,26013.389000000006
93550,24574.388000000006
93551,18444.389000000003
93552,18166.392000000007
93553,18185.387000000006
93554,17557.386000000006
93555,17970.379000000004
93556,18638.383000000005
93557,18097.379000000004
93558,18424.376000000007
93559,19543.374000000003
93560,21160.380000000005
93561,20901.378000000004
93562,21467.371000000003
93563,19861.374000000003
93564,20311.376000000004
93565,20482.366
93566,20296.361
93567,20419.358
93568,20415.346999999998
93569,19244.343999999997
93570,19822.336
93571,19924.339
93572,18777.34
93573,19781.342
93574,19019.342
93575,18502.346
93576,17509.345
93577,17024.343
93578,15363.345000000003
93579,15013.353000000005
93580,13288.358000000004
93581,12690.355000000001
93582,13257.364000000001
93583,12355.370000000008
93584,11326.372000000008
93585,11913.38500000001
93586,12390.393000000011
93587,13097.393000000011
93588,14076.401000000013
93589,15427.412000000015
93590,16227.411000000015
93591,15297.419000000016
93592,14116.431000000017
93593,13512.438000000016
93594,12710.450000000017
93595,10734.467000000017
93596,8408.49800000002
93597,6497.5180000000155
93598,3631.547000000005
93599,1196.5969999999975
93600,2155.4499999999975
93601,2875.439
93602,9386.422000000008
93603,10862.414000000019
93604,12452.402000000016
93605,13507.394000000017
93606,14457.390000000016
93607,14770.389000000014
93608,16078.383000000016
93609,17248.37600000002
93610,19998.381000000016
93611,19938.384000000016
93612,19868.385000000017
93613,18566.383000000013
93614,18406.381000000012
93615,17885.38500000001
93616,18309.375000000007
93617,18654.369000000006
93618,18293.369000000006
93619,17806.36300000001
93620,15901.360000000006
93621,18571.363000000005
93622,20456.358000000004
93623,22661.347000000005
93624,24476.334000000003
93625,25546.329
93626,25806.322
93627,26631.319
93628,27873.313
93629,28128.307999999997
93630,27469.317
93631,24374.321
93632,22909.329
93633,23189.324
93634,22411.326
93635,21756.33
93636,21786.33
93637,15806.326000000001
93638,15306.330000000002
93639,16026.327000000001
93640,17045.319
93641,18045.313000000002
93642,17263.314000000002
93643,16198.309000000001
93644,16338.308000000003
93645,15923.304000000004
93646,16328.310000000005
93647,16993.306000000004
93648,16263.308000000005
93649,15913.305000000004
93650,15376.296000000002
93651,16166.297000000002
93652,16771.294
93653,18606.288
93654,18988.282
93655,19510.283000000003
93656,19300.280000000002
93657,19050.274
93658,20205.271
93659,20550.269
93660,20779.256
93661,19557.254
93662,20072.255000000005
93663,19292.253000000004
93664,18347.249000000003
93665,17777.249000000003
93666,17152.251000000004
93667,15947.250000000005
93668,15317.246000000006
93669,15497.245000000006
93670,15174.245000000006
93671,14839.245000000006
93672,13764.249000000007
93673,13784.234000000006
93674,14704.230000000007
93675,14659.226000000004
93676,15659.215000000006
93677,16857.208000000002
93678,16707.202000000005
93679,16672.2
93680,17009.199000000004
93681,17594.193000000007
93682,17589.195000000003
93683,17442.194000000003
93684,17057.193000000003
93685,17717.189000000002
93686,17152.187
93687,16772.185
93688,17552.188000000006
93689,17737.190000000006
93690,17342.192000000006
93691,17182.191000000003
93692,17782.192000000006
93693,17962.192000000006
93694,17124.197000000004
93695,17147.196000000004
93696,17719.196000000004
93697,17499.197000000004
93698,18256.198000000004
93699,18471.198000000004
93700,18271.200000000004
93701,17922.198000000004
93702,16930.202000000005
93703,17310.203
93704,18710.203000000005
93705,18312.206000000006
93706,18637.211000000007
93707,19270.208000000006
93708,17290.212000000003
93709,16905.213000000003
93710,16895.214000000004
93711,17900.212000000003
93712,17530.211000000003
93713,17930.211000000007
93714,17755.210000000006
93715,18355.209000000006
93716,17205.205000000005
93717,17015.204000000005
93718,17364.210000000006
93719,16582.210000000006
93720,16612.205000000005
93721,16197.207000000006
93722,17207.202000000005
93723,17187.203000000005
93724,16217.202000000005
93725,16402.202000000005
93726,17192.201000000005
93727,16630.199000000004
93728,17170.202000000005
93729,17725.207000000006
93730,17882.212000000007
93731,16922.211000000003
93732,16922.210000000006
93733,17349.204000000005
93734,18734.203000000005
93735,18124.207000000006
93736,18939.203000000005
93737,19907.203000000005
93738,17770.205000000005
93739,17190.205
93740,17167.206000000002
93741,18170.204000000005
93742,18580.200000000004
93743,18772.202000000005
93744,19185.199000000004
93745,20130.203000000005
93746,19145.202000000005
93747,19110.202000000005
93748,19920.199000000004
93749,19520.201000000005
93750,19305.203000000005
93751,19280.203000000005
93752,19875.201000000005
93753,20252.203000000005
93754,19497.202000000005
93755,19127.200000000004
93756,19352.197000000007
93757,18416.195000000007
93758,18436.194000000007
93759,19626.191000000006
93760,19664.189000000006
93761,19449.191000000006
93762,18834.194000000007
93763,18667.190000000006
93764,20267.188000000006
93765,19492.188000000006
93766,20849.187000000005
93767,21624.188000000006
93768,21009.191000000006
93769,20447.188000000006
93770,20434.189000000006
93771,20571.193000000007
93772,20746.194000000007
93773,20554.195000000007
93774,20959.194000000007
93775,21514.196000000007
93776,20764.192000000006
93777,19984.192000000006
93778,20187.195000000007
93779,18772.199000000004
93780,18762.201000000005
93781,18557.201000000005
93782,19367.194000000003
93783,19402.192000000003
93784,18992.195000000003
93785,18362.197000000004
93786,17992.196000000004
93787,17602.196000000004
93788,17817.194000000003
93789,18997.194000000003
93790,19012.193000000003
93791,18817.193000000003
93792,18252.190000000002
93793,18982.194000000003
93794,19942.196000000004
93795,19537.199000000004
93796,20697.200000000004
93797,21467.201000000005
93798,20679.201000000005
93799,19897.200000000004
93800,20112.195000000003
93801,19882.197000000004
93802,20467.195000000003
93803,20829.197000000007
93804,21219.195000000007
93805,21639.192000000006
93806,21069.190000000006
93807,20472.190000000006
93808,21052.187000000005
93809,20257.185000000005
93810,20457.181000000004
93811,21067.180000000004
93812,21819.182000000004
93813,21462.181000000004
93814,21059.182000000004
93815,20844.183000000005
93816,21089.176000000007
93817,20871.180000000008
93818,21631.179000000007
93819,21631.181000000008
93820,21449.181000000008
93821,21052.183000000008
93822,20832.18500000001
93823,21447.181000000004
93824,22617.182000000004
93825,21832.184000000005
93826,22242.181000000004
93827,23192.178000000004
93828,22212.181000000004
93829,21807.185000000005
93830,22157.188000000006
93831,22557.185000000005
93832,22752.183000000005
93833,22927.181000000004
93834,23937.175000000003
93835,23992.171000000002
93836,23847.168
93837,23632.171000000002
93838,23016.175000000003
93839,22259.173000000003
93840,22059.175000000003
93841,22024.180000000004
93842,22219.178000000004
93843,22224.181000000004
93844,22029.180000000004
93845,22200.181000000004
93846,22377.178000000004
93847,22197.177000000003
93848,22352.183000000005
93849,21761.186000000005
93850,21971.188000000006
93851,21573.191000000006
93852,21822.190000000006
93853,22037.190000000006
93854,23007.191000000006
93855,28171.187000000005
93856,28571.186000000005
93857,29318.189000000006
93858,28733.188000000006
93859,28705.190000000006
93860,28579.184000000005
93861,28979.185000000005
93862,29378.182000000004
93863,29588.183000000005
93864,30725.189000000006
93865,30543.195000000007
93866,30548.193000000007
93867,30372.193000000007
93868,30377.190000000006
93869,28659.186000000005
93870,28497.184000000005
93871,28721.183000000005
93872,28866.189000000006
93873,28640.199000000008
93874,28439.199000000008
93875,29285.197000000004
93876,29175.195000000007
93877,28066.191000000006
93878,28726.189000000006
93879,28744.188000000006
93880,29206.184000000005
93881,29023.184000000005
93882,29489.182000000004
93883,30706.179000000004
93884,31845.182000000004
93885,31637.182000000004
93886,26342.182000000004
93887,26947.182000000004
93888,26148.186000000005
93889,26759.189000000006
93890,26961.188000000006
93891,26358.193000000007
93892,26949.191000000006
93893,26970.195000000003
93894,27979.191000000006
93895,28198.192000000003
93896,27833.195000000003
93897,27282.196000000004
93898,26900.196000000004
93899,24954.200000000004
93900,25604.199000000004
93901,25581.201000000005
93902,26798.195000000003
93903,26671.191000000003
93904,26656.192000000003
93905,26740.187
93906,27081.190000000002
93907,26356.192000000003
93908,26801.191000000003
93909,26277.191000000003
93910,26426.193000000003
93911,25834.191000000003
93912,26062.191000000003
93913,27035.19
93914,26902.201000000005
93915,26525.200000000004
93916,27181.199000000004
93917,26966.202
93918,26169.207000000006
93919,26200.205
93920,25792.201000000005
93921,25065.201000000005
93922,24426.209000000003
93923,25193.214000000004
93924,25444.214000000004
93925,25799.219000000005
93926,25746.225000000006
93927,25389.222000000005
93928,25731.230000000007
93929,24935.231000000007
93930,25377.227000000006
93931,25622.224000000006
93932,27470.221
93933,26518.219
93934,26892.224000000002
93935,27781.215
93936,28909.218
93937,28595.213
93938,28405.212
93939,28645.209
93940,29117.201
93941,28439.210000000006
93942,28653.206000000006
93943,27826.204
93944,28244.203000000005
93945,27650.205
93946,28804.209000000003
93947,28499.205000000005
93948,27905.205
93949,27625.21
93950,27190.213
93951,26745.208
93952,26365.204
93953,27257.208000000002
93954,27189.212000000003
93955,27091.209000000003
93956,26317.211000000003
93957,26340.212000000003
93958,26974.210000000003
93959,26390.212
93960,25782.214
93961,25393.211000000003
93962,26519.212000000003
93963,27406.205
93964,28310.203000000005
93965,29325.197000000004
93966,29700.195000000003
93967,29596.193000000003
93968,29512.188000000006
93969,29707.184000000005
93970,30666.189000000002
93971,30529.189000000002
93972,30967.186
93973,29995.187
93974,30700.183000000005
93975,30743.187
93976,31078.196000000004
93977,30763.193000000007
93978,29534.193000000003
93979,28675.210000000003
93980,28080.214000000004
93981,28094.216000000004
93982,26924.218000000004
93983,28143.215000000004
93984,28172.223000000005
93985,27511.231
93986,27135.233
93987,26672.244000000002
93988,26991.242000000002
93989,26857.241
93990,26600.246000000003
93991,27811.24
93992,29651.242000000002
93993,29670.249000000003
93994,29850.255
93995,29884.258
93996,30982.255
93997,31375.255
93998,31398.259000000002
93999,31107.249
94000,31372.246
94001,30583.252
94002,30869.246
94003,30542.248
94004,30923.255
94005,32425.265000000003
94006,33169.269
94007,32999.271
94008,32403.274
94009,32021.274
94010,31226.281000000003
94011,30970.278000000002
94012,29411.275
94013,30765.273
94014,30850.272
94015,31029.269
94016,30432.266000000003
94017,36507.263000000006
94018,36523.256
94019,36002.267
94020,35241.266
94021,35384.269
94022,36236.270000000004
94023,36223.26700000001
94024,36602.269
94025,36791.273
94026,37529.28
94027,37481.284
94028,37430.287000000004
94029,36982.283
94030,36898.27500000001
94031,35765.27500000001
94032,35394.26700000001
94033,34740.268000000004
94034,35504.265
94035,36029.27100000001
94036,36690.261000000006
94037,37313.258
94038,36327.26
94039,36538.262
94040,36643.26000000001
94041,36728.25600000001
94042,37006.251000000004
94043,38323.246
94044,38148.241
94045,38704.23
94046,37315.23300000001
94047,37849.232
94048,37842.231
94049,37174.22200000001
94050,36124.21400000001
94051,36109.213
94052,36123.207
94053,36738.206000000006
94054,37008.19500000001
94055,36583.189
94056,37409.187000000005
94057,31544.187
94058,31845.182
94059,31629.174000000003
94060,32559.176
94061,32154.170000000002
94062,32065.168
94063,31454.167
94064,32345.168
94065,33104.167
94066,33278.16
94067,34112.157
94068,34117.149
94069,34918.146
94070,40776.132999999994
94071,40620.124
94072,40214.128000000004
94073,40791.12499999999
94074,39550.12300000001
94075,39587.12
94076,38593.122
94077,39076.117000000006
94078,38853.11600000001
94079,38236.11600000001
94080,37621.114
94081,37454.111000000004
94082,37226.111000000004
94083,37558.115000000005
94084,37822.11
94085,36905.106
94086,37831.109000000004
94087,36565.111000000004
94088,37352.106
94089,36911.106
94090,37247.10800000001
94091,37803.107
94092,37535.10400000001
94093,37029.109000000004
94094,37179.111000000004
94095,38478.11200000001
94096,38873.111000000004
94097,39260.113000000005
94098,39727.106
94099,40874.106999999996
94100,35218.104999999996
94101,34853.10400000001
94102,34776.107
94103,34170.107
94104,34182.10400000001
94105,33913.104
94106,32847.109000000004
94107,33696.105
94108,32892.10800000001
94109,32121.107000000004
94110,32295.102000000006
94111,31478.101000000002
94112,31715.096000000005
94113,31847.099000000006
94114,32282.093000000004
94115,31222.092
94116,31671.093000000004
94117,31272.092
94118,31202.096
94119,31207.094
94120,31380.098
94121,31970.093
94122,32158.092000000004
94123,31984.089000000007
94124,31649.088000000007
94125,32640.089000000007
94126,33477.083000000006
94127,33900.079000000005
94128,34076.078
94129,34807.08
94130,34752.079000000005
94131,34757.075000000004
94132,34162.077000000005
94133,33976.08
94134,33946.08
94135,33416.078
94136,33058.076
94137,33984.075000000004
94138,34820.071
94139,34250.065
94140,34215.065
94141,33785.06800000001
94142,33570.066000000006
94143,33175.067
94144,33150.067
94145,32580.065000000006
94146,32805.064000000006
94147,32000.064000000006
94148,31700.063000000006
94149,31630.069000000003
94150,31855.069000000003
94151,31655.070000000007
94152,32690.068000000007
94153,32695.067000000003
94154,32275.068000000007
94155,33245.07
94156,33500.068
94157,33525.07
94158,33420.067
94159,34030.067
94160,33410.069
94161,33730.064000000006
94162,33715.062000000005
94163,34280.061
94164,34350.058000000005
94165,33905.059
94166,32730.062000000005
94167,32730.062000000005
94168,33370.061
94169,32585.062000000005
94170,33335.064000000006
94171,33335.065
94172,33560.064000000006
94173,33620.062000000005
94174,34000.065
94175,33250.064000000006
94176,33275.064000000006
94177,32645.068000000007
94178,31555.065000000006
94179,32150.063000000006
94180,32625.061000000005
94181,32565.063000000006
94182,32785.063
94183,32460.062000000005
94184,32265.063000000006
94185,33330.062000000005
94186,34130.063
94187,33400.067
94188,34025.064
94189,34050.064
94190,33535.06
94191,33565.059
94192,33355.058000000005
94193,34140.05699999999
94194,33330.058000000005
94195,32550.058000000005
94196,31755.061000000005
94197,30675.060000000005
94198,31685.058000000005
94199,31270.059000000005
94200,32535.055000000004
94201,32735.054000000007
94202,32935.053
94203,32770.052
94204,32530.056000000004
94205,32170.056000000004
94206,32375.054000000004
94207,32350.054000000004
94208,31570.054000000004
94209,32115.057000000004
94210,32360.058000000005
94211,31910.060000000005
94212,32275.062000000005
94213,32135.061000000005
94214,32190.060000000005
94215,32575.062000000005
94216,33060.067
94217,33415.069
94218,33225.06800000001
94219,33230.067
94220,32690.064000000006
94221,33665.063
94222,33340.062000000005
94223,33240.067
94224,32765.069000000007
94225,32425.069000000007
94226,31445.070000000007
94227,31100.071000000007
94228,32310.069000000007
94229,31590.067000000006
94230,31920.070000000007
94231,31760.068000000007
94232,32155.067000000006
94233,31540.068000000007
94234,32610.065000000006
94235,31765.068000000007
94236,31985.068000000007
94237,31820.067000000006
94238,31105.065000000006
94239,31095.067000000006
94240,31885.065000000006
94241,32105.065000000006
94242,32305.065000000006
94243,32110.065000000006
94244,32340.063000000006
94245,33180.061
94246,33565.062
94247,34355.06
94248,34770.06
94249,35930.05999999999
94250,35740.058999999994
94251,36290.051999999996
94252,35450.054
94253,35940.058999999994
94254,35000.057
94255,34795.059
94256,33850.058000000005
94257,33855.05700000001
94258,34005.062000000005
94259,33290.05900000001
94260,33025.064000000006
94261,32400.06700000001
94262,32595.06800000001
94263,32420.06400000001
94264,33590.06500000001
94265,32685.06100000001
94266,33015.06300000001
94267,32760.065000000006
94268,31645.067000000006
94269,31835.06800000001
94270,31415.07000000001
94271,31480.067000000006
94272,31635.071000000007
94273,32390.071000000007
94274,32805.071
94275,33225.07200000001
94276,33290.069
94277,33495.067
94278,33930.06800000001
94279,34555.064000000006
94280,35145.06300000001
94281,41285.061
94282,40890.062000000005
94283,35260.062
94284,33780.061
94285,34930.05900000001
94286,34335.061
94287,34700.063
94288,34920.063
94289,34140.065
94290,34110.066000000006
94291,34715.062
94292,34505.065
94293,33585.064000000006
94294,34040.062000000005
94295,33580.066000000006
94296,34200.06500000001
94297,34055.066000000006
94298,33255.06500000001
94299,32530.06500000001
94300,32595.06100000001
94301,32440.058000000008
94302,32440.05900000001
94303,32635.06000000001
94304,34400.059
94305,34360.062000000005
94306,34290.067
94307,33575.064000000006
94308,34580.063
94309,35005.063
94310,35325.06900000001
94311,35750.067
94312,35420.06500000001
94313,36505.065
94314,35755.064000000006
94315,35475.064
94316,33955.064000000006
94317,34735.064
94318,34430.063
94319,34540.061
94320,34225.056000000004
94321,35170.053
94322,35560.05299999999
94323,35345.051999999996
94324,34985.052
94325,35000.05
94326,35895.052
94327,36185.054000000004
94328,35565.057
94329,34805.062000000005
94330,35255.060000000005
94331,33745.06300000001
94332,33580.062000000005
94333,34360.058000000005
94334,34575.059
94335,35135.059
94336,35590.057
94337,34585.058000000005
94338,35400.056
94339,35730.054
94340,36225.051999999996
94341,36490.051999999996
94342,35505.055
94343,36800.055
94344,36155.058000000005
94345,35940.062000000005
94346,35425.059
94347,36035.058999999994
94348,35875.05699999999
94349,36180.054
94350,35635.052
94351,36210.051
94352,36510.054
94353,36120.054
94354,36575.051
94355,35560.054000000004
94356,36600.051
94357,36825.049999999996
94358,35895.05
94359,35920.05
94360,35525.05100000001
94361,34125.052
94362,34130.05000000001
94363,33960.05000000001
94364,34285.05300000001
94365,34375.058000000005
94366,33750.06000000001
94367,32965.06100000001
94368,33545.06200000001
94369,33170.06400000001
94370,34550.06100000001
94371,35155.06200000001
94372,35745.061
94373,35575.061
94374,34950.064000000006
94375,35190.06000000001
94376,40035.054000000004
94377,40595.054000000004
94378,40380.05200000001
94379,40275.049
94380,40080.049
94381,40215.05100000001
94382,40305.053
94383,40140.05200000001
94384,40160.053
94385,39755.05600000001
94386,41200.05
94387,41360.051999999996
94388,40915.053
94389,40565.054000000004
94390,39625.05200000001
94391,38905.04900000001
94392,39980.04400000001
94393,40185.042
94394,40880.04400000001
94395,40905.045
94396,40740.04400000001
94397,40360.042
94398,41455.047000000006
94399,41480.047999999995
94400,42590.05100000001
94401,43180.05100000001
94402,43725.056
94403,38570.062000000005
94404,38670.057
94405,38705.057
94406,38120.057
94407,37925.057
94408,37180.055
94409,37345.056000000004
94410,37150.058000000005
94411,37695.060000000005
94412,37090.060000000005
94413,35815.05700000001
94414,35100.06400000001
94415,34550.062000000005
94416,35110.062000000005
94417,35140.061
94418,34375.064000000006
94419,33975.066000000006
94420,33420.066000000006
94421,33495.062000000005
94422,33825.064000000006
94423,34229.064000000006
94424,34339.066000000006
94425,34559.066000000006
94426,34684.07000000001
94427,35037.07100000001
94428,36047.07000000001
94429,36147.06500000001
94430,36757.06500000001
94431,37007.064000000006
94432,36697.06700000001
94433,37672.06700000001
94434,37873.07000000001
94435,38323.068
94436,36953.068999999996
94437,36653.066
94438,36694.061
94439,37220.060000000005
94440,37225.05900000001
94441,37420.05900000001
94442,37250.06100000001
94443,36290.058000000005
94444,35840.060000000005
94445,35605.065
94446,36405.066000000006
94447,36540.07000000001
94448,35805.077000000005
94449,36060.077000000005
94450,35213.08000000001
94451,34877.076000000015
94452,35502.07400000001
94453,35467.07600000001
94454,35568.07400000001
94455,35313.07600000001
94456,35336.07800000001
94457,35331.07900000001
94458,35751.08
94459,35136.081000000006
94460,35696.082
94461,36316.08
94462,35881.086
94463,36281.084
94464,36118.085
94465,36303.088
94466,35638.085999999996
94467,35308.084
94468,35793.081
94469,35409.083
94470,35829.082
94471,36217.082
94472,36484.078
94473,35993.086
94474,35008.089
94475,34268.09000000001
94476,34593.09300000001
94477,34934.101
94478,34466.098000000005
94479,34873.100000000006
94480,33838.10600000001
94481,33002.11200000001
94482,33061.109000000004
94483,33256.109000000004
94484,34222.11000000001
94485,34611.113000000005
94486,34446.117000000006
94487,34076.12100000001
94488,34359.11400000001
94489,33964.11500000001
94490,33209.11800000001
94491,33378.12500000001
94492,33056.12200000001
94493,33226.12300000001
94494,33031.12900000001
94495,33651.129
94496,33368.12500000001
94497,33950.119
94498,35105.122
94499,33735.127
94500,34429.132
94501,35467.13199999999
94502,35812.13599999999
94503,35601.136
94504,34893.13399999999
94505,33888.134
94506,35205.13399999999
94507,36039.13199999999
94508,35814.138999999996
94509,35800.14199999999
94510,35037.140999999996
94511,34509.14
94512,34509.144
94513,35034.141
94514,35943.145
94515,36364.15
94516,35592.157
94517,35028.157
94518,34973.16
94519,35078.158
94520,35483.159
94521,35470.164000000004
94522,34300.166
94523,34574.166000000005
94524,34087.166999999994
94525,34442.172999999995
94526,33723.173
94527,34158.174999999996
94528,33433.18000000001
94529,34041.18400000001
94530,35192.186
94531,35942.186
94532,36645.19
94533,36005.196
94534,35780.205
94535,35286.208000000006
94536,36261.211
94537,36686.21000000001
94538,36332.207
94539,36314.212
94540,35780.207
94541,35459.207
94542,35348.205
94543,34936.204
94544,35924.205
94545,36458.201
94546,36362.205
94547,36063.20500000001
94548,38069.20500000001
94549,38168.203
94550,37644.209
94551,37372.21400000001
94552,37018.218
94553,38995.217000000004
94554,38075.218
94555,38670.215000000004
94556,37205.217
94557,37656.212999999996
94558,36613.206999999995
94559,36404.20999999999
94560,36906.21
94561,37790.207
94562,38724.212999999996
94563,38799.226
94564,38923.221
94565,38450.227
94566,39247.237
94567,38839.241
94568,37834.249
94569,38238.246999999996
94570,37522.259
94571,37376.265
94572,37583.266
94573,35744.27000000001
94574,36268.27400000001
94575,35409.28100000001
94576,35914.28200000001
94577,35944.28400000001
94578,37821.28500000001
94579,37743.282000000014
94580,37517.290000000015
94581,37176.29800000002
94582,36015.30000000002
94583,37303.305000000015
94584,37106.30700000001
94585,37301.31400000001
94586,36161.31300000001
94587,35989.318000000014
94588,35215.31500000001
94589,35431.31700000001
94590,35962.31700000001
94591,36474.31700000001
94592,37747.314000000006
94593,37670.316000000006
94594,37403.32300000001
94595,36318.33000000001
94596,36787.33200000001
94597,36629.332000000024
94598,35696.33600000002
94599,36537.33300000002
94600,37102.33000000001
94601,37259.33600000001
94602,37531.335000000014
94603,36464.33200000002
94604,36621.337000000014
94605,37846.33400000002
94606,37460.34000000001
94607,37526.339000000014
94608,39405.337000000014
94609,39998.33900000001
94610,39298.346000000005
94611,40515.341
94612,38918.345
94613,40807.348000000005
94614,39600.353
94615,40334.353
94616,39411.357
94617,39717.35400000001
94618,38826.35600000001
94619,39447.358000000015
94620,39688.358000000015
94621,40037.36000000001
94622,41119.362000000016
94623,40692.36600000001
94624,40619.36700000001
94625,40407.371000000014
94626,41132.37800000001
94627,41993.37800000001
94628,41626.38000000001
94629,41134.39200000001
94630,41099.401000000005
94631,41013.40600000002
94632,41023.409000000014
94633,40251.40700000001
94634,40648.420000000006
94635,40961.43200000001
94636,41125.43500000001
94637,41052.435000000005
94638,42422.431000000004
94639,42352.437
94640,42421.433000000005
94641,42196.43600000001
94642,39805.44600000001
94643,41167.44600000001
94644,40290.44900000001
94645,40646.44800000001
94646,39828.44800000002
94647,39838.45200000001
94648,39342.45200000001
94649,40321.452000000005
94650,40926.453
94651,40067.45700000001
94652,41541.45800000001
94653,41409.46400000001
94654,41752.46500000001
94655,41850.46400000001
94656,42167.467000000004
94657,42950.47600000001
94658,43237.473000000005
94659,43950.48
94660,43295.475000000006
94661,43512.48200000002
94662,44420.48200000001
94663,43039.487000000016
94664,42813.49200000001
94665,42918.49500000001
94666,44465.49200000001
94667,44121.49400000001
94668,45637.492000000006
94669,45052.495
94670,45229.497
94671,44684.49900000001
94672,43028.501000000004
94673,44300.49700000001
94674,43852.49900000001
94675,44560.49900000001
94676,43526.508000000016
94677,44012.51400000002
94678,41956.51600000001
94679,41566.50900000002
94680,42438.50500000001
94681,42406.50900000001
94682,43520.51200000002
94683,43812.52100000002
94684,43839.518000000025
94685,45047.516000000025
94686,44736.521000000015
94687,45045.52200000001
94688,44450.521000000015
94689,44406.52900000002
94690,43488.53400000002
94691,44241.54000000003
94692,44949.54400000002
94693,44052.533000000025
94694,44322.53100000002
94695,43052.54200000002
94696,44183.54900000002
94697,43515.54400000002
94698,44929.54100000001
94699,43905.54800000002
94700,42541.55800000002
94701,43015.56700000001
94702,42280.575000000004
94703,44669.57100000001
94704,44615.57600000001
94705,43836.586
94706,43261.583000000006
94707,43896.58100000001
94708,42969.597000000016
94709,42495.59100000001
94710,42977.589000000014
94711,41868.60200000001
94712,42568.59800000001
94713,42627.596000000005
94714,42051.602
94715,43308.604
94716,42719.618
94717,42908.626000000004
94718,42629.628000000004
94719,44764.62300000001
94720,44640.62200000001
94721,44236.623
94722,44204.619000000006
94723,41699.62100000001
94724,40722.629000000015
94725,39951.63500000002
94726,40167.63700000001
94727,39754.63500000001
94728,41155.638000000006
94729,41259.63200000001
94730,41012.62600000001
94731,41638.62700000002
94732,40830.62400000001
94733,42994.63300000001
94734,43393.63200000001
94735,42923.63500000001
94736,43238.62500000001
94737,44250.62900000001
94738,43150.630000000005
94739,41770.638000000006
94740,41509.64
94741,41590.647000000004
94742,42449.649000000005
94743,42280.649
94744,42132.65200000001
94745,42528.647
94746,42822.64299999999
94747,42733.651999999995
94748,41007.658
94749,42681.651000000005
94750,43092.65
94751,42861.64400000001
94752,42785.646
94753,40459.645
94754,39746.642000000014
94755,41408.64300000002
94756,41165.63600000001
94757,41203.629000000015
94758,43108.62900000001
94759,42823.634000000005
94760,42311.648000000016
94761,42186.64500000001
94762,40687.64700000001
94763,42364.636000000006
94764,41678.63700000001
94765,40784.640000000014
94766,41110.651000000005
94767,42631.64200000001
94768,41725.638000000006
94769,40230.64100000001
94770,40270.63600000001
94771,41361.633000000016
94772,41364.63900000002
94773,41490.635000000024
94774,41099.63500000002
94775,41069.63000000002
94776,41740.621000000014
94777,41202.619000000006
94778,40826.61700000001
94779,42437.62300000001
94780,42073.617
94781,42285.626000000004
94782,41413.63000000001
94783,39489.63100000001
94784,39226.63400000001
94785,40730.625000000015
94786,40690.62900000001
94787,40756.638000000006
94788,41471.644
94789,42034.64300000001
94790,42214.64300000001
94791,41790.64600000001
94792,41637.64700000001
94793,42749.648000000016
94794,42182.64600000001
94795,41589.65100000001
94796,41812.654
94797,43055.656
94798,42131.65800000001
94799,40774.659999999996
94800,40915.67100000001
94801,41512.67200000001
94802,41827.67000000001
94803,42417.66700000001
94804,42275.677
94805,42206.65800000001
94806,41518.66400000001
94807,40633.66500000001
94808,40718.65300000001
94809,41334.64500000001
94810,41106.64100000002
94811,41147.64300000001
94812,40090.64700000001
94813,38649.641
94814,38552.640000000014
94815,39198.64100000002
94816,38297.641
94817,38533.63700000001
94818,39151.636000000006
94819,39620.630000000005
94820,38846.629000000015
94821,38266.63700000001
94822,37830.63400000001
94823,37641.62
94824,36980.62
94825,35908.62200000001
94826,36867.60400000001
94827,37691.59900000001
94828,38931.59000000001
94829,37934.59400000001
94830,38961.59000000001
94831,38491.58200000001
94832,38469.58500000001
94833,38873.583000000006
94834,38983.585
94835,38465.587
94836,37948.591
94837,37114.594
94838,35617.592000000004
94839,35537.592000000004
94840,36551.576
94841,35972.577
94842,34753.564999999995
94843,34343.565
94844,34125.564999999995
94845,34442.564999999995
94846,33711.553000000014
94847,33716.55900000001
94848,34971.556000000004
94849,35549.557
94850,34469.552
94851,34350.552
94852,33839.561000000016
94853,34211.558000000005
94854,33596.55600000001
94855,32754.56500000002
94856,33545.56800000001
94857,33320.57300000002
94858,32020.574000000022
94859,31705.57500000002
94860,32887.57400000002
94861,32203.567000000017
94862,33273.567000000025
94863,33775.566000000006
94864,34109.568000000014
94865,34080.56200000001
94866,34274.55800000001
94867,33593.55800000001
94868,33122.56200000002
94869,33531.55000000001
94870,33409.54700000002
94871,33197.54800000002
94872,32033.542000000016
94873,30214.543000000016
94874,30313.533000000014
94875,30065.528000000017
94876,29333.534000000014
94877,29561.527000000013
94878,30643.528000000013
94879,30209.539000000015
94880,29886.529000000013
94881,30517.524000000016
94882,29447.529000000013
94883,29701.524000000016
94884,29510.525000000016
94885,29285.523000000016
94886,30222.522000000015
94887,30300.528000000017
94888,29673.517000000014
94889,29044.519000000015
94890,30108.513000000014
94891,30082.505000000016
94892,30669.503000000015
94893,31396.504000000015
94894,30906.502000000015
94895,30787.509000000016
94896,30248.510000000013
94897,30137.500000000015
94898,29993.492000000013
94899,30019.488000000012
94900,29665.503000000015
94901,28994.50200000001
94902,27908.49900000001
94903,27357.49700000001
94904,27778.48700000001
94905,26594.494000000006
94906,26174.49500000001
94907,25380.49900000001
94908,25907.499000000007
94909,26079.505000000012
94910,25818.50000000001
94911,25546.49900000001
94912,24703.487000000012
94913,24655.490000000013
94914,24884.487000000012
94915,24718.48100000001
94916,25981.479000000007
94917,27078.47100000001
94918,25896.469000000012
94919,25285.481000000007
94920,26254.47900000001
94921,27030.47200000001
94922,29016.465000000007
94923,28918.47200000001
94924,28116.47100000001
94925,28817.473000000005
94926,27864.46900000001
94927,26646.47100000001
94928,26551.47400000001
94929,26448.47800000001
94930,26272.47500000001
94931,25779.47500000001
94932,24336.474000000013
94933,24685.46000000001
94934,25646.45500000001
94935,25935.463000000007
94936,25213.460000000006
94937,25536.455000000005
94938,24778.466000000008
94939,24975.461000000007
94940,24299.46200000001
94941,23405.47000000001
94942,22513.472000000005
94943,22974.461000000007
94944,23177.45800000001
94945,22031.450000000008
94946,22968.45500000001
94947,22330.45200000001
94948,22449.439000000006
94949,22259.436000000005
94950,23043.430000000004
94951,23689.422000000006
94952,24884.417000000005
94953,24633.416000000005
94954,23646.412000000008
94955,23547.414000000004
94956,22884.412000000004
94957,24282.409000000003
94958,24289.411000000004
94959,24494.407000000003
94960,24503.404000000006
94961,24506.400000000005
94962,23219.402000000006
94963,22686.406000000003
94964,23016.408000000007
94965,23403.406000000006
94966,23568.398000000005
94967,23209.406000000003
94968,22967.404000000002
94969,22299.401
94970,21331.397
94971,20673.398
94972,20429.399
94973,19945.402
94974,20102.403000000002
94975,19935.396
94976,19672.397
94977,19308.399999999998
94978,19760.397
94979,19680.400000000005
94980,20170.397
94981,20114.394
94982,21232.398000000005
94983,21379.395
94984,20570.404000000006
94985,19223.408000000003
94986,19427.399000000005
94987,20429.403000000002
94988,21125.404000000006
94989,21148.407000000003
94990,21135.409000000003
94991,21808.411000000004
94992,21535.41
94993,21684.408
94994,21646.409000000003
94995,21988.407
94996,22617.392
94997,21488.383000000005
94998,20533.379
94999,19953.380999999998
95000,19876.385
95001,18836.380999999998
95002,18153.385000000002
95003,18666.381999999998
95004,18728.380999999998
95005,19706.371000000003
95006,18657.373
95007,18282.367
95008,18632.352
95009,18555.345999999998
95010,18344.350999999995
95011,18295.349999999995
95012,19084.353
95013,17485.351
95014,16519.355
95015,15719.356
95016,15917.357000000002
95017,16772.358000000004
95018,17166.352000000003
95019,16131.358000000006
95020,15707.360000000004
95021,15953.366000000005
95022,14777.374000000005
95023,15296.378000000004
95024,15342.385000000007
95025,14807.390000000007
95026,15469.39200000001
95027,14133.40800000001
95028,13822.412000000011
95029,14960.411000000013
95030,14643.421000000015
95031,14001.430000000015
95032,12737.450000000017
95033,13041.459000000019
95034,12141.469000000021
95035,10990.484000000019
95036,9090.508000000022
95037,6810.538000000019
95038,4567.578000000019
95039,775.6350000000001
95040,2504.4630000000016
95041,3692.449000000019
95042,5375.441000000015
95043,6455.436000000015
95044,8080.426000000021
95045,9430.421000000026
95046,10153.417000000027
95047,12278.403000000024
95048,12782.402000000022
95049,13022.40400000002
95050,14622.396000000019
95051,15087.393000000016
95052,14074.395000000017
95053,13737.395000000013
95054,12227.395000000013
95055,12167.39200000001
95056,12362.38400000001
95057,11949.384000000007
95058,11864.386000000006
95059,12557.377000000004
95060,10642.376000000004
95061,10990.373
95062,12322.371000000005
95063,13372.361000000004
95064,14962.357000000004
95065,15664.350000000002
95066,16282.348
95067,16078.346000000001
95068,16943.341
95069,17636.333
95070,19621.337999999996
95071,19631.336999999996
95072,19484.339999999997
95073,17834.350000000002
95074,18974.354
95075,19444.343999999997
95076,19044.343999999997
95077,19126.346999999998
95078,18441.354
95079,17389.355
95080,16056.348
95081,16806.341
95082,16191.337000000001
95083,18121.334000000003
95084,16961.331000000002
95085,16366.331000000004
95086,17125.329
95087,17857.335000000003
95088,18690.325000000004
95089,18498.324000000004
95090,18883.321000000004
95091,18358.323
95092,19203.315000000002
95093,16998.310000000005
95094,17278.307000000004
95095,18448.303000000004
95096,17133.291
95097,16493.286000000004
95098,16078.281000000003
95099,16043.280000000002
95100,15808.275000000003
95101,15388.276000000003
95102,14833.268000000004
95103,14580.262000000002
95104,16350.259000000002
95105,15338.253000000002
95106,16113.246000000003
95107,15933.244000000002
95108,15065.249000000003
95109,14483.249000000003
95110,14321.242000000004
95111,14841.243000000004
95112,15331.240000000005
95113,17101.232000000007
95114,16131.227000000006
95115,15921.218000000006
95116,16866.218000000004
95117,17321.211000000007
95118,18066.213000000003
95119,17468.207000000006
95120,18663.202000000005
95121,19047.201000000005
95122,19242.201000000005
95123,17287.203000000005
95124,17123.200000000004
95125,17746.197000000004
95126,16961.199000000004
95127,17161.194000000003
95128,16961.195000000003
95129,17743.193000000003
95130,16958.195000000007
95131,16018.192000000005
95132,15241.194000000005
95133,16401.188000000002
95134,18128.193000000003
95135,18118.193000000003
95136,18546.192000000003
95137,17011.192000000003
95138,17201.192000000006
95139,15444.194000000005
95140,15254.194000000005
95141,16209.196000000004
95142,17394.194000000003
95143,17599.193000000003
95144,17199.197000000004
95145,16859.195000000003
95146,17811.198000000004
95147,18209.196000000004
95148,19379.196
95149,19779.194000000003
95150,20344.195000000003
95151,20359.194000000003
95152,19964.195000000003
95153,18979.196000000004
95154,18984.192000000003
95155,20002.187
95156,18832.187
95157,19624.185
95158,19394.188000000002
95159,19569.190000000002
95160,19367.193000000003
95161,18009.192000000003
95162,17809.193000000003
95163,17992.196000000004
95164,19182.195000000003
95165,18974.196000000004
95166,19184.194000000003
95167,17564.199000000004
95168,17392.197000000004
95169,16627.193000000003
95170,15836.195000000003
95171,16066.193000000003
95172,16616.199000000004
95173,16641.197000000004
95174,16046.199000000004
95175,15851.199000000004
95176,16476.196000000004
95177,17046.199000000004
95178,17816.200000000004
95179,17269.196000000004
95180,18236.196000000004
95181,18806.198000000004
95182,18986.201000000005
95183,17956.206000000006
95184,18553.207000000006
95185,19556.201000000005
95186,20559.197000000004
95187,20919.203000000005
95188,20147.200000000004
95189,20327.202000000005
95190,20174.197000000004
95191,20004.195000000003
95192,18649.194000000003
95193,18229.197000000004
95194,20194.194000000003
95195,19784.195000000003
95196,18631.195000000003
95197,18029.191000000003
95198,18034.191000000003
95199,17649.190000000002
95200,17074.189000000002
95201,16684.191000000003
95202,17469.191000000003
95203,18216.193000000003
95204,17641.193000000003
95205,18044.192000000003
95206,17039.195000000003
95207,17606.197000000004
95208,19598.192000000003
95209,18441.193000000007
95210,20024.190000000002
95211,19659.188000000002
95212,20642.190000000002
95213,20047.192000000003
95214,20462.190000000002
95215,20052.194000000003
95216,21432.191000000003
95217,21807.191000000003
95218,20037.192000000003
95219,19412.196000000004
95220,18804.199000000004
95221,19387.198000000004
95222,18777.201000000005
95223,18736.204000000005
95224,20509.202000000005
95225,20314.203
95226,19754.199
95227,18386.201000000005
95228,18779.200000000004
95229,18979.199
95230,18384.201000000005
95231,18389.203000000005
95232,18344.206000000002
95233,18532.206000000002
95234,18524.204
95235,19347.199
95236,18957.198000000004
95237,19542.197
95238,20479.2
95239,19319.198
95240,19884.199000000004
95241,19884.198000000004
95242,21064.196000000004
95243,20469.198000000004
95244,21056.197000000004
95245,21469.192000000003
95246,22852.190000000002
95247,22697.186
95248,21304.186
95249,20334.185
95250,19744.185
95251,19919.187
95252,19342.184000000005
95253,19736.183000000005
95254,21859.187
95255,21854.188
95256,21251.186
95257,20664.183000000005
95258,20819.185000000005
95259,21004.185000000005
95260,20001.184000000005
95261,19841.179000000004
95262,20236.178000000004
95263,19793.184000000005
95264,19613.183000000005
95265,19355.189000000006
95266,18968.188000000006
95267,20118.189000000006
95268,20873.187000000005
95269,19510.191000000006
95270,20497.188000000006
95271,20745.182000000004
95272,21330.180000000004
95273,21738.177000000003
95274,21723.177000000003
95275,22688.178000000004
95276,23871.175000000003
95277,23473.176000000003
95278,22303.179000000004
95279,21366.174000000003
95280,21366.176000000003
95281,21166.177000000003
95282,20391.177
95283,19997.182
95284,21544.184
95285,20969.185
95286,20774.184
95287,19989.190000000002
95288,20329.196000000004
95289,19949.196000000004
95290,19184.194000000003
95291,18991.193000000003
95292,19745.195000000003
95293,20387.194000000003
95294,19612.195000000003
95295,20211.196000000004
95296,19805.197000000004
95297,20800.196000000004
95298,21552.202000000005
95299,20187.203000000005
95300,21566.203000000005
95301,20815.206000000006
95302,22043.203000000005
95303,22231.206000000006
95304,23811.202000000005
95305,24037.201000000005
95306,24792.206000000006
95307,24464.207000000006
95308,23719.209000000006
95309,23169.207000000006
95310,23006.203000000005
95311,24009.204000000005
95312,22455.208000000006
95313,22671.206000000006
95314,23884.204000000005
95315,22908.206000000006
95316,23677.205000000005
95317,22726.206000000006
95318,22761.203000000005
95319,22741.205000000005
95320,22390.203000000005
95321,21972.206000000006
95322,22750.207000000006
95323,23753.209000000006
95324,23159.212000000007
95325,24146.211000000007
95326,23387.211000000007
95327,24517.216000000004
95328,25320.218
95329,23589.219
95330,24389.221
95331,22814.222
95332,23635.222
95333,24006.229000000003
95334,25751.229000000003
95335,25984.225000000002
95336,26739.228000000003
95337,25777.229000000003
95338,24386.231000000003
95339,24215.231000000003
95340,23674.232000000004
95341,24708.227000000003
95342,23943.226000000002
95343,24243.221
95344,26987.216000000004
95345,27410.214000000004
95346,28034.211000000003
95347,27120.213000000003
95348,26126.218000000004
95349,25781.220000000005
95350,25268.218000000004
95351,25081.219000000005
95352,26088.214000000004
95353,27384.204
95354,27579.205
95355,27187.212000000003
95356,25422.212000000003
95357,26399.216000000004
95358,27608.218000000004
95359,26487.221000000005
95360,26919.219000000005
95361,25789.219000000005
95362,26792.216000000004
95363,26606.214000000004
95364,27111.212000000003
95365,26410.216000000004
95366,27487.211000000003
95367,27107.210000000003
95368,25767.209000000006
95369,24801.212000000007
95370,24727.221000000005
95371,26950.215000000004
95372,26550.217000000004
95373,25611.214000000004
95374,27278.207000000006
95375,27989.206000000006
95376,27801.205000000005
95377,27024.200000000004
95378,27316.194000000003
95379,26557.196000000004
95380,25925.202000000005
95381,26509.200000000004
95382,26693.202000000005
95383,27699.201000000005
95384,27544.199000000004
95385,26414.198000000004
95386,24775.204000000005
95387,25790.206000000002
95388,27496.203
95389,26874.207000000002
95390,28465.208000000002
95391,26885.212000000003
95392,28854.212000000003
95393,28690.208000000002
95394,29350.205
95395,28680.198
95396,28657.203
95397,28086.204
95398,27345.204
95399,27040.209
95400,27936.203
95401,29653.204
95402,28689.201
95403,28217.194
95404,29375.195
95405,28876.191
95406,28506.192
95407,27612.188000000006
95408,26418.190000000006
95409,26619.194000000003
95410,26584.196000000004
95411,27401.199000000004
95412,27663.204000000005
95413,28425.216000000004
95414,28234.213000000003
95415,26922.215000000004
95416,26514.212000000003
95417,27332.216000000004
95418,28741.210000000003
95419,27744.214000000004
95420,29281.216000000004
95421,28781.215000000004
95422,30448.223
95423,30105.221
95424,29918.227000000003
95425,30188.224000000002
95426,30705.221
95427,30120.226000000002
95428,29758.227000000003
95429,29203.234000000004
95430,29031.24
95431,29630.244000000002
95432,28953.246000000003
95433,27816.241
95434,29018.245000000003
95435,29037.250000000004
95436,29124.250000000004
95437,27733.250000000004
95438,27467.258
95439,28460.261000000002
95440,27716.263000000003
95441,27749.261000000002
95442,27748.259000000005
95443,28747.261000000002
95444,28947.260000000002
95445,28174.251000000004
95446,27626.253000000004
95447,28635.257
95448,30365.266000000003
95449,29332.277000000006
95450,30687.279000000006
95451,30079.280000000002
95452,30851.278000000006
95453,30043.276000000005
95454,29870.271000000004
95455,32467.274000000005
95456,32401.279000000006
95457,32122.268000000004
95458,31614.259000000005
95459,30883.266000000003
95460,30695.263000000003
95461,33045.261000000006
95462,32873.255000000005
95463,31482.253000000004
95464,33049.262
95465,33235.266
95466,32821.268000000004
95467,32263.260000000002
95468,32413.258000000005
95469,32994.253000000004
95470,32161.257
95471,32358.256000000005
95472,33718.238000000005
95473,35131.237
95474,35500.23399999999
95475,34780.231
95476,32952.23
95477,33985.237
95478,35194.237
95479,35329.22099999999
95480,36707.21899999999
95481,35863.22299999999
95482,36087.20899999999
95483,36005.209
95484,36052.204
95485,36029.2
95486,36639.197
95487,35834.201
95488,34920.195999999996
95489,33847.194
95490,29868.201000000005
95491,31392.197000000004
95492,33261.197
95493,31426.198
95494,31639.191000000003
95495,31928.18
95496,32011.174000000003
95497,30998.170000000002
95498,31968.163
95499,32479.166
95500,31831.168
95501,32022.167
95502,33254.164
95503,34549.161
95504,34791.157999999996
95505,34312.163
95506,33924.158
95507,35704.153999999995
95508,37323.148
95509,38036.147999999994
95510,39521.13999999999
95511,38766.134999999995
95512,38986.13399999999
95513,39093.13799999999
95514,38762.12999999999
95515,38068.12299999999
95516,38823.12199999999
95517,37227.12699999999
95518,36087.123999999996
95519,35318.123999999996
95520,35000.119
95521,36209.117999999995
95522,32592.118000000006
95523,34504.115000000005
95524,35121.111
95525,35365.111
95526,34850.115000000005
95527,33621.115000000005
95528,33409.118
95529,33586.115000000005
95530,32467.111000000004
95531,32729.105000000007
95532,33888.106
95533,34447.105
95534,33856.106
95535,33867.106
95536,33261.106
95537,35638.10399999999
95538,36207.10099999999
95539,37403.09799999999
95540,38231.094999999994
95541,37664.095
95542,40154.095
95543,40282.094
95544,39141.09699999999
95545,38916.096
95546,39916.094999999994
95547,38910.09699999999
95548,38738.094999999994
95549,38387.09399999999
95550,38540.094
95551,39295.093
95552,37553.093
95553,36683.094999999994
95554,37496.09099999999
95555,37824.09099999999
95556,37620.09099999999
95557,36014.09099999999
95558,36017.08699999999
95559,36027.08499999999
95560,34236.091
95561,34218.091
95562,35855.087
95563,35966.09299999999
95564,35334.096
95565,34747.097
95566,33751.098000000005
95567,40590.096999999994
95568,41985.09
95569,43393.08500000001
95570,44117.085999999996
95571,44115.084
95572,45160.079
95573,44409.079
95574,44211.079
95575,43826.075000000004
95576,44222.076
95577,49553.072
95578,48803.068
95579,47808.07100000001
95580,48393.069
95581,48388.069
95582,48093.065
95583,47123.064
95584,47148.064
95585,47948.061
95586,48148.061
95587,46968.06400000001
95588,47128.058000000005
95589,46183.05900000001
95590,44458.06100000001
95591,43018.066000000006
95592,43378.06800000001
95593,44543.071
95594,42333.075000000004
95595,42318.073000000004
95596,41478.075000000004
95597,42948.069
95598,43978.06800000001
95599,45118.06900000001
95600,45730.069
95601,46180.068
95602,46345.07000000001
95603,40085.072
95604,40145.07
95605,40565.071
95606,41550.068999999996
95607,41330.068999999996
95608,40745.068999999996
95609,34570.073000000004
95610,35545.073000000004
95611,36060.06800000001
95612,35445.069
95613,34240.071
95614,34295.07
95615,34295.07
95616,34635.07
95617,34275.069
95618,36100.069
95619,35150.07
95620,33745.073000000004
95621,33395.07
95622,33815.069
95623,34755.071
95624,34560.071
95625,34235.06800000001
95626,33380.064000000006
95627,34700.063
95628,34575.064000000006
95629,35160.065
95630,35140.065
95631,35295.06800000001
95632,36025.069
95633,36015.070999999996
95634,33705.074
95635,33575.071
95636,34550.072
95637,34395.069
95638,35760.066
95639,35135.07
95640,37095.06800000001
95641,36625.074
95642,36065.074
95643,35655.073000000004
95644,35710.072
95645,37080.072
95646,36905.073
95647,36135.070999999996
95648,36755.07
95649,35760.074
95650,35375.073
95651,34800.070999999996
95652,34735.074
95653,35643.06800000001
95654,35613.07
95655,35803.067
95656,35153.071
95657,36188.069
95658,37258.067
95659,37848.067
95660,37433.067
95661,37503.06800000001
95662,38223.07
95663,38088.069
95664,37938.071
95665,36968.07000000001
95666,37748.071
95667,37133.07200000001
95668,35378.07300000001
95669,34728.07700000001
95670,36208.078
95671,36463.07600000001
95672,35918.074
95673,35398.071
95674,35063.07
95675,35808.073000000004
95676,35613.073000000004
95677,34578.075000000004
95678,35798.07000000001
95679,35738.07200000001
95680,34618.073000000004
95681,34253.07400000001
95682,34278.07500000001
95683,35448.07600000001
95684,35698.07500000001
95685,35923.07400000001
95686,35463.069
95687,36838.06700000001
95688,37973.069
95689,38168.07000000001
95690,37383.07200000001
95691,37408.07400000001
95692,38588.07200000001
95693,38523.07600000001
95694,38783.073000000004
95695,37413.07500000001
95696,36593.07500000001
95697,36483.073000000004
95698,34758.07200000001
95699,34258.07000000001
95700,35618.07100000001
95701,35448.07100000001
95702,34733.06900000001
95703,33618.06900000001
95704,33678.068000000014
95705,34678.068000000014
95706,35098.06700000001
95707,33958.066000000006
95708,34338.06400000001
95709,34553.06500000001
95710,33543.067
95711,31068.06800000001
95712,33068.06700000001
95713,33918.064000000006
95714,33853.06700000001
95715,33370.071
95716,34755.07000000001
95717,35890.071
95718,37710.074
95719,37945.071
95720,37380.07200000001
95721,37215.071
95722,38430.067
95723,38210.067
95724,37870.067
95725,37090.06800000001
95726,37640.07
95727,37220.071
95728,35685.07199999999
95729,35690.072
95730,36855.073
95731,37335.07
95732,36845.077000000005
95733,36040.079
95734,36240.077999999994
95735,37440.07699999999
95736,37365.07299999999
95737,36780.07399999999
95738,42135.07299999999
95739,42330.07299999999
95740,41950.071999999986
95741,41990.069
95742,40780.07400000001
95743,39230.076
95744,39685.073000000004
95745,36875.07500000001
95746,36030.07800000001
95747,37335.08000000001
95748,39035.08
95749,38420.081000000006
95750,37735.087000000014
95751,37845.09000000001
95752,43410.08600000001
95753,42820.087000000014
95754,45030.08
95755,45460.078
95756,47240.074
95757,47410.07399999999
95758,48515.074
95759,48680.075000000004
95760,50010.07200000001
95761,49970.07600000001
95762,51075.07000000001
95763,49680.07200000001
95764,48945.07600000001
95765,49445.07400000001
95766,49050.07500000001
95767,47770.073000000004
95768,47420.07000000001
95769,47385.07400000001
95770,41440.08200000001
95771,41480.08
95772,40730.079
95773,41615.082
95774,42070.079
95775,41975.074
95776,40210.077
95777,41645.073
95778,44180.07400000001
95779,43775.077000000005
95780,43190.077000000005
95781,43350.07900000001
95782,37880.07900000001
95783,37885.07900000001
95784,37290.081000000006
95785,37435.08200000001
95786,38900.078
95787,39150.077000000005
95788,38155.078
95789,37740.078
95790,38740.082
95791,38905.083000000006
95792,39135.082
95793,38155.079000000005
95794,37950.081
95795,38705.081
95796,38510.08
95797,37010.07800000001
95798,36240.07600000001
95799,36245.07500000001
95800,36030.07900000001
95801,35710.07500000001
95802,35455.07700000001
95803,36640.074000000015
95804,37315.07100000001
95805,37055.069
95806,35915.06800000001
95807,36925.069
95808,38685.073000000004
95809,38750.07000000001
95810,38160.07
95811,38780.068
95812,38520.071
95813,36350.074
95814,36035.077000000005
95815,35060.077000000005
95816,35950.075000000004
95817,35835.074
95818,34670.073000000004
95819,34885.074
95820,35860.074
95821,35805.075000000004
95822,36000.075000000004
95823,35090.072
95824,35490.07
95825,36465.07
95826,36285.067
95827,35265.07
95828,34710.068999999996
95829,34060.072
95830,33280.07200000001
95831,32715.07300000001
95832,31965.07300000001
95833,32500.079000000012
95834,32925.07800000001
95835,33120.07900000001
95836,32895.080000000016
95837,34035.081000000006
95838,35630.07900000001
95839,35835.07800000001
95840,35930.07400000001
95841,35762.07600000001
95842,35562.07800000001
95843,34757.07800000001
95844,34402.07800000001
95845,33657.07600000001
95846,34842.07400000001
95847,34057.075000000004
95848,33497.07600000001
95849,33822.08000000001
95850,34847.077000000005
95851,34722.075000000004
95852,35337.07400000001
95853,35082.077000000005
95854,35446.08000000001
95855,36716.075000000004
95856,36101.077000000005
95857,35481.079000000005
95858,35261.07800000001
95859,34221.081000000006
95860,34456.07900000001
95861,34818.081000000006
95862,34118.08300000001
95863,35323.08200000001
95864,35128.08200000001
95865,35743.08500000001
95866,35959.08500000001
95867,37379.08500000001
95868,38919.085
95869,42032.084
95870,41649.083000000006
95871,41119.083000000006
95872,40859.08600000001
95873,39800.093
95874,39215.094000000005
95875,37725.09100000001
95876,38285.092000000004
95877,37739.09100000001
95878,37513.08500000001
95879,37513.08600000001
95880,37929.08700000001
95881,37824.084
95882,37824.085
95883,37243.08700000001
95884,35975.089
95885,36555.09100000001
95886,36625.08700000001
95887,36253.088
95888,35028.09100000001
95889,34838.089
95890,40278.09
95891,40612.094
95892,40066.09300000001
95893,41622.091
95894,40866.099
95895,41704.09800000001
95896,35874.097
95897,37128.093
95898,38490.094999999994
95899,38947.102000000006
95900,39182.098999999995
95901,37917.104
95902,38321.105
95903,37072.109000000004
95904,37154.107
95905,35961.109000000004
95906,36966.10800000001
95907,36199.111000000004
95908,35718.109000000004
95909,35773.108
95910,36742.107
95911,36749.106
95912,36535.10800000001
95913,35783.109
95914,36403.11
95915,37948.113
95916,38028.115999999995
95917,37064.119000000006
95918,38731.115000000005
95919,37786.117
95920,38205.123
95921,38641.123999999996
95922,38471.125
95923,38017.129
95924,38029.128
95925,38803.130000000005
95926,38067.128
95927,38863.129
95928,40061.130999999994
95929,40971.134000000005
95930,39274.137
95931,38386.145000000004
95932,37994.147
95933,37205.143
95934,36969.153000000006
95935,34882.15700000001
95936,34923.159
95937,34898.16
95938,34355.161
95939,34715.165
95940,35488.166
95941,36234.16299999999
95942,36431.16299999999
95943,36542.155
95944,36531.163
95945,37453.168000000005
95946,37451.171
95947,36441.176
95948,36173.18
95949,35252.184
95950,36306.194
95951,36573.195
95952,37370.195
95953,38678.19900000001
95954,39083.19399999999
95955,39848.19499999999
95956,39618.197
95957,40767.195999999996
95958,42189.18999999999
95959,42967.193
95960,41430.195999999996
95961,41054.195999999996
95962,40380.2
95963,38628.20599999999
95964,38236.208000000006
95965,37473.208000000006
95966,38797.208999999995
95967,38697.207
95968,38540.211
95969,37937.215
95970,38895.217000000004
95971,38946.221999999994
95972,38686.221999999994
95973,38470.216
95974,38847.216
95975,39854.21399999999
95976,39273.219
95977,38213.22
95978,36983.227
95979,36629.228
95980,38118.228
95981,38230.22499999999
95982,39342.22899999999
95983,40747.234
95984,40602.234
95985,40849.23299999999
95986,40069.236999999994
95987,42281.23599999999
95988,42911.234999999986
95989,43731.23399999998
95990,41846.236999999994
95991,41781.23999999999
95992,41290.240999999995
95993,40504.246
95994,39754.251000000004
95995,38151.254
95996,38854.253
95997,38636.253
95998,39267.255
95999,39297.258
96000,39352.261
96001,39254.267
96002,39505.263999999996
96003,39148.269
96004,39675.271
96005,39835.275
96006,39447.278000000006
96007,38381.278000000006
96008,37506.276000000005
96009,38025.279
96010,38600.28400000001
96011,39449.28600000001
96012,40384.283
96013,42262.28600000001
96014,41598.289000000004
96015,42295.297000000006
96016,39371.3
96017,40325.305
96018,40974.30300000001
96019,41285.307
96020,39942.308000000005
96021,39341.312
96022,38726.314
96023,38348.314
96024,38098.319
96025,37063.318
96026,37006.325000000004
96027,37150.325
96028,37608.328
96029,37440.336
96030,38574.335
96031,37310.333
96032,36611.344000000005
96033,36159.350000000006
96034,36401.35500000001
96035,37266.350000000006
96036,37514.35100000001
96037,37418.35100000001
96038,36072.35400000001
96039,35774.34300000001
96040,35580.346000000005
96041,36790.347
96042,37814.347
96043,37854.349
96044,38436.346
96045,38270.361000000004
96046,37935.36600000001
96047,39091.363000000005
96048,39275.368
96049,40411.36900000001
96050,39452.37300000001
96051,39103.37500000001
96052,40653.376
96053,40414.380999999994
96054,41143.382
96055,39980.391
96056,40487.395000000004
96057,40527.395000000004
96058,40044.407
96059,39898.407999999996
96060,41313.408
96061,40878.4
96062,39676.399999999994
96063,39568.40299999999
96064,39256.412
96065,39233.41299999999
96066,38626.42499999999
96067,38451.42599999999
96068,37262.43299999999
96069,36132.43599999999
96070,36920.43599999999
96071,38311.443
96072,39109.449
96073,39305.44400000001
96074,38420.445
96075,39719.444
96076,39640.446
96077,40776.44300000001
96078,42389.437000000005
96079,42961.441000000006
96080,42056.44
96081,41260.44300000001
96082,41949.441
96083,42141.442
96084,42905.449
96085,42251.45300000001
96086,42520.45100000001
96087,43159.454000000005
96088,42783.45700000002
96089,42910.46100000001
96090,43764.45400000001
96091,43052.44400000001
96092,42699.449000000015
96093,42967.451000000015
96094,42479.45900000001
96095,42710.45600000001
96096,42354.46600000001
96097,41412.46500000002
96098,40320.468000000015
96099,38868.481000000014
96100,39848.48200000002
96101,41858.48500000002
96102,42359.47900000002
96103,42428.48100000002
96104,42178.48300000002
96105,42717.48400000002
96106,42634.493000000024
96107,42442.50000000002
96108,43891.50000000001
96109,44849.49700000002
96110,43681.50300000001
96111,43233.502000000015
96112,42428.51800000002
96113,42709.52700000001
96114,43426.52900000001
96115,42736.53400000001
96116,43235.54
96117,44629.543000000005
96118,44473.541000000005
96119,43842.554000000004
96120,44177.56700000001
96121,43073.556
96122,43079.551
96123,44014.552
96124,43292.55300000002
96125,43778.55600000001
96126,43679.55800000001
96127,42574.55800000001
96128,41237.561000000016
96129,40819.56000000002
96130,41264.561000000016
96131,42152.56700000002
96132,42738.56600000003
96133,43169.57400000002
96134,42422.57700000002
96135,42849.57900000002
96136,43148.58100000002
96137,43352.578000000016
96138,44181.595000000016
96139,45550.58800000002
96140,44628.58700000003
96141,44318.590000000026
96142,43885.59900000003
96143,43007.603000000025
96144,44080.60900000002
96145,43510.616000000016
96146,43890.607000000025
96147,45052.61000000002
96148,44333.61900000001
96149,43991.61900000001
96150,44536.625000000015
96151,44334.621000000014
96152,43426.627000000015
96153,43044.63500000002
96154,42780.626000000004
96155,43397.63100000001
96156,43680.63700000001
96157,42300.634
96158,41015.643000000004
96159,40912.64200000001
96160,41435.649000000005
96161,40924.651000000005
96162,41538.642
96163,42395.648
96164,41777.653
96165,42106.645000000004
96166,43236.630000000005
96167,43744.632000000005
96168,45546.63300000001
96169,45676.63400000001
96170,44696.63900000001
96171,44747.640000000014
96172,45126.64300000001
96173,43690.65100000001
96174,43683.65200000001
96175,42850.65200000002
96176,42816.650000000016
96177,43432.650000000016
96178,43223.643000000025
96179,42479.637000000024
96180,42386.64400000003
96181,42646.63500000003
96182,41535.641000000025
96183,41771.63300000003
96184,41476.63100000002
96185,42016.62800000002
96186,42532.629000000015
96187,42184.63600000002
96188,41373.63400000001
96189,40618.63900000002
96190,41445.635000000024
96191,42055.64100000002
96192,41675.646000000015
96193,42717.644000000015
96194,43040.65400000001
96195,43084.65100000001
96196,43857.64600000001
96197,43751.646000000015
96198,45217.64100000001
96199,46757.644
96200,46708.63500000001
96201,45991.63500000001
96202,47002.62500000001
96203,46770.629000000015
96204,46063.63000000001
96205,45493.63400000001
96206,44882.64300000002
96207,44843.651000000005
96208,43615.655000000006
96209,43354.648000000016
96210,43381.634000000005
96211,42817.639
96212,41484.63700000001
96213,41118.63000000001
96214,40883.62800000001
96215,41158.61800000001
96216,41434.62200000001
96217,41606.62900000001
96218,41342.63200000001
96219,41852.62200000001
96220,42687.62700000001
96221,43323.63200000002
96222,43082.62200000001
96223,43989.62600000001
96224,45058.630000000005
96225,45162.630000000005
96226,45153.618
96227,44685.618
96228,45677.615000000005
96229,46187.61500000001
96230,45431.61800000001
96231,45060.61800000001
96232,46326.621000000014
96233,45581.620000000024
96234,45172.62000000002
96235,45278.623000000014
96236,44780.622000000025
96237,45191.631000000016
96238,44407.63400000001
96239,43993.63300000002
96240,42191.63600000002
96241,42311.63000000002
96242,40497.641000000025
96243,40765.63200000001
96244,39858.63300000001
96245,40388.636000000006
96246,40733.633
96247,41089.635
96248,39298.637
96249,38757.63300000001
96250,41666.634000000005
96251,42158.63200000001
96252,41716.627000000015
96253,42440.61900000001
96254,41778.627000000015
96255,41372.63000000001
96256,41286.63200000002
96257,40266.62600000001
96258,41476.623000000014
96259,41604.633000000016
96260,39667.633000000016
96261,38129.629000000015
96262,38041.63700000002
96263,38431.63900000002
96264,38270.63300000001
96265,37511.63400000002
96266,37481.63000000002
96267,38544.62700000002
96268,39231.61700000003
96269,38884.61100000002
96270,38227.608000000015
96271,38704.60500000001
96272,37312.60000000001
96273,36208.59600000002
96274,36449.597
96275,36606.590000000004
96276,36385.583000000006
96277,36349.57900000001
96278,34537.58800000002
96279,34382.58600000002
96280,36491.58800000001
96281,37410.59300000001
96282,38535.580000000016
96283,38921.576000000015
96284,38392.57500000001
96285,37733.576
96286,38024.58
96287,37752.57100000001
96288,38598.56100000001
96289,39165.562000000005
96290,36328.566
96291,34513.572000000015
96292,34302.56900000001
96293,34306.57600000001
96294,33669.57500000001
96295,34376.568000000014
96296,34745.56400000001
96297,34971.564000000006
96298,36415.56
96299,36714.554
96300,36682.556999999986
96301,37189.56299999999
96302,35703.567
96303,34486.56800000001
96304,35513.56100000001
96305,35482.559
96306,34300.553000000014
96307,35519.545000000006
96308,32987.55200000001
96309,31907.549000000014
96310,33228.54600000002
96311,33218.544000000016
96312,33319.53700000002
96313,33871.534000000014
96314,33044.53900000002
96315,32385.526000000016
96316,33754.52900000001
96317,33204.53300000001
96318,33759.52800000001
96319,34430.53000000001
96320,32661.525000000012
96321,31103.526000000016
96322,31146.528000000017
96323,31024.522000000015
96324,30343.52000000002
96325,30042.521000000015
96326,30174.523000000016
96327,29680.520000000015
96328,29937.523000000016
96329,30304.521000000015
96330,30658.516000000014
96331,31466.519000000015
96332,31409.51800000001
96333,30239.527000000016
96334,30219.535000000014
96335,31145.532000000014
96336,30353.517000000014
96337,32243.511000000013
96338,30832.509000000013
96339,29851.508000000013
96340,30656.509000000013
96341,31992.50700000001
96342,32276.49800000001
96343,32665.50300000001
96344,32256.50400000001
96345,31500.506000000012
96346,33175.50400000001
96347,31674.509000000013
96348,32194.509000000013
96349,31736.51000000001
96350,30673.51200000001
96351,28181.51100000001
96352,27671.50600000001
96353,28057.500000000007
96354,27661.49900000001
96355,28039.49500000001
96356,26624.49900000001
96357,26573.50000000001
96358,27382.49400000001
96359,27932.48900000001
96360,27817.49400000001
96361,28566.487000000012
96362,28557.49000000001
96363,28034.48100000001
96364,27970.475000000013
96365,28235.471000000016
96366,27753.473000000013
96367,27626.475000000013
96368,26190.472000000012
96369,26053.479000000014
96370,26599.47800000001
96371,27133.47700000001
96372,27709.47300000001
96373,28111.466000000008
96374,26920.472000000012
96375,26820.471000000012
96376,27472.472000000012
96377,26858.46500000001
96378,27714.462000000007
96379,27387.463000000007
96380,26916.460000000006
96381,25754.460000000006
96382,26400.451000000005
96383,27750.454000000005
96384,26709.453000000005
96385,25420.458000000002
96386,25361.457000000002
96387,25404.465000000004
96388,26485.461000000003
96389,26496.464000000004
96390,26138.454000000005
96391,26247.455
96392,26238.45300000001
96393,24779.45300000001
96394,25529.445000000007
96395,26007.447000000007
96396,25338.446000000007
96397,30266.454000000005
96398,27825.45200000001
96399,27288.449000000008
96400,26620.447000000004
96401,21926.440000000006
96402,22387.437
96403,22994.432
96404,23003.430000000008
96405,22536.428000000007
96406,22207.432000000004
96407,22295.432
96408,23682.438000000002
96409,24522.429
96410,25286.427
96411,24023.434
96412,23220.436
96413,23647.438000000002
96414,22417.440000000002
96415,21624.434
96416,22629.428000000004
96417,21885.425000000003
96418,22808.428000000004
96419,22634.416000000005
96420,22928.418
96421,23711.413
96422,22933.414
96423,22142.411
96424,22339.406000000003
96425,23268.4
96426,22471.398
96427,22266.401
96428,20329.4
96429,20158.401
96430,20292.395
96431,20461.404
96432,21599.398
96433,21367.396999999997
96434,21072.397999999997
96435,20352.393999999997
96436,19960.393999999997
96437,19975.389
96438,19303.388999999996
96439,19219.391
96440,19949.388
96441,19478.386000000002
96442,18669.388
96443,19122.374
96444,18405.373
96445,19189.367
96446,19595.372
96447,18926.37
96448,21367.360999999997
96449,22202.351
96450,22076.335999999996
96451,22417.338999999996
96452,21725.344999999998
96453,20273.358999999997
96454,19717.365999999998
96455,19146.371000000003
96456,18310.373000000003
96457,18006.379
96458,15859.388000000003
96459,14302.400000000005
96460,12907.406000000004
96461,12777.414000000006
96462,11994.421000000008
96463,11431.43000000001
96464,11746.43100000001
96465,11121.434000000012
96466,10925.433000000014
96467,11446.441000000013
96468,11661.449000000015
96469,11679.456000000017
96470,12482.460000000017
96471,11535.466000000019
96472,11018.47600000002
96473,10500.484000000022
96474,9746.498000000021
96475,8221.508000000018
96476,6477.526000000018
96477,5748.5470000000205
96478,3394.5780000000095
96479,1319.6149999999952
96480,2693.4370000000063
96481,3453.427000000013
96482,5211.413000000018
96483,5891.409000000021
96484,6594.3960000000225
96485,7919.38700000002
96486,8759.392000000022
96487,8969.395000000024
96488,9874.392000000022
96489,11369.381000000018
96490,14974.379000000015
96491,14654.378000000015
96492,13779.373000000012
96493,13711.374000000013
96494,13693.374000000013
96495,12763.376000000011
96496,12560.372000000008
96497,13078.369000000006
96498,12584.363000000007
96499,11669.361000000004
96500,8847.358000000002
96501,11052.356000000005
96502,12992.347000000003
96503,13495.34
96504,15730.333
96505,17735.332
96506,17960.329
96507,18783.316
96508,20510.316
96509,22475.311999999998
96510,21650.319
96511,20285.319
96512,20317.322
96513,19752.323
96514,19215.324
96515,19025.324
96516,19883.323
96517,19213.324
96518,19218.327999999998
96519,18663.324999999997
96520,19078.32
96521,19183.313
96522,18183.318
96523,19323.316
96524,18186.315
96525,17368.312
96526,16773.312
96527,17448.313000000002
96528,15533.299
96529,14738.295000000002
96530,13463.301000000001
96531,13788.300000000003
96532,14433.300000000003
96533,13753.303000000004
96534,13838.298000000004
96535,14488.296000000004
96536,15038.292000000005
96537,14141.290000000005
96538,15296.284000000005
96539,15111.276000000003
96540,15491.275000000005
96541,15561.281000000004
96542,16541.276
96543,16828.279000000002
96544,17048.270000000004
96545,16718.270000000004
96546,16768.265000000003
96547,16113.261000000004
96548,16788.260000000006
96549,17893.260000000002
96550,17918.256000000005
96551,17613.256000000005
96552,16240.253000000006
96553,15588.246000000005
96554,15738.246000000005
96555,15753.235000000006
96556,15316.227000000006
96557,16156.220000000007
96558,14371.216000000006
96559,14571.209000000006
96560,13756.208000000008
96561,13356.209000000006
96562,14131.208000000006
96563,14336.208000000006
96564,14719.206000000007
96565,15294.208000000008
96566,16284.205000000007
96567,16664.209000000006
96568,16697.207000000006
96569,15704.211000000008
96570,16889.20800000001
96571,17304.20800000001
96572,17894.20900000001
96573,17509.20800000001
96574,18304.20600000001
96575,18089.20800000001
96576,18104.209000000006
96577,17529.207000000006
96578,19084.20600000001
96579,18864.21000000001
96580,18114.208000000006
96581,17529.211000000007
96582,16364.212000000007
96583,16384.211000000007
96584,15814.212000000007
96585,15214.216000000008
96586,14854.213000000007
96587,14444.215000000006
96588,13864.214000000005
96589,14464.214000000007
96590,14482.212000000007
96591,14312.210000000006
96592,14472.217000000008
96593,15442.221000000009
96594,15842.222000000007
96595,16637.21900000001
96596,17637.215000000007
96597,17637.215000000007
96598,17637.213000000007
96599,17647.211000000007
96600,18402.21300000001
96601,18592.215000000007
96602,19767.213000000007
96603,19422.207000000006
96604,19772.210000000006
96605,19949.210000000006
96606,20169.206000000006
96607,19767.207000000006
96608,21077.206000000006
96609,19907.207000000006
96610,19337.206000000006
96611,18347.209000000006
96612,17777.208000000006
96613,17992.204000000005
96614,17402.204000000005
96615,17587.206000000006
96616,17597.204000000005
96617,18172.204000000005
96618,18354.203000000005
96619,17967.205000000005
96620,17192.204000000005
96621,16984.204000000005
96622,17584.204000000005
96623,17976.205000000005
96624,18551.205000000005
96625,18759.204000000005
96626,19909.206000000006
96627,19389.200000000004
96628,19574.200000000004
96629,19635.196000000004
96630,20600.198000000004
96631,20814.196000000004
96632,21604.195000000003
96633,21214.195000000003
96634,22191.193000000003
96635,22006.192000000003
96636,21414.194000000003
96637,22057.188000000002
96638,22072.185
96639,20682.188000000002
96640,20494.185
96641,20284.184
96642,19694.185
96643,18519.192000000003
96644,17924.191000000003
96645,18104.195000000003
96646,18281.197000000004
96647,18608.201
96648,18619.201000000005
96649,19014.200000000004
96650,17849.2
96651,18244.199000000004
96652,19044.195000000003
96653,19234.197000000004
96654,19644.196000000004
96655,20374.199000000004
96656,21349.199000000004
96657,20959.199000000004
96658,21554.197000000004
96659,21349.199000000004
96660,22934.196000000004
96661,22899.200000000004
96662,23079.201000000005
96663,23309.197000000004
96664,24834.200000000004
96665,24279.196000000004
96666,23494.197000000004
96667,23959.189000000002
96668,23169.189000000002
96669,22004.188000000002
96670,21219.187
96671,19824.190000000002
96672,19817.191000000003
96673,19367.199000000004
96674,18552.202
96675,19377.198000000004
96676,19567.198000000004
96677,24087.196000000004
96678,25239.196000000004
96679,24824.200000000004
96680,23629.201000000005
96681,23452.197000000004
96682,23647.196000000004
96683,24024.196000000004
96684,24609.195000000003
96685,25389.194000000003
96686,26359.194000000003
96687,26744.195000000003
96688,25959.196000000004
96689,26939.196000000004
96690,27926.192000000003
96691,28483.194000000003
96692,28223.198000000008
96693,28051.192000000006
96694,28651.194000000007
96695,29263.193000000007
96696,28920.190000000006
96697,29513.189000000006
96698,29128.187000000005
96699,28191.185000000005
96700,28591.184000000005
96701,27411.185000000005
96702,27618.182000000008
96703,27428.181000000008
96704,27253.176000000007
96705,26658.176000000007
96706,27249.173000000006
96707,26059.174000000006
96708,27026.173000000006
96709,26269.172000000006
96710,25501.170000000006
96711,25106.170000000006
96712,20006.172000000006
96713,20171.173000000006
96714,19566.176000000007
96715,20736.178000000004
96716,22106.175000000003
96717,22318.176000000003
96718,21741.178000000004
96719,23507.179000000004
96720,23307.179000000004
96721,23697.179000000004
96722,24681.178000000004
96723,24651.178000000004
96724,25416.180000000004
96725,25480.174000000003
96726,25440.179000000004
96727,24432.181000000004
96728,25205.182000000004
96729,25236.179000000004
96730,25418.180000000004
96731,24798.186000000005
96732,24619.188000000006
96733,24636.188000000006
96734,24267.187000000005
96735,24076.188000000006
96736,24885.185000000005
96737,24295.186000000005
96738,24393.181000000004
96739,23168.186000000005
96740,21624.186000000005
96741,20879.184000000005
96742,20866.191000000006
96743,21646.194000000007
96744,21295.192000000006
96745,22917.188000000006
96746,23315.191000000006
96747,23937.189000000006
96748,23998.190000000006
96749,24989.191000000006
96750,25414.192000000006
96751,25617.190000000006
96752,26192.195000000007
96753,26813.191000000006
96754,27414.190000000006
96755,27278.187000000005
96756,27478.185000000005
96757,26314.189000000006
96758,25950.191000000006
96759,25918.194000000007
96760,26778.190000000006
96761,27039.188000000006
96762,26666.191000000006
96763,26117.188000000006
96764,26065.193000000007
96765,26734.187000000005
96766,27526.189000000006
96767,27523.192000000006
96768,26228.192000000003
96769,25226.195000000003
96770,23891.194000000003
96771,23530.198000000004
96772,24489.197000000004
96773,25697.194000000003
96774,24742.196000000004
96775,25490.197000000004
96776,26296.197000000004
96777,26111.200000000004
96778,26700.198000000004
96779,27384.204000000005
96780,27390.204000000005
96781,27774.205000000005
96782,28406.204000000005
96783,29351.207000000006
96784,29935.204000000005
96785,30177.202000000005
96786,29803.205000000005
96787,29856.203
96788,29215.209000000003
96789,29454.203
96790,29843.201000000005
96791,28906.203000000005
96792,27188.206000000006
96793,26414.204000000005
96794,25597.204000000005
96795,25571.208000000006
96796,26147.210000000006
96797,26418.208000000006
96798,26242.205000000005
96799,25507.202000000005
96800,24032.200000000004
96801,23626.204000000005
96802,24842.200000000004
96803,25559.208000000002
96804,25819.206000000002
96805,26808.208000000002
96806,27775.205
96807,27279.201
96808,27694.197000000004
96809,28816.207000000002
96810,29021.207000000002
96811,29939.205
96812,29938.208000000002
96813,30164.207000000006
96814,30645.203000000005
96815,30414.203000000005
96816,30863.199000000004
96817,30468.2
96818,30441.203000000005
96819,30031.204
96820,30663.202
96821,30177.204
96822,29639.201000000005
96823,29217.203000000005
96824,28638.202
96825,28245.204
96826,28324.198
96827,28768.193000000003
96828,28600.193000000003
96829,27100.191000000003
96830,26135.192000000003
96831,25373.195000000003
96832,26322.201
96833,27460.187
96834,28087.186
96835,28728.185
96836,28742.188000000002
96837,28496.191000000003
96838,34016.193
96839,35547.196
96840,36396.191
96841,37782.189
96842,37588.194
96843,37343.198000000004
96844,37905.197
96845,37442.202000000005
96846,37544.196
96847,37515.196
96848,37891.196
96849,37378.200000000004
96850,37543.205
96851,37104.209
96852,36154.208
96853,35086.206000000006
96854,33583.21000000001
96855,32468.211000000003
96856,33007.21400000001
96857,33781.219000000005
96858,34082.22900000001
96859,33113.223
96860,32394.22
96861,31623.223
96862,31974.224000000002
96863,33201.226
96864,34441.225000000006
96865,35156.22900000001
96866,35029.232
96867,34887.233
96868,34923.236000000004
96869,36108.236000000004
96870,36721.241
96871,37561.235
96872,37344.236000000004
96873,36992.232
96874,38217.242
96875,37638.247
96876,36817.256
96877,36169.26700000001
96878,36214.269
96879,34476.276
96880,35560.268000000004
96881,30593.270000000004
96882,30086.263000000003
96883,28293.274
96884,27677.272
96885,27027.270000000004
96886,27257.269000000004
96887,27725.268000000004
96888,27639.274
96889,26559.268000000004
96890,26161.274
96891,26031.275
96892,27629.273
96893,28559.276
96894,29340.273
96895,30241.270000000004
96896,30212.269000000004
96897,30819.265000000003
96898,31086.259000000002
96899,32582.267000000003
96900,33077.272000000004
96901,33842.274
96902,34684.268
96903,34497.26299999999
96904,34667.26699999999
96905,34618.26799999999
96906,33539.263999999996
96907,32403.261000000006
96908,32562.269000000004
96909,32252.262000000002
96910,33069.256
96911,33640.24999999999
96912,31828.257000000005
96913,31229.255000000005
96914,29946.252000000004
96915,29324.251000000004
96916,29676.241000000005
96917,29209.238000000005
96918,29431.236000000004
96919,27995.231000000003
96920,27224.228000000006
96921,26922.226000000006
96922,27643.224000000006
96923,28683.223000000005
96924,30054.215000000004
96925,30570.221000000005
96926,30624.222000000005
96927,31422.219000000005
96928,30824.216000000008
96929,32015.215000000007
96930,33187.209
96931,33138.201
96932,32679.200000000004
96933,32099.196000000007
96934,32078.195000000007
96935,32106.186000000005
96936,31029.197000000007
96937,31213.185000000005
96938,31550.180000000004
96939,31413.174000000003
96940,30540.176000000003
96941,31750.170000000002
96942,30498.171000000002
96943,29644.167
96944,28775.167
96945,30814.165000000005
96946,31438.156000000003
96947,31630.146000000004
96948,32061.139000000003
96949,31895.142000000003
96950,30745.13
96951,29910.125
96952,30673.127000000004
96953,32259.125
96954,32844.124
96955,33596.123999999996
96956,33993.121999999996
96957,34710.119999999995
96958,34325.117
96959,34514.119999999995
96960,36174.115999999995
96961,35610.115999999995
96962,35364.115
96963,35041.111999999994
96964,35280.10899999999
96965,34248.113
96966,33920.11
96967,33309.109000000004
96968,32691.113
96969,32687.112
96970,32522.111
96971,33827.111
96972,32241.113
96973,31636.113
96974,36430.109
96975,36196.106999999996
96976,36959.108
96977,37641.101
96978,37634.1
96979,37455.098
96980,36733.095
96981,36615.090000000004
96982,37516.092
96983,38627.096
96984,39474.093
96985,39629.098000000005
96986,39973.100000000006
96987,41143.099
96988,40924.104999999996
96989,41730.1
96990,42864.102999999996
96991,42010.10600000001
96992,42045.103
96993,40593.10600000001
96994,40578.108
96995,39416.11
96996,38722.105
96997,37541.101
96998,37910.1
96999,37504.099
97000,37079.102
97001,36139.103
97002,35185.097
97003,33935.103
97004,33049.095
97005,33139.092000000004
97006,34376.090000000004
97007,34301.094000000005
97008,34306.091
97009,33751.089
97010,32791.088
97011,27235.091000000004
97012,27887.088000000003
97013,29689.083000000006
97014,31254.082000000006
97015,31825.080000000005
97016,32185.080000000005
97017,33640.075
97018,34035.074
97019,34580.074
97020,35525.07399999999
97021,35500.070999999996
97022,35795.07399999999
97023,35195.07199999999
97024,35030.07199999999
97025,33910.073
97026,32960.074
97027,32170.077000000005
97028,32735.077000000005
97029,32340.078000000005
97030,32520.076000000005
97031,32290.079000000005
97032,30580.080000000005
97033,29995.080000000005
97034,29250.078000000005
97035,29080.078000000005
97036,30230.077000000005
97037,30030.079000000005
97038,29445.081000000006
97039,28915.080000000005
97040,28600.076000000005
97041,28185.076000000005
97042,28175.078000000005
97043,29355.076000000005
97044,30330.076000000005
97045,30745.078000000005
97046,30970.078000000005
97047,32360.078000000005
97048,32365.078000000005
97049,33365.078
97050,34535.079
97051,34920.079999999994
97052,37070.075999999994
97053,36750.07199999999
97054,36075.070999999996
97055,35490.070999999996
97056,34710.070999999996
97057,33740.072
97058,34280.070999999996
97059,33625.075
97060,33245.073000000004
97061,33220.073000000004
97062,31845.076000000005
97063,32055.073000000004
97064,31140.071000000004
97065,30995.071000000004
97066,32385.066000000003
97067,32305.063000000006
97068,32285.068000000007
97069,31580.069000000007
97070,30830.068000000007
97071,30690.068000000007
97072,31250.068000000007
97073,32070.066000000006
97074,32820.067
97075,33210.067
97076,33040.06800000001
97077,34595.068999999996
97078,34170.071
97079,35530.07000000001
97080,36875.069
97081,37265.069
97082,37690.072
97083,37140.071
97084,36550.073
97085,36380.075000000004
97086,36000.074
97087,34610.074
97088,34025.079000000005
97089,34250.073000000004
97090,33895.071
97091,34120.07000000001
97092,32170.071000000007
97093,32720.075000000008
97094,32300.07700000001
97095,32530.075000000008
97096,33735.073000000004
97097,32915.07600000001
97098,33205.07200000001
97099,33630.07000000001
97100,33035.067
97101,32135.067000000006
97102,32325.068000000007
97103,33115.066000000006
97104,33055.06800000001
97105,33355.071
97106,32785.06800000001
97107,34603.065
97108,34468.063
97109,34543.063
97110,35998.060000000005
97111,36493.054000000004
97112,37683.05500000001
97113,36673.05700000001
97114,37323.054000000004
97115,36928.05500000001
97116,37288.056000000004
97117,36723.058000000005
97118,36818.05900000001
97119,36298.058000000005
97120,36028.05500000001
97121,36838.054000000004
97122,35313.052
97123,35123.05100000001
97124,34963.049000000006
97125,35328.05000000001
97126,35493.05700000001
97127,34573.056000000004
97128,35163.056000000004
97129,35118.05500000001
97130,35253.049000000006
97131,34243.05100000001
97132,34043.05300000001
97133,34168.05700000001
97134,32308.057000000008
97135,32273.06000000001
97136,31858.06000000001
97137,33618.05900000001
97138,33618.05900000001
97139,34993.05700000001
97140,35963.058
97141,35948.056000000004
97142,36858.058999999994
97143,36458.060999999994
97144,36638.064
97145,35458.066000000006
97146,35238.066000000006
97147,34988.06700000001
97148,34793.06800000001
97149,34403.06800000001
97150,33008.071
97151,33250.07200000001
97152,31465.073000000008
97153,31890.072000000007
97154,31815.06800000001
97155,32760.069000000007
97156,33545.066000000006
97157,32765.067000000006
97158,33385.067
97159,32155.070000000007
97160,31300.07600000001
97161,30580.074000000008
97162,30945.074000000008
97163,31550.07700000001
97164,31915.07700000001
97165,31590.075000000008
97166,32010.075000000008
97167,33570.075000000004
97168,33070.073000000004
97169,34100.07200000001
97170,35105.071
97171,35925.075000000004
97172,37130.073000000004
97173,35975.075000000004
97174,36375.074
97175,35790.07400000001
97176,35405.073000000004
97177,34175.075000000004
97178,34240.07400000001
97179,34330.075000000004
97180,34345.077000000005
97181,34970.07400000001
97182,33660.07400000001
97183,32355.08100000001
97184,31935.08300000001
97185,32760.08000000001
97186,32980.08200000001
97187,32625.08500000001
97188,33835.083000000006
97189,33345.07800000001
97190,32015.07600000001
97191,30605.08000000001
97192,30380.08200000001
97193,31540.08000000001
97194,32220.076000000012
97195,31880.076000000012
97196,31865.07400000001
97197,32895.07300000001
97198,31905.077000000012
97199,32710.077000000012
97200,34245.07800000001
97201,34665.077000000005
97202,36255.07600000001
97203,36295.073
97204,35875.074
97205,36335.07
97206,38210.07
97207,37265.07000000001
97208,37420.07000000001
97209,37060.069
97210,37450.07000000001
97211,38515.067
97212,37090.069
97213,36670.070999999996
97214,35860.07200000001
97215,36445.07200000001
97216,36260.07600000001
97217,35475.07800000001
97218,37075.075000000004
97219,35860.081
97220,34665.08200000001
97221,34015.08100000001
97222,33240.08000000001
97223,34355.081000000006
97224,35400.077000000005
97225,34240.07600000001
97226,33485.07200000001
97227,35260.077000000005
97228,34345.07500000001
97229,35430.07400000001
97230,35670.075000000004
97231,35295.07600000001
97232,37215.068
97233,35285.070999999996
97234,35895.070999999996
97235,36850.06999999999
97236,37215.06999999999
97237,36845.07
97238,35855.070999999996
97239,36295.067
97240,36755.066999999995
97241,37265.067
97242,37035.066000000006
97243,35975.064000000006
97244,35600.061
97245,35470.062
97246,35730.059
97247,34955.05700000001
97248,36755.05300000001
97249,35955.05700000001
97250,35345.05700000001
97251,35185.055
97252,34795.055
97253,36330.056000000004
97254,36860.057
97255,35125.058000000005
97256,34990.056000000004
97257,36258.05900000001
97258,35723.05400000001
97259,36078.056000000004
97260,36053.060000000005
97261,36413.061
97262,37358.062
97263,36488.065
97264,36568.064000000006
97265,36953.065
97266,36700.066999999995
97267,35755.066
97268,35950.066
97269,35720.06800000001
97270,36940.063
97271,36975.061
97272,36220.061
97273,35180.064000000006
97274,32710.06500000001
97275,33530.05900000001
97276,34515.058000000005
97277,33960.05700000001
97278,35135.056000000004
97279,34385.056000000004
97280,34100.060000000005
97281,33715.05900000001
97282,33135.060000000005
97283,33935.06100000001
97284,34855.062000000005
97285,34095.06300000001
97286,34745.06100000001
97287,36275.062
97288,35265.064000000006
97289,35790.067
97290,35395.06800000001
97291,35755.069
97292,36960.066999999995
97293,36405.067
97294,37190.066
97295,36605.067
97296,35540.07
97297,35187.068999999996
97298,34585.072
97299,35160.07000000001
97300,36195.07
97301,35435.071
97302,34310.072
97303,34145.07400000001
97304,32795.07200000001
97305,33375.073000000004
97306,34040.07600000001
97307,32507.07600000001
97308,33187.08200000001
97309,33192.083000000006
97310,32770.08400000001
97311,32765.08500000001
97312,31980.08700000001
97313,32887.083000000006
97314,39626.075000000004
97315,39431.075000000004
97316,40261.079
97317,41660.081
97318,40880.081000000006
97319,40945.079
97320,39860.087
97321,40465.083
97322,41422.083
97323,40727.081000000006
97324,41472.08399999999
97325,40717.084
97326,39877.086
97327,40107.086
97328,39722.086
97329,40504.086
97330,41669.08699999999
97331,40894.091
97332,40874.094
97333,40624.096000000005
97334,38672.09700000001
97335,39238.100000000006
97336,39633.09900000001
97337,38087.098000000005
97338,39531.09500000001
97339,39351.092000000004
97340,39156.092000000004
97341,38336.09500000001
97342,38316.096000000005
97343,38771.094000000005
97344,40408.090000000004
97345,34054.094000000005
97346,34359.09700000001
97347,36019.093
97348,34889.09500000001
97349,35140.092000000004
97350,34645.08900000001
97351,34817.090000000004
97352,35829.088
97353,35662.087
97354,35862.087
97355,35125.08900000001
97356,35188.086
97357,35328.090000000004
97358,34943.09200000001
97359,35435.08800000001
97360,36410.090000000004
97361,36622.095
97362,36364.093
97363,35809.094
97364,34505.092000000004
97365,36334.096000000005
97366,37279.099
97367,36072.10700000001
97368,37446.111000000004
97369,36801.116
97370,36824.11800000001
97371,36431.11800000001
97372,35599.12700000001
97373,36077.128000000004
97374,38442.132000000005
97375,37246.136000000006
97376,36853.14000000001
97377,37085.143000000004
97378,36045.147000000004
97379,35891.153000000006
97380,35476.156
97381,35646.15800000001
97382,36576.16100000001
97383,36086.162000000004
97384,36025.16500000001
97385,36184.172000000006
97386,36034.172000000006
97387,36829.170000000006
97388,35949.168000000005
97389,35887.167
97390,37695.164000000004
97391,37395.166
97392,37409.162
97393,36149.169
97394,35196.169
97395,36075.175
97396,36500.179000000004
97397,35960.18
97398,37683.178
97399,37108.17799999999
97400,37156.181
97401,37156.183000000005
97402,36738.187999999995
97403,37699.191999999995
97404,39448.19499999999
97405,38355.193999999996
97406,37980.204999999994
97407,37766.20999999999
97408,37095.212
97409,36770.21599999999
97410,35247.216
97411,35684.21599999999
97412,36229.219999999994
97413,35114.224
97414,35599.223999999995
97415,35091.225
97416,34366.227000000006
97417,36746.226
97418,35994.231
97419,35099.231
97420,37213.225
97421,36498.227999999996
97422,36343.233
97423,36389.234000000004
97424,35451.236000000004
97425,36291.243
97426,35427.243
97427,35312.24600000001
97428,36666.24900000001
97429,36149.248
97430,37185.248999999996
97431,37562.244999999995
97432,37481.24
97433,38621.241
97434,39427.242999999995
97435,38756.245
97436,39675.248
97437,39415.245
97438,38916.251000000004
97439,40021.248
97440,38026.248
97441,39074.248
97442,40360.251000000004
97443,39207.251000000004
97444,38661.25400000001
97445,37702.259000000005
97446,37330.26400000001
97447,36717.265000000014
97448,37117.26600000002
97449,36670.27100000001
97450,37738.27900000001
97451,37476.273000000016
97452,37129.27400000001
97453,36828.27700000001
97454,35955.27800000001
97455,37163.28100000001
97456,36908.28500000001
97457,36889.29100000001
97458,37602.29800000001
97459,38616.294000000016
97460,39789.299000000006
97461,39595.30000000001
97462,38548.30100000001
97463,39649.30300000001
97464,40645.30300000001
97465,40131.31200000001
97466,41404.308000000005
97467,39659.310000000005
97468,39677.311
97469,40435.311
97470,38595.310000000005
97471,38851.314000000006
97472,39776.313
97473,38564.319
97474,38481.32400000001
97475,37410.32700000001
97476,37004.33400000001
97477,37477.32800000001
97478,37268.33700000001
97479,35830.338
97480,37694.336
97481,37554.344000000005
97482,38114.348000000005
97483,38599.346000000005
97484,37993.354
97485,39083.35599999999
97486,38422.35199999999
97487,38794.348
97488,38630.359000000004
97489,39241.363000000005
97490,39600.36600000001
97491,39261.371
97492,38757.364
97493,39951.36000000001
97494,41093.36
97495,40338.365000000005
97496,41716.361000000004
97497,41020.36500000001
97498,40653.37000000001
97499,41711.36800000001
97500,40303.37300000001
97501,40291.375000000015
97502,41157.37800000001
97503,41185.37800000001
97504,40524.384000000005
97505,44917.383
97506,44435.387
97507,43698.389
97508,44409.388000000006
97509,43570.38500000001
97510,45621.389
97511,46054.393000000004
97512,52119.39200000001
97513,50973.40100000001
97514,50988.40000000001
97515,53446.40400000001
97516,52662.409000000014
97517,47607.40600000002
97518,48082.41000000002
97519,49117.40100000002
97520,49134.40500000002
97521,49845.41100000002
97522,48172.41600000001
97523,49286.41900000001
97524,50654.42200000001
97525,49773.42300000002
97526,50967.42500000002
97527,50905.42700000002
97528,50053.43200000002
97529,50532.43400000002
97530,49266.43500000003
97531,49121.43200000003
97532,48867.43700000002
97533,48417.44300000002
97534,47839.44400000002
97535,46362.44900000001
97536,45943.45700000002
97537,46105.462000000014
97538,46517.46800000001
97539,44886.47700000001
97540,45683.47300000001
97541,46374.470000000016
97542,47598.47400000002
97543,46582.47900000002
97544,46132.484000000026
97545,48699.48800000001
97546,48064.48300000002
97547,48207.48400000001
97548,43466.49900000002
97549,44273.49600000002
97550,44919.498000000014
97551,44937.50700000002
97552,43989.51000000001
97553,44462.515000000014
97554,44792.52000000001
97555,44444.52300000001
97556,45575.52300000001
97557,45205.53200000001
97558,43853.53900000001
97559,44739.54600000002
97560,43740.54700000001
97561,43367.55600000001
97562,43387.54900000001
97563,43079.55600000001
97564,43390.56400000001
97565,42510.562999999995
97566,42572.56200000001
97567,41901.565
97568,42929.56700000001
97569,41373.56900000001
97570,42920.573000000004
97571,42896.57300000001
97572,43998.57600000001
97573,43516.573000000004
97574,42102.587
97575,43200.58500000001
97576,42042.59099999999
97577,41572.587
97578,42171.58899999999
97579,44216.582
97580,44305.585999999996
97581,44492.58899999999
97582,42783.601
97583,44113.60800000001
97584,44391.60700000001
97585,43975.60100000002
97586,44399.612000000016
97587,44882.61500000001
97588,43237.62400000001
97589,43823.622
97590,43516.62200000001
97591,44160.62400000001
97592,45392.62400000002
97593,44322.63200000001
97594,44271.631000000016
97595,44226.634000000005
97596,44259.629000000015
97597,44687.62100000001
97598,43929.62800000001
97599,40740.634
97600,41507.636000000006
97601,41819.62600000001
97602,42617.629000000015
97603,41996.63000000001
97604,42734.61400000001
97605,43370.609000000004
97606,42746.611
97607,41446.61000000001
97608,42279.609000000004
97609,44253.613000000005
97610,44140.62400000001
97611,45009.61600000001
97612,43540.633
97613,44153.64
97614,45599.630000000005
97615,44757.643
97616,45782.636
97617,46520.638000000006
97618,46201.634000000005
97619,46934.633
97620,46065.63700000001
97621,46095.635
97622,45636.64800000001
97623,45819.632
97624,44749.636000000006
97625,44543.636000000006
97626,44117.632000000005
97627,43604.643000000004
97628,43734.64500000001
97629,41924.644000000015
97630,42350.642000000014
97631,41771.64500000001
97632,41854.64800000001
97633,41570.650000000016
97634,41030.64600000001
97635,41581.64100000002
97636,41197.64300000001
97637,41209.65000000001
97638,41333.64700000001
97639,42250.653000000006
97640,42578.662000000004
97641,43275.665
97642,42201.67100000001
97643,43341.670999999995
97644,44226.672
97645,43739.666000000005
97646,44440.66700000001
97647,44329.66800000001
97648,44756.66700000001
97649,46388.653
97650,45990.657000000014
97651,46585.66000000001
97652,46690.65400000002
97653,45948.65600000001
97654,45222.65600000001
97655,44941.64800000001
97656,44528.64600000001
97657,43335.64500000001
97658,43069.63100000001
97659,41480.633
97660,40998.639
97661,39816.632000000005
97662,40513.63600000001
97663,38970.648000000016
97664,38330.650000000016
97665,39807.64400000001
97666,39673.64800000001
97667,40259.645000000004
97668,40833.64500000001
97669,40818.65300000001
97670,41478.646000000015
97671,41187.65500000001
97672,39906.67100000001
97673,40646.67200000002
97674,41656.678000000014
97675,41327.67700000002
97676,42562.66900000001
97677,42254.670000000006
97678,42177.68300000001
97679,42806.687000000005
97680,42990.686000000016
97681,43946.686000000016
97682,44921.678000000014
97683,44170.67300000001
97684,44138.67500000001
97685,43464.669000000016
97686,43264.655000000006
97687,42588.652
97688,41662.655999999995
97689,39945.657
97690,39707.661
97691,38630.65200000001
97692,39122.647000000004
97693,38238.652
97694,36452.65
97695,37076.649000000005
97696,36985.643000000004
97697,36847.64000000001
97698,36888.643
97699,37949.62700000001
97700,37761.617000000006
97701,36991.62
97702,35270.619
97703,34736.624
97704,35810.62500000001
97705,35012.619
97706,35498.619
97707,36565.62100000001
97708,36044.63000000001
97709,36416.62
97710,36207.61900000001
97711,36664.61200000001
97712,37045.60700000001
97713,36708.607
97714,37218.611000000004
97715,36380.613000000005
97716,36338.613000000005
97717,35136.61600000001
97718,34799.59900000001
97719,33616.59800000002
97720,34835.58900000001
97721,34385.58400000001
97722,34843.583000000006
97723,34727.58
97724,33123.57900000002
97725,34789.579
97726,34422.575000000004
97727,33726.580000000016
97728,34228.58500000001
97729,34622.58600000001
97730,33112.590000000026
97731,32611.591000000026
97732,31534.589000000018
97733,31629.58800000002
97734,31840.58300000002
97735,31013.582000000024
97736,32225.57800000002
97737,32824.57700000001
97738,34711.56800000001
97739,34716.56800000001
97740,34677.56700000001
97741,35804.56500000001
97742,36080.56800000001
97743,35232.570000000014
97744,36158.566000000006
97745,34274.569
97746,33500.56800000001
97747,33937.56000000001
97748,32073.566000000024
97749,31057.56500000002
97750,31012.56900000002
97751,30770.564000000024
97752,31746.56000000002
97753,31018.56200000002
97754,30707.570000000018
97755,33121.560000000005
97756,32217.55500000002
97757,31509.55000000002
97758,32230.545000000024
97759,32603.54900000002
97760,31645.541000000023
97761,31001.542000000016
97762,30152.528000000017
97763,29675.540000000015
97764,28880.53600000002
97765,27764.534000000018
97766,29183.531000000017
97767,29354.529000000017
97768,29564.533000000018
97769,29506.53700000002
97770,29810.538000000022
97771,30563.55000000002
97772,30514.54700000002
97773,30610.54600000002
97774,31261.548000000017
97775,31058.531000000014
97776,29936.533000000018
97777,29486.541000000016
97778,28661.541000000016
97779,27818.537000000015
97780,27775.542000000012
97781,27318.545000000013
97782,28717.53500000001
97783,27998.54000000001
97784,27320.530000000013
97785,27755.524000000012
97786,26982.51700000002
97787,27383.52100000001
97788,28222.52100000002
97789,28729.51800000002
97790,27528.507000000012
97791,27229.509000000016
97792,26798.494000000017
97793,27079.498000000014
97794,27176.501000000015
97795,27569.505000000016
97796,28872.506000000016
97797,28831.513000000014
97798,28395.511000000013
97799,28105.506000000012
97800,28877.50300000001
97801,29153.50200000001
97802,28780.48900000001
97803,28364.492000000013
97804,28245.49600000001
97805,26723.491000000013
97806,25787.493000000013
97807,25722.499000000007
97808,25543.49100000001
97809,24571.47700000001
97810,24900.475000000006
97811,24614.470000000012
97812,25699.471000000012
97813,25205.478000000006
97814,24242.484000000008
97815,25180.47500000001
97816,25192.472000000012
97817,24130.473000000013
97818,24167.47800000001
97819,24998.475000000013
97820,23697.48200000001
97821,23668.47600000001
97822,23196.47200000001
97823,23945.47800000001
97824,23968.47000000001
97825,23936.47500000001
97826,24515.47800000001
97827,25423.47700000001
97828,26084.47300000001
97829,25695.466000000004
97830,26227.464000000007
97831,26411.458000000006
97832,25779.450000000008
97833,24949.448000000004
97834,25787.440000000006
97835,25448.43400000001
97836,24853.432000000008
97837,25033.43600000001
97838,23638.446000000007
97839,22788.446000000007
97840,22022.445000000007
97841,22088.439000000006
97842,23058.446000000007
97843,22888.450000000004
97844,21964.443000000003
97845,21716.437000000005
97846,21688.437000000005
97847,19981.430000000008
97848,21083.432000000004
97849,22271.429000000004
97850,21931.422000000006
97851,22405.410000000003
97852,21598.408000000003
97853,22929.405000000002
97854,22995.410000000003
97855,22995.416000000005
97856,23517.415
97857,24421.411000000004
97858,24044.405000000002
97859,23201.406000000003
97860,23194.407000000003
97861,23319.414000000004
97862,21462.416000000005
97863,20597.415000000008
97864,20793.417000000005
97865,20157.420000000006
97866,19489.421000000006
97867,18435.425000000003
97868,18234.417
97869,17538.425000000003
97870,18841.424000000003
97871,19449.419
97872,20912.420000000006
97873,19461.425000000003
97874,19012.422000000002
97875,18890.414000000004
97876,19480.411000000004
97877,18595.416
97878,19016.411000000004
97879,19483.409000000003
97880,17782.409000000003
97881,16599.413000000004
97882,17357.406000000003
97883,18859.402000000002
97884,18964.403000000002
97885,19333.397
97886,20701.378
97887,20919.372
97888,20961.362999999998
97889,21370.354
97890,21928.340999999997
97891,21704.339999999997
97892,19865.343999999997
97893,18602.342
97894,17723.344
97895,17347.351
97896,16002.355
97897,15540.363000000001
97898,14324.365000000002
97899,13042.366000000004
97900,12773.370000000003
97901,12672.369000000002
97902,13456.378000000002
97903,13540.381000000005
97904,13420.385000000004
97905,14329.393000000007
97906,15107.398000000007
97907,15059.39600000001
97908,15058.400000000007
97909,15709.405000000008
97910,16611.414000000008
97911,15556.430000000013
97912,13994.441000000015
97913,13919.461000000016
97914,13062.47900000002
97915,11331.502000000019
97916,9577.52400000002
97917,7589.544000000016
97918,4480.583000000011
97919,1901.6219999999964
97920,1695.4319999999966
97921,3235.4170000000054
97922,4285.414000000017
97923,5170.409000000017
97924,6805.405000000018
97925,7900.402000000023
97926,8823.39500000002
97927,9293.39500000002
97928,10123.391000000021
97929,11313.386000000019
97930,13393.38300000002
97931,12863.380000000016
97932,12547.381000000014
97933,12669.375000000015
97934,11714.379000000012
97935,11959.37800000001
97936,11839.383000000009
97937,12707.377000000008
97938,12572.37800000001
97939,12502.378000000006
97940,11225.373000000005
97941,13185.368000000004
97942,15130.357000000002
97943,16093.350000000002
97944,16391.343
97945,17121.335000000003
97946,18266.325999999997
97947,18906.318999999996
97948,19599.312999999995
97949,20209.309999999994
97950,20071.314999999995
97951,18311.318999999996
97952,17456.318
97953,17631.321999999996
97954,19211.323999999997
97955,18904.322999999997
97956,17929.326999999997
97957,16572.33
97958,17512.321999999996
97959,17597.320999999996
97960,18727.309999999998
97961,19657.305999999997
97962,19447.310999999998
97963,18752.309999999998
97964,18212.305999999997
97965,18237.301
97966,18542.299
97967,18947.297
97968,17607.292
97969,17387.288999999997
97970,17054.289999999997
97971,16176.294000000002
97972,15398.287000000002
97973,15903.289000000002
97974,15178.283000000003
97975,15873.281000000003
97976,16688.272
97977,16611.269
97978,17579.260000000002
97979,16667.258
97980,16147.252000000002
97981,16497.252
97982,16467.252000000004
97983,16637.250000000004
97984,16680.243000000002
97985,15195.247000000003
97986,15515.245000000004
97987,16125.240000000005
97988,15965.239000000005
97989,16680.234000000004
97990,18278.226000000006
97991,18608.220000000005
97992,19378.212000000003
97993,19033.205000000005
97994,20180.200000000004
97995,20295.204000000005
97996,19445.203000000005
97997,18495.200000000004
97998,17685.192000000006
97999,16644.195000000007
98000,15864.194000000005
98001,15297.189000000004
98002,14719.188000000004
98003,14534.190000000004
98004,13964.188000000004
98005,14222.181000000002
98006,15182.184000000003
98007,15767.184000000003
98008,15790.183000000005
98009,16580.182000000004
98010,15755.190000000004
98011,15932.193000000005
98012,15745.195000000005
98013,16533.196000000004
98014,16508.199000000004
98015,15728.201000000006
98016,14925.203000000007
98017,15675.208000000004
98018,16242.211000000005
98019,16637.212000000007
98020,19184.211000000007
98021,19225.206000000006
98022,20043.20100000001
98023,19263.205000000005
98024,18878.204000000005
98025,18883.206000000006
98026,18893.204000000005
98027,18546.200000000004
98028,17756.203000000005
98029,16381.205000000005
98030,15631.199000000004
98031,15441.198000000004
98032,15849.196000000004
98033,15994.203000000003
98034,15809.202000000003
98035,15614.201000000003
98036,17761.200000000004
98037,17936.201000000005
98038,17569.199000000004
98039,18736.198000000004
98040,17399.196
98041,18364.197000000004
98042,17989.196000000004
98043,18984.195000000003
98044,19554.198000000004
98045,18774.198000000004
98046,17378.201000000005
98047,17391.200000000004
98048,18175.199000000004
98049,18762.198000000004
98050,21680.200000000004
98051,20493.204000000005
98052,20691.205000000005
98053,19714.205000000005
98054,19524.204000000005
98055,19719.204000000005
98056,19334.204000000005
98057,19719.202000000005
98058,19319.203000000005
98059,18354.201000000005
98060,17381.2
98061,16809.2
98062,16604.202
98063,16771.204
98064,16984.202
98065,16229.201000000003
98066,18194.200000000004
98067,17414.200000000004
98068,17029.199
98069,17419.199
98070,16611.2
98071,17361.202
98072,17536.204000000005
98073,17531.205000000005
98074,18123.202000000005
98075,17908.206000000006
98076,17316.208000000006
98077,18286.209000000006
98078,19066.209000000006
98079,20241.209000000006
98080,21801.209000000006
98081,21411.209000000006
98082,21231.208000000006
98083,20066.208000000006
98084,18906.207000000006
98085,18906.207000000006
98086,18371.202000000005
98087,18001.201000000005
98088,18239.195000000003
98089,18209.200000000004
98090,18241.197000000004
98091,18236.195000000003
98092,17846.195000000003
98093,17818.199000000004
98094,19003.196000000004
98095,18993.198000000004
98096,19792.195000000003
98097,19038.193000000003
98098,18820.195000000003
98099,18046.195000000003
98100,17431.198000000004
98101,17994.201
98102,18182.201000000005
98103,18162.202000000005
98104,17592.202000000005
98105,17779.202000000005
98106,17972.203000000005
98107,18147.204000000005
98108,18777.198000000004
98109,19934.199000000004
98110,21509.198000000004
98111,20724.199000000004
98112,21117.197000000004
98113,20527.197000000004
98114,19727.197000000004
98115,18957.192000000003
98116,18752.193000000003
98117,19347.192000000003
98118,19742.189000000002
98119,19734.188000000006
98120,20316.186000000005
98121,19744.187000000005
98122,20144.185000000005
98123,20934.185000000005
98124,21534.182000000004
98125,22094.185000000005
98126,22102.185000000005
98127,21727.181000000004
98128,21502.187000000005
98129,21484.187000000005
98130,20322.181000000004
98131,21502.178000000004
98132,20547.175000000003
98133,19952.179000000004
98134,20142.179000000004
98135,19547.178000000004
98136,19919.181000000004
98137,19701.182000000004
98138,19909.181000000004
98139,20699.179000000004
98140,21856.181000000004
98141,20671.180000000008
98142,21246.182000000008
98143,20676.179000000007
98144,20686.174000000006
98145,20283.174000000003
98146,19716.176000000003
98147,21288.174000000003
98148,22663.173000000003
98149,22463.176000000003
98150,22658.175000000003
98151,22258.171000000002
98152,22641.171000000002
98153,23611.170000000006
98154,23226.170000000002
98155,23666.168000000005
98156,23286.166000000005
98157,22316.165000000005
98158,22283.170000000006
98159,22323.170000000002
98160,21363.166000000005
98161,21148.172000000006
98162,20183.170000000002
98163,19818.167
98164,19635.169
98165,19227.172000000002
98166,19979.174000000006
98167,20151.180000000004
98168,20157.184000000005
98169,20517.186000000005
98170,21677.190000000006
98171,21485.192000000006
98172,22065.194000000007
98173,20954.192000000006
98174,21542.194000000007
98175,21147.193000000007
98176,20942.197000000007
98177,21907.20300000001
98178,22867.207000000006
98179,22847.212000000007
98180,23439.214000000007
98181,22849.216000000008
98182,22274.217000000008
98183,23455.214000000007
98184,24057.217000000008
98185,24475.210000000003
98186,24871.216000000004
98187,23723.216000000004
98188,23319.217000000004
98189,22361.215000000004
98190,22196.217000000004
98191,22181.223000000005
98192,22600.221000000005
98193,22037.226000000006
98194,22119.221000000005
98195,22371.215000000004
98196,22002.218000000004
98197,22127.219000000005
98198,21404.215000000004
98199,22205.222000000005
98200,23423.218000000004
98201,23247.218000000004
98202,24029.220000000005
98203,23294.222000000005
98204,24034.226000000006
98205,22297.225000000006
98206,22844.229000000007
98207,23196.230000000007
98208,25329.232000000007
98209,25165.233000000007
98210,24936.236000000008
98211,25156.235000000008
98212,24818.229000000007
98213,25769.234000000008
98214,26432.232000000007
98215,27235.234000000004
98216,27491.230000000003
98217,26731.229000000003
98218,25936.227000000006
98219,25002.232000000004
98220,26785.233000000004
98221,26598.231000000007
98222,26682.226000000006
98223,25052.233000000007
98224,25049.234000000004
98225,25719.227000000003
98226,25767.224000000002
98227,25651.222
98228,25319.22
98229,25143.222000000005
98230,26142.225000000002
98231,25511.226000000002
98232,26503.224000000002
98233,25811.22
98234,26026.223
98235,24326.224
98236,24514.226
98237,26128.223
98238,26981.224000000002
98239,26541.23
98240,26178.23
98241,25806.231000000003
98242,25300.225000000002
98243,26680.219
98244,27139.217
98245,27736.214
98246,28128.211
98247,27910.215
98248,26898.218
98249,26512.218
98250,27641.223
98251,28799.222
98252,28042.22
98253,26807.22
98254,26971.225000000002
98255,26924.228000000003
98256,26800.226000000002
98257,25864.224000000002
98258,26317.22
98259,26594.216
98260,26480.218
98261,25829.222
98262,26504.217
98263,25985.216
98264,26161.219
98265,24198.221
98266,23986.222
98267,24357.222
98268,26091.226000000002
98269,25460.229
98270,25634.228000000003
98271,25677.227000000003
98272,25596.224000000006
98273,26500.226000000006
98274,26678.225000000002
98275,27619.226
98276,27179.228000000003
98277,27607.223
98278,26400.225
98279,25670.222
98280,27306.218000000004
98281,28469.218
98282,28468.219
98283,27518.220000000005
98284,28417.215
98285,28228.215000000004
98286,28344.209
98287,27367.208
98288,26350.209
98289,26552.212999999996
98290,26686.219999999998
98291,25575.22
98292,26054.222
98293,24892.232
98294,25198.225000000002
98295,23400.225000000002
98296,23974.225000000002
98297,24861.222
98298,26192.227
98299,26010.224000000002
98300,26338.227
98301,26819.226
98302,26492.228
98303,28803.219999999998
98304,28757.22
98305,29544.228
98306,30176.224
98307,30846.236
98308,30606.244
98309,30119.235
98310,30640.244000000002
98311,31453.244000000002
98312,31281.243
98313,30532.246
98314,31391.243000000002
98315,31415.24
98316,31131.24
98317,29420.241
98318,28217.245000000003
98319,27451.249000000003
98320,27733.248
98321,26355.243000000002
98322,26818.241
98323,25897.242000000002
98324,25690.246000000003
98325,24107.249
98326,25064.252
98327,25617.257
98328,26820.257
98329,27035.264
98330,27802.273
98331,28086.275
98332,28053.278
98333,30593.272999999997
98334,30758.272
98335,31304.278000000002
98336,30538.279000000002
98337,30665.275
98338,30546.272000000004
98339,30588.268000000004
98340,31490.270000000004
98341,32270.270000000004
98342,32334.271000000004
98343,32325.270000000004
98344,32746.264000000003
98345,33141.263000000006
98346,32172.257
98347,31408.247000000003
98348,30187.256
98349,29621.266000000003
98350,29225.261000000002
98351,28837.260000000002
98352,28782.260000000002
98353,27364.255000000005
98354,26950.255000000005
98355,24920.258000000005
98356,25184.254000000004
98357,25990.248000000003
98358,27187.243000000006
98359,27246.244000000006
98360,27982.238000000005
98361,28312.241000000005
98362,28766.232
98363,30743.229000000007
98364,30548.227000000003
98365,32779.225000000006
98366,32308.226000000002
98367,32661.228000000003
98368,32654.224000000002
98369,32328.218
98370,33131.202000000005
98371,34118.19699999999
98372,34028.199
98373,33915.189999999995
98374,33835.189999999995
98375,33198.195
98376,32136.199000000004
98377,30078.190000000002
98378,29793.181
98379,30162.170000000002
98380,29527.168
98381,29771.165
98382,29327.165999999997
98383,27993.162000000004
98384,27568.154000000002
98385,26002.152000000002
98386,26363.148000000005
98387,27528.143000000004
98388,29292.137000000002
98389,29872.133
98390,30868.126000000004
98391,30972.124
98392,30851.123000000003
98393,32223.122
98394,32715.116
98395,35028.115999999995
98396,35033.111999999994
98397,35091.11499999999
98398,34343.112
98399,33105.114
98400,32518.111
98401,33516.111000000004
98402,34166.10600000001
98403,33556.104999999996
98404,33769.102999999996
98405,32743.104000000003
98406,32205.101000000002
98407,30786.102000000003
98408,28988.106000000003
98409,29757.105
98410,29539.106000000003
98411,29147.101
98412,28752.102000000003
98413,27465.111
98414,26733.107
98415,25430.106000000003
98416,26577.104000000003
98417,26557.108000000004
98418,27926.105000000003
98419,28908.103000000003
98420,30223.105000000003
98421,30351.107000000004
98422,29953.106000000003
98423,30243.113000000005
98424,30220.110000000004
98425,32425.106000000003
98426,32830.105
98427,33215.10400000001
98428,33589.103
98429,32820.103
98430,32921.092000000004
98431,33459.096000000005
98432,34618.094
98433,33673.091
98434,33607.094
98435,32432.093000000004
98436,31799.094
98437,30874.093
98438,29337.093000000004
98439,30242.089000000004
98440,29982.087000000003
98441,28988.086000000007
98442,28909.088000000007
98443,28542.087000000007
98444,28326.077000000005
98445,27096.076000000005
98446,27514.073000000004
98447,27324.070000000003
98448,28435.074000000004
98449,29275.070000000003
98450,29860.068000000003
98451,29882.067000000003
98452,28643.069000000003
98453,29776.070000000003
98454,30563.069000000003
98455,32683.068000000003
98456,32883.065
98457,33913.063
98458,34758.058000000005
98459,32778.059
98460,32720.064000000006
98461,33340.061
98462,34550.057
98463,33240.058000000005
98464,33825.058
98465,32585.053000000004
98466,31930.049000000003
98467,31345.050000000003
98468,29540.056000000004
98469,30705.059000000005
98470,31150.058000000005
98471,30130.062000000005
98472,30140.060000000005
98473,29755.059000000005
98474,28780.059000000005
98475,27800.060000000005
98476,29235.056000000004
98477,28880.055000000004
98478,30080.054000000004
98479,31055.055000000004
98480,30705.052000000003
98481,30935.051000000003
98482,30595.051000000003
98483,31385.049000000003
98484,31155.051000000003
98485,33350.046
98486,33075.044
98487,33620.047000000006
98488,34210.046
98489,32420.049000000003
98490,33035.05
98491,33580.054000000004
98492,33835.052
98493,33180.047000000006
98494,33510.05
98495,32995.05500000001
98496,31440.054000000004
98497,31310.055000000004
98498,30305.057000000004
98499,31260.056000000004
98500,31540.054000000007
98501,30785.054000000007
98502,30595.053000000004
98503,30575.053000000004
98504,30375.054000000007
98505,28615.055000000004
98506,29750.057000000004
98507,29095.052000000003
98508,29835.055000000008
98509,30245.056000000004
98510,30485.052000000007
98511,30570.054000000004
98512,30145.056000000004
98513,31170.056000000004
98514,30785.058000000005
98515,32375.057000000008
98516,32135.062000000005
98517,33310.061
98518,33430.066000000006
98519,32555.066000000006
98520,33625.062
98521,34405.062
98522,34200.064
98523,33620.064000000006
98524,33995.067
98525,33400.065
98526,31870.064000000006
98527,31515.063000000006
98528,30550.062000000005
98529,32330.057000000004
98530,31915.057000000004
98531,31275.058000000005
98532,31135.058000000005
98533,30155.062000000005
98534,29760.063000000006
98535,29815.062000000005
98536,30590.064000000006
98537,29425.068000000007
98538,30260.067000000006
98539,30615.070000000007
98540,30705.06700000001
98541,31505.072000000007
98542,30510.07600000001
98543,31180.074000000008
98544,30790.074000000008
98545,31215.072000000007
98546,31640.070000000007
98547,32590.071000000007
98548,33145.07200000001
98549,30980.07700000001
98550,31580.074000000008
98551,32390.068000000007
98552,32615.067000000006
98553,31860.067000000006
98554,32675.065000000006
98555,32350.063000000006
98556,31840.058000000005
98557,31620.058000000005
98558,30905.055000000004
98559,32275.055000000004
98560,31810.051000000003
98561,31760.051000000003
98562,31360.053000000004
98563,31730.052000000003
98564,30990.055000000004
98565,30995.055000000004
98566,31970.055000000004
98567,31935.057000000004
98568,32710.060000000005
98569,33345.060000000005
98570,33510.062000000005
98571,34160.060000000005
98572,33805.058
98573,34250.058
98574,33635.060000000005
98575,32825.066000000006
98576,33035.064000000006
98577,32625.068000000007
98578,33085.064000000006
98579,31160.06400000001
98580,31875.067000000006
98581,31875.067000000006
98582,32285.069000000007
98583,31585.063000000006
98584,33040.05500000001
98585,32785.05700000001
98586,32100.054000000007
98587,31480.057000000004
98588,31055.059000000005
98589,32125.055000000008
98590,31960.054000000007
98591,30805.056000000008
98592,30620.055000000004
98593,31765.055000000004
98594,31540.056000000008
98595,31315.058000000005
98596,32135.055000000004
98597,32950.054000000004
98598,33730.054000000004
98599,34510.05500000001
98600,34670.057
98601,34875.056000000004
98602,35040.058000000005
98603,34795.058000000005
98604,33315.057
98605,32945.058000000005
98606,33390.056000000004
98607,33355.058000000005
98608,33610.056000000004
98609,32100.057000000008
98610,31965.055000000008
98611,33080.056000000004
98612,33020.058000000005
98613,32215.058000000005
98614,33505.05500000001
98615,33175.054000000004
98616,32410.051000000007
98617,32080.050000000007
98618,31270.051000000007
98619,32255.050000000007
98620,32615.051000000007
98621,32195.053000000007
98622,32120.049000000006
98623,32955.047000000006
98624,32820.045000000006
98625,32030.048000000006
98626,32745.052000000007
98627,33010.05700000001
98628,33590.060000000005
98629,34990.05900000001
98630,35755.058000000005
98631,35435.054000000004
98632,34720.056000000004
98633,34370.053
98634,34000.054000000004
98635,34175.053
98636,34235.05100000001
98637,34140.049999999996
98638,34180.053
98639,33835.049
98640,33075.05
98641,33270.049999999996
98642,33395.056000000004
98643,32515.06100000001
98644,32680.06200000001
98645,33280.05900000001
98646,31825.06300000001
98647,31890.06100000001
98648,30950.05900000001
98649,30730.058000000008
98650,31120.05900000001
98651,31115.06300000001
98652,31175.06100000001
98653,32000.057000000008
98654,32020.060000000012
98655,31600.06000000001
98656,32845.06100000001
98657,33140.062000000005
98658,34680.06100000001
98659,35570.063
98660,35395.064
98661,34835.064000000006
98662,34830.06500000001
98663,34185.06800000001
98664,33920.063
98665,33500.06500000001
98666,34180.05700000001
98667,33765.058000000005
98668,33990.05700000001
98669,33800.05700000001
98670,33460.05700000001
98671,33695.05700000001
98672,33695.05900000001
98673,33570.06000000001
98674,34445.06100000001
98675,34325.06000000001
98676,33155.06000000001
98677,33005.06100000001
98678,31665.06500000001
98679,31670.06400000001
98680,33120.06300000001
98681,33160.06000000001
98682,32320.06200000001
98683,32145.06100000001
98684,31555.06200000001
98685,31470.06100000001
98686,32905.05700000001
98687,32355.054000000007
98688,33560.052
98689,34595.05
98690,33970.048
98691,33805.046
98692,34535.042
98693,34555.038
98694,34555.03800000001
98695,34345.041000000005
98696,33145.045000000006
98697,33530.045
98698,33630.049
98699,33055.047000000006
98700,33775.049000000006
98701,34690.051
98702,33805.056000000004
98703,33125.060000000005
98704,33815.063
98705,33390.065
98706,32280.071000000007
98707,32485.069000000007
98708,32160.06600000001
98709,31845.07000000001
98710,33200.07200000001
98711,31795.075000000008
98712,31325.072000000007
98713,31380.07100000001
98714,31430.06700000001
98715,31620.06900000001
98716,32800.06700000001
98717,33225.05600000001
98718,33610.05700000001
98719,34655.05300000001
98720,33280.05700000001
98721,33140.05600000001
98722,34065.05600000001
98723,34045.05500000001
98724,33699.05300000001
98725,33809.05600000001
98726,33064.05400000001
98727,33644.05500000001
98728,33679.05400000001
98729,33104.057000000015
98730,32454.06000000001
98731,33619.06100000001
98732,33034.062000000005
98733,32439.06400000001
98734,32799.06700000001
98735,32189.068000000007
98736,31814.065000000006
98737,31174.066000000006
98738,31544.065000000006
98739,31314.067000000006
98740,32879.066000000006
98741,31762.06500000001
98742,32317.06600000001
98743,32652.06700000001
98744,32047.073000000008
98745,32263.073000000008
98746,33638.07200000001
98747,34023.07400000001
98748,34819.07400000001
98749,35354.075000000004
98750,34244.07400000001
98751,35094.07000000001
98752,35119.07
98753,34968.069
98754,33690.07600000001
98755,33090.081000000006
98756,32360.08500000001
98757,32560.08500000001
98758,31400.08900000001
98759,31965.08800000001
98760,32100.091000000008
98761,33095.09400000001
98762,31405.09300000001
98763,31429.09200000001
98764,32425.09100000001
98765,31920.09000000001
98766,31530.09100000001
98767,31115.092000000008
98768,30504.094000000012
98769,30369.09700000001
98770,31493.09900000001
98771,29333.10400000001
98772,30915.10000000001
98773,32150.09700000001
98774,32492.09800000001
98775,32717.09700000001
98776,33267.100000000006
98777,33662.10200000001
98778,34267.10300000001
98779,34414.105
98780,33892.10300000001
98781,34937.09900000001
98782,35847.09300000001
98783,34782.098000000005
98784,33617.098000000005
98785,33631.098000000005
98786,32635.09900000001
98787,32575.10100000001
98788,32433.10000000001
98789,32540.10300000001
98790,32554.10100000001
98791,34296.099
98792,32995.09900000001
98793,32495.098000000013
98794,32840.09400000001
98795,32562.08900000001
98796,32772.087000000014
98797,32030.092000000008
98798,31835.093000000008
98799,31605.098000000005
98800,32590.098000000005
98801,31019.09900000001
98802,30759.105000000007
98803,32103.11000000001
98804,32862.11500000001
98805,33373.12000000001
98806,33863.122
98807,34483.124
98808,35238.127
98809,35553.130000000005
98810,35273.128000000004
98811,35779.125
98812,36189.130000000005
98813,35101.130000000005
98814,34130.13500000001
98815,34398.134
98816,33344.134
98817,33149.136000000006
98818,33117.135
98819,33388.13700000001
98820,34008.135
98821,35110.133
98822,34319.132000000005
98823,34043.14000000001
98824,34263.14500000001
98825,33360.143000000004
98826,32968.144
98827,32301.14800000001
98828,31214.149000000012
98829,30911.15200000001
98830,31315.153000000006
98831,30756.152000000006
98832,31417.155000000006
98833,31982.159000000007
98834,32572.161000000007
98835,32852.164000000004
98836,34148.170000000006
98837,35009.17
98838,35898.171
98839,36036.166000000005
98840,36127.167
98841,37072.168999999994
98842,37627.172
98843,36769.18
98844,36779.18
98845,36618.187999999995
98846,35598.193999999996
98847,35562.19299999999
98848,34835.198
98849,34954.193
98850,35572.193999999996
98851,35382.2
98852,34188.205
98853,34202.205
98854,34757.209
98855,34247.21
98856,33653.213
98857,33718.214
98858,33129.21000000001
98859,33747.213
98860,33307.213
98861,31131.216000000004
98862,31368.221000000005
98863,32454.213000000003
98864,32332.212000000003
98865,32473.221000000005
98866,33371.222
98867,33390.228
98868,35107.224
98869,35139.226
98870,36190.22
98871,38367.221000000005
98872,38951.22200000001
98873,38184.22200000001
98874,38118.225000000006
98875,37882.229
98876,37282.232
98877,36630.238000000005
98878,36055.242000000006
98879,34416.243
98880,34418.249
98881,35443.257
98882,35054.257
98883,35237.261000000006
98884,36256.265
98885,35715.272000000004
98886,35430.27100000001
98887,35148.27000000001
98888,34574.26900000001
98889,35446.26900000001
98890,34467.27400000001
98891,32303.279000000013
98892,33113.28200000001
98893,34513.28400000001
98894,34761.27900000001
98895,34888.28400000001
98896,35620.28300000001
98897,35935.28400000001
98898,36350.28600000001
98899,37010.29200000001
98900,37786.295000000006
98901,38528.295000000006
98902,38759.29600000001
98903,37778.29500000001
98904,37938.30100000001
98905,37746.30300000001
98906,37309.30400000001
98907,37913.29900000001
98908,37858.29900000001
98909,36454.305000000015
98910,36774.305000000015
98911,38505.30300000001
98912,37663.30500000001
98913,37223.30100000001
98914,37473.30400000001
98915,37474.30500000001
98916,37990.30700000001
98917,37484.31200000001
98918,37024.31200000001
98919,36831.31500000001
98920,36658.31700000001
98921,35020.32100000001
98922,36388.32600000001
98923,36916.33200000001
98924,36727.32900000001
98925,36886.33800000001
98926,37774.339000000014
98927,37232.35100000002
98928,37862.34800000001
98929,38913.34800000001
98930,39917.34400000001
98931,41010.342000000004
98932,41055.351
98933,40426.35500000001
98934,40401.355
98935,39983.354
98936,38831.359000000004
98937,39501.356
98938,40075.358
98939,39300.36000000001
98940,39360.364
98941,40244.377
98942,38954.37800000001
98943,38661.38100000001
98944,38675.38400000001
98945,38427.38900000001
98946,39132.38500000002
98947,39312.38800000001
98948,38096.39700000001
98949,38440.398000000016
98950,38860.39300000002
98951,37070.39300000001
98952,38560.392000000014
98953,38776.40000000001
98954,39213.39700000001
98955,39698.39600000001
98956,41323.39100000002
98957,40997.39700000002
98958,41653.40100000002
98959,41974.41500000002
98960,41077.425000000025
98961,41488.43400000002
98962,41934.438000000024
98963,41945.44100000002
98964,42631.44300000002
98965,42994.429000000026
98966,42404.431000000026
98967,42601.42900000002
98968,42870.432000000015
98969,41750.436000000016
98970,41361.440000000024
98971,42915.43600000002
98972,41800.44500000002
98973,41455.450000000026
98974,41098.45300000002
98975,41620.451000000015
98976,40643.45400000001
98977,41262.45800000002
98978,41090.45800000003
98979,41735.46000000003
98980,42417.46900000002
98981,41150.46900000003
98982,41225.47500000002
98983,41977.48200000002
98984,41552.49600000001
98985,41438.498000000014
98986,43219.50800000001
98987,42457.50700000001
98988,43271.506000000016
98989,43367.51400000002
98990,42898.525000000016
98991,43429.53200000002
98992,43226.529000000024
98993,43465.536000000015
98994,44169.54600000001
98995,43925.55000000001
98996,42970.55600000001
98997,42831.56000000001
98998,42213.56400000003
98999,41687.57000000002
99000,40511.57900000003
99001,40964.58700000002
99002,41599.58000000002
99003,41485.578000000016
99004,41237.58200000001
99005,41158.574000000015
99006,40605.57300000002
99007,41262.57500000001
99008,41474.576000000015
99009,41564.576000000015
99010,42292.58100000002
99011,41012.578000000016
99012,41462.58100000002
99013,41822.57800000002
99014,41524.574000000015
99015,41808.57600000002
99016,43392.58100000003
99017,42712.57800000002
99018,43217.57700000001
99019,43175.58000000003
99020,43332.57800000003
99021,43850.582000000024
99022,43427.58100000002
99023,43448.593000000015
99024,44901.58900000002
99025,44269.58900000002
99026,43564.58700000002
99027,43737.59300000002
99028,43781.587000000014
99029,43212.595000000016
99030,42212.59900000002
99031,42937.60600000002
99032,42898.61000000002
99033,42918.60800000002
99034,42872.612000000016
99035,42581.61700000002
99036,41311.622000000025
99037,41359.62800000002
99038,41474.62600000001
99039,41153.62200000002
99040,42431.61300000001
99041,41398.610000000015
99042,42128.612000000016
99043,43089.60900000001
99044,41939.610000000015
99045,43071.61200000001
99046,44405.601
99047,43705.596
99048,43511.60000000001
99049,44371.60100000001
99050,44023.601
99051,44121.61200000001
99052,44413.604000000014
99053,43922.604000000014
99054,45453.61300000001
99055,44507.619000000006
99056,44417.61400000001
99057,44640.61100000001
99058,44704.609000000004
99059,44719.60799999999
99060,43624.617
99061,43667.62600000001
99062,43492.629
99063,43482.633
99064,43673.631
99065,43175.634
99066,42576.63500000001
99067,43530.64100000001
99068,42634.640000000014
99069,41680.64200000001
99070,42753.63700000002
99071,40982.65800000001
99072,41057.667000000016
99073,41920.662000000004
99074,40593.66500000001
99075,41142.66900000002
99076,42205.66800000002
99077,40948.67100000002
99078,40620.667000000016
99079,41518.66400000001
99080,42074.65400000001
99081,42344.66100000001
99082,42395.66300000001
99083,41634.670000000006
99084,41419.67200000001
99085,41338.66200000001
99086,41068.66000000002
99087,40158.65600000002
99088,40316.67100000001
99089,40430.67800000001
99090,39226.67400000002
99091,40758.667000000016
99092,41167.65500000003
99093,40181.65000000002
99094,39778.65500000003
99095,39002.653000000035
99096,39746.64600000002
99097,40741.65100000003
99098,40869.64300000002
99099,40713.645000000004
99100,41141.646000000015
99101,41099.636000000006
99102,42316.643000000025
99103,43614.633000000016
99104,43507.63500000001
99105,43491.633000000016
99106,43201.63700000002
99107,43300.64300000002
99108,43401.64300000002
99109,42141.65100000002
99110,42820.65000000002
99111,42181.64600000002
99112,42070.647000000026
99113,42153.650000000016
99114,41956.65500000002
99115,42479.64900000002
99116,41670.648000000016
99117,40565.648000000016
99118,41070.64700000002
99119,41197.637000000024
99120,40970.63100000002
99121,42411.629000000015
99122,41513.65100000002
99123,41078.642000000014
99124,41734.64200000002
99125,41255.633000000016
99126,41145.64100000002
99127,41751.63600000001
99128,41841.63900000001
99129,42027.64400000002
99130,42160.63600000002
99131,40852.62800000002
99132,40669.63400000001
99133,40229.636000000006
99134,39161.63200000001
99135,38696.63800000001
99136,38628.63300000002
99137,38120.64000000002
99138,38675.635000000024
99139,37584.63600000001
99140,37653.63900000001
99141,36575.640000000014
99142,36619.64400000001
99143,35990.644000000015
99144,36503.640000000014
99145,37587.62900000001
99146,36667.62900000001
99147,35280.63200000001
99148,35217.62700000001
99149,35317.628000000004
99150,35284.619
99151,36424.623000000014
99152,36413.618
99153,36161.621000000014
99154,36595.60800000001
99155,34887.613000000005
99156,34893.615000000005
99157,34650.60600000001
99158,34061.60400000001
99159,33510.59400000003
99160,33013.59500000002
99161,31547.592000000022
99162,31623.586000000025
99163,31891.578000000027
99164,31084.575000000023
99165,31146.573000000026
99166,31156.571000000025
99167,31772.56700000002
99168,32160.56800000002
99169,32089.574000000022
99170,32995.56900000002
99171,32843.56400000002
99172,33154.55500000002
99173,32907.552000000025
99174,33386.54700000003
99175,34287.54300000002
99176,35250.53100000002
99177,34196.52600000001
99178,34721.534000000014
99179,34653.53700000001
99180,33740.540000000015
99181,35067.53600000002
99182,34161.54100000001
99183,33945.54100000001
99184,33985.535
99185,32468.544000000013
99186,31720.543000000012
99187,32185.546000000013
99188,30545.549000000014
99189,30625.542000000012
99190,31338.541000000012
99191,29308.539000000015
99192,29873.534000000014
99193,29406.527000000016
99194,29672.52400000002
99195,29905.530000000017
99196,29516.52300000002
99197,29259.53000000002
99198,29357.533000000014
99199,30035.530000000017
99200,29558.538000000015
99201,29867.537000000015
99202,29006.53800000002
99203,29142.539000000015
99204,28650.532000000017
99205,28714.53700000002
99206,29563.54000000002
99207,29657.543000000016
99208,31050.535000000018
99209,29842.535000000018
99210,29142.530000000013
99211,29692.540000000015
99212,28793.536000000015
99213,28066.535000000018
99214,28695.531000000017
99215,28373.522000000015
99216,28478.515000000018
99217,29161.515000000018
99218,28311.519000000015
99219,28198.516000000018
99220,27060.526000000016
99221,26271.525000000016
99222,27293.518000000015
99223,27948.516000000018
99224,28647.510000000013
99225,28251.519000000015
99226,27188.522000000015
99227,25528.51600000001
99228,26155.524000000016
99229,25741.521000000015
99230,26490.518000000015
99231,26774.519000000015
99232,26931.518000000015
99233,26622.52000000001
99234,25814.53000000001
99235,26016.51900000001
99236,26311.51700000001
99237,26511.51600000001
99238,26255.51800000001
99239,26529.507000000012
99240,26298.501000000007
99241,26389.49100000001
99242,25178.49700000001
99243,24451.49300000001
99244,24461.492000000013
99245,24290.488000000012
99246,25435.48600000001
99247,26989.48500000001
99248,25645.48100000001
99249,25720.47300000001
99250,25847.47200000001
99251,25029.47000000001
99252,25870.466000000008
99253,26530.45600000001
99254,26783.45100000001
99255,27524.449000000008
99256,26257.45400000001
99257,24680.45300000001
99258,25326.457000000006
99259,25231.456000000006
99260,25614.456000000006
99261,26115.464000000007
99262,26323.448000000008
99263,26857.44000000001
99264,26323.43600000001
99265,26456.433000000008
99266,26093.437000000005
99267,25887.433000000008
99268,26090.433000000008
99269,24968.441000000006
99270,25235.432000000008
99271,25370.434000000005
99272,24563.43500000001
99273,23793.429000000007
99274,23914.427000000007
99275,22893.426000000007
99276,23415.42600000001
99277,24266.42500000001
99278,23952.414000000008
99279,24214.406000000006
99280,23736.412000000008
99281,22684.410000000007
99282,22523.414000000008
99283,22988.41600000001
99284,22949.416000000005
99285,24316.407000000007
99286,23822.403000000002
99287,23102.406000000003
99288,23218.406000000003
99289,22158.409000000003
99290,22530.408000000003
99291,22200.409000000003
99292,22285.411000000004
99293,21116.403000000002
99294,21694.404000000002
99295,21180.398000000005
99296,20968.401
99297,21195.401
99298,21165.404000000002
99299,21870.406000000003
99300,21717.408000000003
99301,22657.405
99302,23000.398
99303,22202.408000000003
99304,22274.396000000004
99305,21113.396000000004
99306,22083.393000000004
99307,21604.393
99308,20813.394
99309,19929.399999999998
99310,19923.396
99311,19322.393000000004
99312,18577.389000000003
99313,19499.392
99314,19014.396
99315,19852.396000000004
99316,19773.394000000004
99317,19986.385000000002
99318,19758.383
99319,19514.376000000004
99320,20135.380000000005
99321,19064.381
99322,19534.378000000004
99323,18383.387000000002
99324,18401.386
99325,18431.380999999998
99326,18597.375
99327,18842.368
99328,19139.362
99329,19694.355
99330,19811.347999999994
99331,20522.346999999994
99332,19725.344999999994
99333,19645.346999999994
99334,18995.346999999994
99335,18746.345999999994
99336,17405.343999999997
99337,16688.347999999998
99338,16517.359000000004
99339,15428.368000000004
99340,14282.369000000006
99341,14077.377000000008
99342,13367.389000000006
99343,12411.396000000008
99344,11879.405000000008
99345,13047.41700000001
99346,13513.42100000001
99347,13741.426000000014
99348,13882.430000000015
99349,13898.435000000018
99350,14714.447000000018
99351,12591.46000000002
99352,12429.46200000002
99353,11917.47400000002
99354,11798.491000000018
99355,9451.508000000018
99356,7066.526000000019
99357,5363.5480000000225
99358,3137.578000000006
99359,1271.6179999999968
99360,1635.4339999999963
99361,2925.425000000004
99362,4185.420000000016
99363,5681.40800000002
99364,6041.406000000021
99365,6896.403000000019
99366,8336.39300000002
99367,9237.390000000018
99368,9672.393000000018
99369,10156.393000000018
99370,12136.389000000017
99371,12288.379000000014
99372,11838.374000000014
99373,11393.360000000011
99374,11435.362000000012
99375,11825.35100000001
99376,11705.347000000007
99377,11962.349000000004
99378,12028.351000000006
99379,12240.351000000004
99380,10993.345000000005
99381,12544.341000000002
99382,13179.337000000001
99383,13416.332000000002
99384,14264.326000000001
99385,14348.325000000003
99386,15140.321000000002
99387,15525.322
99388,17085.322
99389,18113.316
99390,18446.312999999995
99391,18460.318
99392,18858.319
99393,21173.320999999996
99394,21079.318999999996
99395,21456.323999999997
99396,21451.324999999997
99397,21161.322999999997
99398,20134.326
99399,19554.321000000004
99400,19624.324
99401,18974.318
99402,17594.315
99403,17279.301
99404,17664.3
99405,17809.301
99406,17189.301
99407,17666.299
99408,17041.296000000002
99409,17098.285
99410,16326.279000000002
99411,16833.276
99412,16993.275
99413,17118.271
99414,16158.276000000002
99415,15293.27
99416,15426.276000000002
99417,14731.276000000002
99418,15946.270000000002
99419,16101.268000000002
99420,16681.264000000003
99421,16673.258
99422,16628.255000000005
99423,17218.261000000002
99424,18073.262000000002
99425,19063.260000000002
99426,18858.256
99427,19473.245000000003
99428,18668.244000000002
99429,18521.235000000004
99430,17699.229000000003
99431,17996.223
99432,16999.220000000005
99433,15447.215000000004
99434,15417.211000000005
99435,14992.212000000005
99436,15819.207000000004
99437,16599.200000000004
99438,16019.195000000003
99439,16381.192000000003
99440,17359.186
99441,17159.181
99442,17736.181
99443,17934.181
99444,15789.182000000003
99445,15609.184000000003
99446,15249.181000000002
99447,15249.181000000002
99448,16024.186000000003
99449,15644.186000000003
99450,15029.190000000004
99451,15771.194000000003
99452,16166.193000000003
99453,17106.198
99454,19454.197000000004
99455,20603.198
99456,20421.197
99457,20441.196000000004
99458,19648.199
99459,19846.201
99460,19496.198999999997
99461,19111.199000000004
99462,18926.197
99463,18518.2
99464,17933.203000000005
99465,17556.203000000005
99466,18541.2
99467,18131.201000000005
99468,17564.199
99469,17549.202000000005
99470,17919.203
99471,18119.203
99472,18294.204
99473,17314.205000000005
99474,15528.208000000006
99475,15348.207000000006
99476,14373.207000000006
99477,15163.207000000004
99478,15353.206000000006
99479,14968.205000000005
99480,14563.206000000004
99481,15133.208000000004
99482,15749.206000000004
99483,17516.206000000002
99484,19286.206000000002
99485,20489.202
99486,20699.199
99487,20284.2
99488,20104.198
99489,20499.197
99490,19914.197
99491,19949.192000000003
99492,20147.191000000003
99493,20364.189000000002
99494,19782.188000000002
99495,19372.192000000003
99496,19764.187
99497,18987.187
99498,18757.190000000002
99499,19532.188000000002
99500,20517.187
99501,20527.186
99502,20347.183
99503,19372.185
99504,17592.190000000002
99505,17157.194000000003
99506,16012.192000000003
99507,16554.195000000003
99508,15774.195000000003
99509,16004.190000000004
99510,15624.188000000004
99511,17014.183000000005
99512,16614.185000000005
99513,18329.193000000003
99514,20092.192000000003
99515,21277.189000000002
99516,22067.186
99517,21252.191000000003
99518,21632.193
99519,22212.194
99520,21432.194000000003
99521,20652.194
99522,20647.194
99523,21022.195
99524,20427.196
99525,19052.198
99526,19472.191
99527,19092.192
99528,18497.194
99529,18887.194
99530,19862.194
99531,20257.194
99532,20662.192000000003
99533,20087.190000000002
99534,19124.187
99535,18709.19
99536,17709.190000000002
99537,18479.192
99538,18269.193
99539,17499.194000000003
99540,16759.191000000003
99541,17329.193000000003
99542,17302.196000000004
99543,18457.196
99544,20012.197
99545,20969.203
99546,21179.202
99547,19241.203
99548,20044.202
99549,21224.202
99550,20809.205
99551,19999.211000000003
99552,20004.210000000003
99553,20629.203
99554,20629.203
99555,20454.200000000004
99556,21259.195000000003
99557,21626.193000000003
99558,20276.192000000003
99559,19861.193000000003
99560,20826.191000000003
99561,20459.188000000002
99562,20811.192000000003
99563,19421.195000000003
99564,17868.194000000003
99565,17298.192000000003
99566,17906.181
99567,18681.182
99568,18294.182
99569,19274.179
99570,18079.181
99571,18454.182
99572,18244.185
99573,21169.184
99574,21954.183
99575,22939.181000000004
99576,22726.183
99577,20561.184000000005
99578,21151.183
99579,22551.180000000004
99580,22551.179000000004
99581,22711.179000000004
99582,23104.179000000004
99583,22914.178
99584,22569.175
99585,22969.177
99586,22387.175
99587,22589.173
99588,21234.171
99589,20224.173
99590,21183.172
99591,20221.167
99592,20799.167
99593,19591.170000000002
99594,18619.171000000002
99595,18029.171000000002
99596,18024.172000000002
99597,18984.171000000002
99598,19584.169
99599,19730.177
99600,18927.181
99601,19321.183
99602,19180.181
99603,21343.185
99604,22136.186
99605,22891.190000000002
99606,23088.190000000002
99607,21503.193000000003
99608,20918.202000000005
99609,21743.201000000005
99610,21739.207000000006
99611,21556.210000000006
99612,22713.212000000007
99613,22328.216000000004
99614,22583.211000000003
99615,22989.209000000006
99616,22964.215000000007
99617,23353.215000000007
99618,22377.217000000008
99619,22407.217000000004
99620,22650.212000000007
99621,21671.215000000004
99622,22671.210000000003
99623,22092.212000000003
99624,20917.210000000006
99625,20343.214
99626,20166.217
99627,21164.217
99628,20996.215
99629,20839.212
99630,20338.208
99631,21135.207000000002
99632,20894.215
99633,22936.209
99634,23926.207000000002
99635,24931.209000000003
99636,25230.211000000003
99637,23912.207000000006
99638,23693.210000000003
99639,24692.209000000003
99640,24903.214000000004
99641,24739.213000000003
99642,24928.214000000004
99643,25249.218
99644,25241.22
99645,25244.22
99646,25300.22
99647,26215.222
99648,25408.223
99649,25027.223
99650,25249.221
99651,24729.217
99652,24743.216
99653,24550.217
99654,23194.22
99655,22624.222
99656,22387.215
99657,22971.216
99658,22587.221
99659,22794.215
99660,22791.215
99661,23027.214
99662,21662.215
99663,23480.213000000003
99664,24320.209
99665,25336.205
99666,26385.201
99667,26436.2
99668,25636.204
99669,27329.197
99670,26756.197
99671,27141.197
99672,26727.202
99673,27490.205
99674,27691.202
99675,27109.202
99676,26771.2
99677,27516.201
99678,25775.202
99679,25977.201
99680,26393.198
99681,25572.202999999998
99682,25550.206
99683,25512.209
99684,23980.206
99685,23424.201
99686,22189.2
99687,23390.198
99688,23835.198
99689,24513.202999999998
99690,24753.202
99691,25609.199
99692,25677.198
99693,27502.193
99694,27503.196
99695,28281.197
99696,29433.196
99697,28632.198
99698,26913.2
99699,28528.192000000003
99700,28217.188000000002
99701,28754.191
99702,28571.19
99703,29351.19
99704,29151.192
99705,29268.198
99706,28905.192
99707,28623.194
99708,27085.196
99709,28040.183
99710,28182.184
99711,27615.185999999998
99712,27836.19
99713,27877.19
99714,25727.19
99715,25404.193000000003
99716,23897.195000000003
99717,24691.196000000004
99718,24840.197000000004
99719,24851.199000000004
99720,24869.200000000004
99721,25742.203999999998
99722,26282.196
99723,27942.191
99724,27773.189
99725,28539.189
99726,29828.193
99727,28458.193000000003
99728,27692.191000000003
99729,28316.190000000002
99730,27755.188000000002
99731,27831.187
99732,27868.190000000002
99733,28966.184
99734,29358.188000000002
99735,29388.194
99736,29683.194
99737,29652.197
99738,27834.207000000002
99739,29026.208000000002
99740,29431.208000000002
99741,28101.207000000002
99742,28682.215000000004
99743,28636.229000000003
99744,27130.226000000002
99745,27065.237000000005
99746,25726.239000000005
99747,26920.233000000004
99748,25967.236000000004
99749,26391.238000000005
99750,26060.230000000003
99751,26285.229000000007
99752,26316.231000000007
99753,28792.232000000004
99754,28685.232000000004
99755,29312.231000000003
99756,30729.234000000004
99757,29137.244000000006
99758,28779.247000000003
99759,29113.249000000003
99760,28347.252000000004
99761,28144.258000000005
99762,27887.269000000004
99763,28634.276
99764,28424.274
99765,27825.275
99766,27827.285000000003
99767,27437.290000000005
99768,25333.291000000005
99769,26020.297000000006
99770,27182.296000000002
99771,27292.286000000004
99772,28061.279000000006
99773,28014.284
99774,25962.292
99775,26028.285
99776,25314.281
99777,26191.287
99778,26340.285
99779,26757.279
99780,27057.284
99781,28061.281
99782,28084.278
99783,30760.28
99784,32173.272
99785,32466.271
99786,33285.269
99787,32377.280000000002
99788,32015.275999999998
99789,32451.265
99790,31866.261
99791,31152.257
99792,31287.257
99793,31077.259000000002
99794,31405.254
99795,30757.247
99796,30238.252
99797,30000.252
99798,28048.248
99799,28438.248
99800,28477.24
99801,28959.246
99802,28749.237
99803,28351.239
99804,27163.238
99805,27120.234
99806,25755.229
99807,26327.23
99808,26012.226000000006
99809,25522.216000000004
99810,26207.214000000004
99811,27198.216000000004
99812,27579.212000000003
99813,29898.209000000003
99814,30913.204000000005
99815,31501.198000000004
99816,32051.192000000003
99817,31925.182000000004
99818,31567.176000000003
99819,31709.177000000003
99820,30118.181000000004
99821,29942.174000000003
99822,29913.174000000006
99823,29715.175000000003
99824,30277.175000000003
99825,29673.169000000005
99826,29986.162000000004
99827,29604.156000000003
99828,28684.147000000004
99829,30042.137000000002
99830,31147.131000000005
99831,31907.127000000004
99832,31864.126000000004
99833,31314.122000000003
99834,29884.121000000003
99835,29865.116
99836,28642.123000000003
99837,29213.122000000003
99838,29960.118000000002
99839,29327.113000000005
99840,29473.113000000005
99841,30206.113000000005
99842,31026.110000000004
99843,31994.109000000004
99844,32778.107
99845,33384.10400000001
99846,33313.101
99847,32286.107000000004
99848,33062.105
99849,33017.104
99850,32267.106000000003
99851,30914.108000000004
99852,31316.106000000003
99853,31325.105000000003
99854,31095.107000000004
99855,31035.106000000003
99856,32226.104000000003
99857,31524.100000000002
99858,30919.098
99859,32463.098000000005
99860,32079.101000000006
99861,32889.101
99862,32469.11
99863,31528.108
99864,29745.107
99865,28916.108
99866,27775.109000000004
99867,28938.112
99868,28676.113
99869,28031.114
99870,28568.114
99871,28534.114
99872,28716.110000000004
99873,30155.103000000003
99874,30965.101000000002
99875,31137.097
99876,31104.099000000002
99877,30344.095
99878,30597.092
99879,30532.087
99880,29453.085000000003
99881,28420.087000000003
99882,29576.087
99883,29235.084000000003
99884,29625.081
99885,30779.081
99886,31514.081000000006
99887,30599.077000000005
99888,29809.077000000005
99889,31608.072000000004
99890,32033.068000000003
99891,33408.064
99892,32613.066000000003
99893,31862.06
99894,30267.063000000002
99895,29472.063000000006
99896,28832.062000000005
99897,30273.059000000005
99898,30254.061000000005
99899,29469.060000000005
99900,29910.058000000005
99901,29885.057
99902,30160.054000000004
99903,32500.056000000004
99904,33695.056000000004
99905,33705.05500000001
99906,33765.054000000004
99907,33380.053
99908,33595.057
99909,32815.057
99910,31735.064000000002
99911,29385.066000000003
99912,29815.063000000002
99913,29005.063000000002
99914,29565.063000000002
99915,29760.063000000002
99916,29985.062000000005
99917,28250.066000000003
99918,27835.066000000003
99919,29410.063000000002
99920,30050.064000000006
99921,31280.062000000005
99922,31480.061000000005
99923,30145.061000000005
99924,28480.059000000005
99925,28390.063000000006
99926,28620.062
99927,30800.061
99928,31445.059000000005
99929,31045.061000000005
99930,31475.059000000005
99931,31470.060000000005
99932,32120.057000000004
99933,33825.057
99934,34595.060000000005
99935,34230.061
99936,33810.064
99937,32600.067000000006
99938,32375.069000000003
99939,31585.072000000004
99940,31760.072000000004
99941,31050.069000000003
99942,30950.065000000002
99943,30335.066000000003
99944,30445.065000000002
99945,30235.068000000003
99946,31410.067000000006
99947,30315.062000000005
99948,30355.059000000005
99949,31335.058000000005
99950,31900.057000000004
99951,33155.055
99952,32985.055
99953,31975.057000000004
99954,30635.057000000004
99955,30745.059000000005
99956,30725.059000000005
99957,31895.059000000005
99958,32245.062000000005
99959,32055.061000000005
99960,32060.061000000005
99961,31010.067000000006
99962,31395.068000000007
99963,33225.063
99964,33450.06700000001
99965,32265.070000000007
99966,31260.071000000007
99967,30745.067000000006
99968,30805.065000000006
99969,30865.063000000006
99970,30475.064000000006
99971,29545.066000000006
99972,29310.070000000007
99973,28340.069000000007
99974,28370.068000000007
99975,28915.061000000005
99976,30615.062000000005
99977,30365.063000000006
99978,30200.063000000006
99979,30840.062000000005
99980,31100.062000000005
99981,31845.065000000006
99982,31230.074000000008
99983,31570.070000000007
99984,30425.070000000007
99985,31515.071000000007
99986,31055.067000000006
99987,31610.068000000007
99988,30830.068000000007
99989,30975.064000000006
99990,31395.063000000006
99991,31195.066000000006
99992,31820.064000000006
99993,33015.064000000006
99994,33830.063
99995,33130.062000000005
99996,32510.064000000006
99997,31820.062000000005
99998,31815.064000000006
99999,32415.061000000005
100000,32385.062000000005
100001,31600.063000000006
100002,31365.06600000001
100003,30455.063000000006
100004,30850.062000000005
100005,30665.061000000005
100006,31590.057000000004
100007,31170.058000000008
100008,31825.054000000007
100009,32410.054000000007
100010,32230.051000000003
100011,33370.053
100012,33825.05100000001
100013,34050.05
100014,32720.049000000003
100015,34325.046
100016,33600.045000000006
100017,33955.048
100018,32995.05
100019,32245.051000000007
100020,33385.052
100021,33615.05100000001
100022,33560.05300000001
100023,34930.052
100024,36405.05
100025,36070.05
100026,35260.052
100027,34435.056000000004
100028,33845.05700000001
100029,34005.060000000005
100030,33455.059
100031,32650.05900000001
100032,31820.06400000001
100033,30190.068000000007
100034,29850.068000000007
100035,28925.06900000001
100036,29225.073000000008
100037,29035.072000000007
100038,29430.071000000007
100039,29615.073000000008
100040,29200.073000000008
100041,30440.069000000007
100042,31025.069000000007
100043,30500.067000000006
100044,28800.06600000001
100045,30365.065000000006
100046,30605.061000000005
100047,31700.058000000008
100048,31105.06000000001
100049,31305.058000000005
100050,32470.060000000005
100051,33220.061
100052,33805.061
100053,35420.059
100054,36555.061
100055,35570.063
100056,36525.063
100057,35585.062000000005
100058,35975.063
100059,35650.060000000005
100060,35290.059
100061,33725.060000000005
100062,33170.05900000001
100063,32650.056000000004
100064,32480.057000000008
100065,31205.06200000001
100066,30420.063000000006
100067,29870.06100000001
100068,29895.06100000001
100069,29830.06400000001
100070,29180.068000000007
100071,29435.066000000006
100072,30385.067000000006
100073,30035.06400000001
100074,28240.069000000007
100075,28730.075000000008
100076,28930.075000000008
100077,29935.075000000008
100078,30115.074000000008
100079,30675.074000000008
100080,31760.07700000001
100081,32740.07600000001
100082,33330.075000000004
100083,34670.075000000004
100084,35800.07800000001
100085,35245.076
100086,35815.075000000004
100087,35420.076
100088,35395.077000000005
100089,34965.076
100090,34180.079000000005
100091,33730.081000000006
100092,32865.07900000001
100093,32910.077000000005
100094,32435.08100000001
100095,32265.08100000001
100096,32810.08000000001
100097,32040.07800000001
100098,32125.07600000001
100099,33210.073000000004
100100,32510.071000000007
100101,32080.075000000008
100102,33055.07500000001
100103,32255.075000000008
100104,31235.075000000008
100105,31290.074000000008
100106,31550.06800000001
100107,32075.07000000001
100108,32080.069000000007
100109,32120.067000000006
100110,33710.067
100111,34020.074
100112,33930.067
100113,35290.068
100114,36665.066000000006
100115,36870.064000000006
100116,36820.065
100117,36655.064
100118,36300.066000000006
100119,35525.06500000001
100120,34715.066000000006
100121,33400.069
100122,31895.07100000001
100123,32080.07300000001
100124,31425.07700000001
100125,31425.07700000001
100126,31290.075000000008
100127,31165.07100000001
100128,31715.06800000001
100129,33840.06700000001
100130,32730.065000000006
100131,33155.06300000001
100132,34210.062000000005
100133,32670.06300000001
100134,31235.06700000001
100135,30525.06700000001
100136,30530.06600000001
100137,31165.06600000001
100138,31110.06700000001
100139,30925.06500000001
100140,32260.06600000001
100141,32895.066000000006
100142,32260.07000000001
100143,33010.07100000001
100144,34315.069
100145,34765.066999999995
100146,35120.069
100147,35355.066000000006
100148,34945.065
100149,33240.069
100150,32815.066000000006
100151,31215.06900000001
100152,30130.06800000001
100153,30735.07200000001
100154,30690.07300000001
100155,30580.07100000001
100156,29855.06900000001
100157,29405.07200000001
100158,30200.07000000001
100159,32390.068000000007
100160,32175.068000000007
100161,32815.067
100162,33650.067
100163,32485.067000000006
100164,30495.071000000007
100165,30905.072000000007
100166,30695.074000000008
100167,31305.074000000008
100168,31765.070000000007
100169,32173.072000000007
100170,33408.069
100171,33538.073000000004
100172,33858.078
100173,34609.078
100174,36199.077000000005
100175,35574.075000000004
100176,36481.074
100177,36091.075
100178,35536.075
100179,33973.077000000005
100180,33263.073000000004
100181,31548.070000000007
100182,30438.068000000007
100183,32113.070000000007
100184,31223.068000000007
100185,31223.068000000007
100186,31223.068000000007
100187,30828.069000000007
100188,31628.070000000007
100189,32167.074000000008
100190,32928.07600000001
100191,33723.07900000001
100192,33888.08000000001
100193,31961.07900000001
100194,30961.07900000001
100195,31766.07900000001
100196,31541.08000000001
100197,31876.08200000001
100198,31491.08200000001
100199,32231.085000000006
100200,32626.08500000001
100201,33421.08300000001
100202,34791.082
100203,35151.083
100204,36906.083
100205,36081.083
100206,36051.084
100207,36120.081999999995
100208,36575.081
100209,35112.077999999994
100210,34577.077999999994
100211,33257.072
100212,31667.075000000004
100213,32895.07400000001
100214,32164.071000000007
100215,32210.071000000007
100216,31813.071000000007
100217,31274.071000000007
100218,30899.073000000008
100219,31486.073000000008
100220,31652.071000000007
100221,33397.07400000001
100222,34122.07600000001
100223,32406.07600000001
100224,31441.074000000008
100225,31436.075000000008
100226,31737.074000000008
100227,32292.07600000001
100228,31648.075000000008
100229,32547.07900000001
100230,32574.07900000001
100231,32714.08100000001
100232,34268.07900000001
100233,35343.086
100234,37030.093
100235,36415.096000000005
100236,35965.099
100237,35359.10400000001
100238,36205.105
100239,33685.10900000001
100240,33745.10500000001
100241,33194.10200000001
100242,31554.102000000006
100243,31814.103000000006
100244,31309.102000000006
100245,32382.099000000006
100246,31812.103000000006
100247,32240.102000000006
100248,31878.103000000006
100249,32463.10600000001
100250,32314.107000000007
100251,34085.109000000004
100252,34830.11400000001
100253,34365.11000000001
100254,33175.11000000001
100255,33834.11000000001
100256,33824.115000000005
100257,34395.119
100258,33780.123
100259,35139.122
100260,35360.12100000001
100261,33952.12400000001
100262,34765.12500000001
100263,36370.12900000001
100264,38090.126000000004
100265,37129.13100000001
100266,37372.13300000001
100267,36238.138
100268,37521.133
100269,36170.126000000004
100270,35275.126000000004
100271,35125.13100000001
100272,33684.133
100273,33224.14
100274,32424.149000000005
100275,32852.153000000006
100276,33467.15700000001
100277,33720.156
100278,33453.164000000004
100279,34417.17100000001
100280,34193.175
100281,35974.177
100282,36669.18000000001
100283,36551.17800000001
100284,35246.18000000001
100285,35094.181000000004
100286,33593.19
100287,33746.19700000001
100288,32351.205000000005
100289,32839.206000000006
100290,33038.21000000001
100291,31407.212000000007
100292,32157.215000000007
100293,33603.21300000001
100294,34831.212
100295,34153.213
100296,34977.209
100297,34326.21
100298,35371.215
100299,34086.215000000004
100300,33351.215000000004
100301,32984.219000000005
100302,32185.217000000008
100303,31702.22100000001
100304,31797.219000000005
100305,32266.218000000004
100306,32865.225000000006
100307,32661.229000000007
100308,33178.227000000006
100309,33564.223
100310,34593.223999999995
100311,36716.22299999999
100312,36925.226
100313,36901.224
100314,35755.224
100315,35732.229
100316,34462.233
100317,35907.233
100318,34940.227999999996
100319,35671.234
100320,35615.240000000005
100321,34639.244999999995
100322,35419.243
100323,36219.245
100324,37494.24600000001
100325,36978.249
100326,37614.253000000004
100327,36904.25600000001
100328,38190.25600000001
100329,36713.263
100330,36143.26500000001
100331,35307.263000000006
100332,34176.27200000001
100333,33624.27300000001
100334,33621.263000000006
100335,33825.26100000001
100336,34696.259000000005
100337,34140.26800000001
100338,33900.27200000001
100339,34925.27200000001
100340,35774.269000000015
100341,37920.27200000001
100342,38378.27800000001
100343,39223.28000000002
100344,37670.28800000001
100345,37892.295000000006
100346,36778.29600000001
100347,37740.299000000006
100348,36450.30200000001
100349,37980.30100000001
100350,38782.30000000001
100351,39202.30100000001
100352,38962.30500000001
100353,39421.295000000006
100354,40909.297000000006
100355,40788.299
100356,41569.309
100357,40592.310000000005
100358,42631.310000000005
100359,41311.308000000005
100360,40561.308000000005
100361,38481.310000000005
100362,37368.312000000005
100363,36275.311
100364,36062.312000000005
100365,36070.312000000005
100366,36078.319
100367,36044.322
100368,35964.324
100369,36486.32000000001
100370,36562.32000000001
100371,37300.32500000001
100372,38469.331000000006
100373,39232.329000000005
100374,38505.33100000001
100375,39126.32900000001
100376,38261.33400000002
100377,39012.337000000014
100378,37610.34000000001
100379,38857.345000000016
100380,39334.347000000016
100381,39555.35300000001
100382,39801.35900000002
100383,41636.36100000002
100384,43581.36300000001
100385,43138.37400000002
100386,43590.379000000015
100387,42155.38700000002
100388,43096.39300000002
100389,41607.39700000002
100390,41335.39700000002
100391,39807.39700000002
100392,38603.39600000002
100393,37696.39900000002
100394,36705.40700000002
100395,36548.414000000026
100396,36991.41500000002
100397,37307.41700000002
100398,37752.41400000002
100399,38121.41100000002
100400,38758.42100000002
100401,40332.42200000001
100402,41224.42500000002
100403,40397.434000000016
100404,39201.44200000001
100405,38993.44700000002
100406,38594.445000000014
100407,38609.45700000001
100408,39289.45000000001
100409,40956.45700000002
100410,40610.45600000002
100411,40713.45200000002
100412,40317.460000000014
100413,41727.466000000015
100414,42754.46700000002
100415,42733.468000000015
100416,43160.470000000016
100417,42163.470000000016
100418,42285.472000000016
100419,41623.46300000002
100420,41695.46600000002
100421,40187.463000000025
100422,39544.46100000002
100423,38578.46400000002
100424,38487.472000000016
100425,38760.47300000002
100426,39238.47700000001
100427,40019.47300000002
100428,40333.46500000002
100429,39794.47500000002
100430,40184.47600000002
100431,42366.481000000014
100432,43313.48700000002
100433,42969.481000000014
100434,42295.47900000002
100435,41989.48700000002
100436,41904.49100000002
100437,42639.50200000002
100438,42866.50600000002
100439,43914.51300000003
100440,42950.522000000026
100441,42464.523000000016
100442,42780.53300000002
100443,44632.537000000026
100444,46121.53000000002
100445,46337.53300000002
100446,46828.53700000002
100447,45026.54100000003
100448,45037.538000000015
100449,43405.54300000002
100450,42871.540000000015
100451,40926.54500000001
100452,39667.54600000001
100453,39294.53600000003
100454,38372.55100000002
100455,39209.55200000002
100456,39505.551000000014
100457,39962.55000000001
100458,39654.55200000001
100459,40220.552000000025
100460,41174.56000000002
100461,41849.568000000014
100462,43470.56600000002
100463,43539.56700000002
100464,42167.57200000002
100465,41487.576000000015
100466,41644.582000000024
100467,42317.588000000025
100468,41671.59600000003
100469,42750.59500000002
100470,43431.59900000002
100471,43537.59900000001
100472,43413.61000000001
100473,44920.60700000001
100474,45721.60600000001
100475,45410.612000000016
100476,46218.62000000002
100477,45727.619000000006
100478,45980.62000000002
100479,44208.62000000002
100480,43181.62400000002
100481,42238.62100000002
100482,41323.620000000024
100483,40558.623000000014
100484,41210.623000000014
100485,41672.63200000002
100486,40988.63700000002
100487,40329.64600000001
100488,39896.64100000001
100489,41148.646000000015
100490,41247.63800000001
100491,42616.63000000002
100492,43040.62400000002
100493,43449.62700000002
100494,41684.63400000001
100495,40621.62900000001
100496,41014.62700000001
100497,42008.623000000014
100498,41709.62300000001
100499,41815.62200000001
100500,42164.62400000001
100501,42391.61800000002
100502,43218.61600000001
100503,45096.610000000015
100504,45432.61000000001
100505,45994.615000000005
100506,46680.61400000001
100507,45834.61900000001
100508,46378.614000000016
100509,44078.61600000001
100510,44002.62200000001
100511,41793.61900000001
100512,41690.62200000002
100513,41166.61900000001
100514,41601.61900000001
100515,41581.61600000001
100516,41053.615000000005
100517,41121.61300000001
100518,40918.614
100519,42237.60800000001
100520,42096.611000000004
100521,43586.619000000006
100522,43350.61100000001
100523,42419.60900000001
100524,41646.61200000001
100525,40044.60900000001
100526,40403.614000000016
100527,41803.614000000016
100528,41038.61100000002
100529,41365.61700000003
100530,41329.62100000003
100531,40724.62400000002
100532,41192.627000000015
100533,42192.625000000015
100534,42478.606000000014
100535,43878.601000000024
100536,44993.60500000002
100537,44987.60100000002
100538,45708.59400000003
100539,44355.58700000003
100540,44081.59300000002
100541,42502.60000000002
100542,42943.60200000001
100543,42189.597000000016
100544,43240.593000000015
100545,42682.60000000001
100546,41716.60400000002
100547,41047.606000000014
100548,41209.612000000016
100549,42270.609000000026
100550,42356.61300000002
100551,43463.61400000002
100552,42524.606000000014
100553,42648.59700000001
100554,41892.607
100555,41369.606
100556,40614.607
100557,40498.61700000002
100558,41155.60700000001
100559,42150.606000000014
100560,42821.60800000002
100561,43131.608000000015
100562,42944.614000000016
100563,43802.622000000025
100564,43099.61900000001
100565,44037.61900000001
100566,45076.61400000002
100567,44044.62200000002
100568,43892.610000000015
100569,41717.60700000001
100570,40747.610000000015
100571,39188.60300000001
100572,39672.59700000003
100573,38279.59600000002
100574,39414.59700000003
100575,38736.60700000002
100576,38594.60300000002
100577,37985.61100000001
100578,36739.60200000001
100579,35820.60700000001
100580,36195.60900000001
100581,36796.59500000001
100582,36345.59700000001
100583,36148.596000000005
100584,35206.601
100585,35143.602000000006
100586,33552.60500000002
100587,34207.60900000001
100588,34183.60200000001
100589,35769.59400000001
100590,35355.593000000015
100591,35532.59200000001
100592,35678.59600000001
100593,36911.59000000001
100594,36715.58200000001
100595,37087.57800000001
100596,38014.581000000006
100597,37884.575
100598,37737.58000000001
100599,35882.58900000001
100600,35106.58900000001
100601,33888.58200000002
100602,33571.584000000024
100603,32299.585000000025
100604,32681.58900000002
100605,33075.58200000002
100606,33268.58600000002
100607,32329.58800000002
100608,31911.57800000002
100609,33259.57500000002
100610,33495.572000000015
100611,34244.575000000004
100612,33703.581000000006
100613,34675.577000000005
100614,34556.574
100615,34390.57400000001
100616,32904.57500000001
100617,33447.55900000001
100618,31954.565000000013
100619,32166.561000000016
100620,32659.553000000018
100621,32384.55600000002
100622,32308.56100000002
100623,32263.562000000024
100624,30437.566000000024
100625,30883.56600000002
100626,31848.56800000002
100627,33079.56100000001
100628,32613.55600000002
100629,31445.56900000002
100630,30697.569000000018
100631,30156.569000000018
100632,29251.565000000017
100633,28870.558000000015
100634,29528.546000000017
100635,29321.545000000016
100636,29313.54400000002
100637,28320.548000000017
100638,29251.537000000015
100639,30056.536000000015
100640,29591.53600000001
100641,29674.53300000002
100642,30056.52600000002
100643,31162.52800000002
100644,31066.526000000016
100645,30676.526000000016
100646,30626.517000000018
100647,30262.511000000017
100648,29188.515000000014
100649,29743.523000000016
100650,30209.52700000002
100651,30278.520000000022
100652,30288.51500000002
100653,29900.51700000002
100654,30169.50400000002
100655,30764.50600000002
100656,30887.50800000002
100657,31065.50400000002
100658,30907.50700000002
100659,29969.50200000002
100660,29643.49400000002
100661,28284.497000000018
100662,27680.49700000002
100663,27370.48900000002
100664,27807.499000000014
100665,27495.49400000002
100666,27805.48800000002
100667,28199.486000000015
100668,28247.481000000018
100669,28228.482000000015
100670,27169.478000000014
100671,27175.475000000017
100672,27011.474000000013
100673,27821.479000000014
100674,26789.487000000016
100675,26458.478000000014
100676,25444.477000000017
100677,24439.479000000018
100678,24244.474000000017
100679,24719.470000000012
100680,25771.473000000013
100681,26464.46200000001
100682,26309.462000000007
100683,27239.45600000001
100684,26883.450000000008
100685,27135.45400000001
100686,27073.45200000001
100687,27456.44900000001
100688,26598.453000000012
100689,25533.45500000001
100690,24335.45600000001
100691,24264.447000000007
100692,25000.440000000006
100693,23545.444000000007
100694,24417.442000000006
100695,24450.445000000007
100696,24434.456000000006
100697,24193.462000000007
100698,24883.453000000005
100699,26162.451000000005
100700,25864.451000000005
100701,25022.446000000004
100702,23749.447000000004
100703,24601.444000000007
100704,24497.443000000007
100705,24297.447000000007
100706,23992.441000000006
100707,23158.445000000007
100708,22532.454000000005
100709,22516.449000000004
100710,23632.446000000004
100711,24417.439000000002
100712,24059.432
100713,24299.427000000003
100714,23702.417
100715,23182.421000000002
100716,22872.416000000005
100717,23568.415
100718,22985.412
100719,21730.411
100720,20818.413000000004
100721,20379.413
100722,21246.417
100723,20767.422000000002
100724,20882.424000000003
100725,21541.429000000004
100726,21875.429000000004
100727,21141.423000000006
100728,21696.410000000007
100729,21918.409000000003
100730,21438.404000000006
100731,21014.405000000006
100732,20483.408000000007
100733,20576.407000000003
100734,20601.410000000003
100735,20400.404000000006
100736,20248.407000000007
100737,20730.409000000003
100738,21434.404000000002
100739,21448.402000000006
100740,21733.409
100741,22343.408000000003
100742,21267.408
100743,21754.411
100744,21852.412
100745,20903.411
100746,20855.411000000004
100747,21017.414
100748,19714.415
100749,18831.418999999998
100750,18679.413
100751,18144.41
100752,18327.404000000002
100753,18769.399
100754,18092.403000000002
100755,18279.4
100756,17560.402000000002
100757,17624.4
100758,18348.395
100759,18690.393
100760,17984.388
100761,18074.388
100762,18804.382999999998
100763,18233.378
100764,18047.371000000003
100765,18142.366
100766,18573.353
100767,19834.348999999995
100768,20631.340999999997
100769,20500.341999999997
100770,21643.337999999996
100771,21053.338999999996
100772,19679.343999999997
100773,19649.346999999994
100774,19597.357999999997
100775,18728.361999999997
100776,18094.365999999998
100777,15891.368000000004
100778,13953.370000000003
100779,12710.373000000003
100780,12435.373000000005
100781,12784.372000000005
100782,12881.378000000008
100783,13480.376000000006
100784,12862.388000000006
100785,12287.389000000006
100786,12636.405000000008
100787,13827.410000000014
100788,13957.419000000014
100789,14246.416000000016
100790,14406.421000000013
100791,13334.435000000014
100792,12550.444000000016
100793,10771.455000000014
100794,9431.478000000016
100795,9479.493000000019
100796,7724.509000000017
100797,6027.537000000014
100798,3562.566000000003
100799,1293.608999999996
100800,2065.4489999999964
100801,2975.438000000007
100802,4634.428000000015
100803,5764.418000000017
100804,7349.407000000016
100805,8579.40100000002
100806,9691.395000000022
100807,10424.389000000021
100808,11289.391000000021
100809,12237.390000000016
100810,15252.385000000017
100811,15532.379000000015
100812,14987.376000000013
100813,15342.369000000012
100814,14265.367000000011
100815,14428.361000000008
100816,14051.362000000008
100817,13976.364000000005
100818,14046.363000000005
100819,13302.363000000003
100820,10562.373000000003
100821,11443.371000000005
100822,12295.365000000003
100823,13055.357000000002
100824,15375.342000000002
100825,16743.331000000002
100826,17761.328
100827,18341.321
100828,18376.309999999998
100829,18982.311999999998
100830,17845.317000000003
100831,16910.313
100832,17835.314
100833,17573.311999999998
100834,17633.317
100835,18041.315
100836,18196.316
100837,17386.32
100838,18066.325
100839,18003.325
100840,19085.329
100841,20293.322
100842,19308.321
100843,19483.327
100844,18648.314000000002
100845,18336.307
100846,18151.302
100847,18166.293
100848,17441.29
100849,16463.291000000005
100850,15931.297000000004
100851,15921.291000000005
100852,16746.283000000007
100853,16349.278000000004
100854,17079.274000000005
100855,16856.272000000008
100856,18106.270000000004
100857,17811.265000000003
100858,16944.261000000002
100859,18694.252000000004
100860,18714.247000000003
100861,18206.246000000003
100862,17274.242000000002
100863,17799.242000000002
100864,17714.243000000002
100865,18419.245000000003
100866,17809.242000000002
100867,17411.238
100868,17561.236000000004
100869,16641.235000000004
100870,16991.234000000004
100871,17744.228000000003
100872,17117.226000000002
100873,16304.228000000006
100874,16174.229000000007
100875,15949.224000000007
100876,15382.215000000006
100877,15770.211000000005
100878,17318.198000000004
100879,17860.194000000003
100880,17974.193000000003
100881,17009.187000000005
100882,18369.189000000006
100883,17756.193000000007
100884,17589.194000000007
100885,17214.194000000007
100886,18189.196000000004
100887,18615.194000000003
100888,17255.194000000003
100889,17450.193000000007
100890,17055.195000000007
100891,17290.191000000006
100892,16112.193000000005
100893,15722.196000000005
100894,15100.201000000005
100895,17275.196000000004
100896,17835.199000000008
100897,16639.205000000005
100898,18389.205000000005
100899,17614.206000000006
100900,18042.201000000005
100901,17840.204
100902,17635.205000000005
100903,17640.204
100904,18240.201
100905,17460.202
100906,15872.206000000006
100907,16267.205000000005
100908,16502.202000000005
100909,17332.199000000004
100910,17112.200000000004
100911,16147.199000000004
100912,17499.199000000004
100913,17489.199000000004
100914,17317.197000000004
100915,18720.194000000003
100916,19310.195000000003
100917,19510.195
100918,17930.199000000004
100919,17765.198000000004
100920,17545.201000000005
100921,17950.198
100922,17370.200000000004
100923,17190.197000000004
100924,16975.200000000004
100925,17367.200000000004
100926,18170.199000000004
100927,17615.196000000007
100928,19170.197000000004
100929,18580.198000000004
100930,18170.199000000004
100931,18785.195000000003
100932,18342.200000000004
100933,18357.199000000004
100934,18774.196000000004
100935,18004.194000000003
100936,17599.196000000004
100937,17432.194000000003
100938,17217.197000000004
100939,18012.195000000003
100940,17402.199000000004
100941,16617.198000000004
100942,17587.199000000004
100943,17747.202
100944,16574.203000000005
100945,17329.204000000005
100946,17724.203000000005
100947,18542.2
100948,17567.200000000004
100949,17929.2
100950,18104.201
100951,18509.2
100952,18494.202
100953,18304.2
100954,18484.203
100955,19064.204
100956,19427.208000000002
100957,18274.207000000002
100958,20014.209000000003
100959,19669.205000000005
100960,19864.205000000005
100961,19684.202000000005
100962,19084.205000000005
100963,18489.208000000006
100964,18487.208000000006
100965,18687.207000000002
100966,19059.210000000006
100967,18657.208000000002
100968,17887.206000000002
100969,18464.207000000002
100970,18679.203000000005
100971,17712.203000000005
100972,18662.204
100973,18702.203000000005
100974,18327.201000000005
100975,17542.20100000001
100976,17737.201000000005
100977,19489.200000000004
100978,19464.201000000005
100979,19889.200000000004
100980,19534.195000000003
100981,20504.196000000004
100982,20479.199000000004
100983,20467.200000000004
100984,20427.202000000005
100985,22017.196000000004
100986,21814.196000000004
100987,19826.2
100988,20966.203
100989,20011.203
100990,20204.203
100991,19804.202
100992,19189.208000000002
100993,18977.210000000003
100994,18967.210000000003
100995,18174.210000000003
100996,19174.205
100997,19144.207000000002
100998,17974.208000000002
100999,18749.208000000002
101000,18386.202000000005
101001,18199.199000000004
101002,19379.196000000004
101003,19174.197000000004
101004,18997.195000000003
101005,18795.197000000004
101006,19757.201000000005
101007,20536.198000000004
101008,20539.199000000004
101009,20754.194000000003
101010,21139.193000000003
101011,21139.192000000003
101012,20724.194000000003
101013,21517.190000000002
101014,20934.190000000002
101015,21896.190000000002
101016,21519.188000000002
101017,20704.190000000002
101018,21689.188000000002
101019,21699.186
101020,21119.184
101021,20309.189000000002
101022,20109.190000000006
101023,18744.191000000006
101024,18944.190000000006
101025,18379.187000000005
101026,17966.190000000006
101027,18361.187000000005
101028,18166.187000000005
101029,19921.183000000005
101030,20643.185
101031,19856.189000000002
101032,21216.187
101033,21596.186
101034,21804.182
101035,21809.179
101036,22784.182
101037,22974.182
101038,22359.187
101039,21784.185
101040,21951.188000000002
101041,22177.190000000002
101042,21604.189000000002
101043,22779.189000000002
101044,21614.192000000003
101045,21874.190000000002
101046,22342.187000000005
101047,21384.189000000006
101048,21789.191000000003
101049,20860.189000000002
101050,20452.195
101051,19882.196
101052,19907.196000000004
101053,19158.199000000004
101054,20166.195000000003
101055,20725.198000000004
101056,20752.195000000003
101057,20927.193000000003
101058,20932.195000000003
101059,21521.196000000004
101060,22716.198
101061,21172.2
101062,22127.203
101063,22917.199
101064,23870.205
101065,23670.208000000002
101066,24852.205
101067,24673.208000000002
101068,23709.208000000002
101069,23944.207000000002
101070,22782.207000000002
101071,23579.204
101072,23995.203
101073,24590.205
101074,23726.198000000004
101075,23152.200000000004
101076,24072.198000000004
101077,23888.193000000003
101078,23883.194000000003
101079,23674.2
101080,23383.199
101081,23214.197
101082,24039.194
101083,24236.197
101084,23988.203
101085,24741.209000000003
101086,25135.208000000002
101087,25171.209000000003
101088,25967.203
101089,26933.208000000002
101090,27275.214000000004
101091,25256.219000000005
101092,26331.214000000004
101093,26932.209000000003
101094,27094.215000000004
101095,27086.219000000005
101096,27125.216000000004
101097,27153.213000000003
101098,26824.209000000003
101099,26767.212000000003
101100,26426.205
101101,26607.209000000003
101102,26429.205
101103,26241.202
101104,24859.204
101105,24280.203
101106,25705.201000000005
101107,24562.204000000005
101108,24555.204000000005
101109,24532.203000000005
101110,24395.200000000004
101111,24592.202000000005
101112,25595.203000000005
101113,24654.200000000004
101114,24490.197000000004
101115,25296.195000000003
101116,25831.197000000004
101117,25185.198000000004
101118,26403.194000000003
101119,27582.198000000004
101120,28995.197000000004
101121,28066.197000000004
101122,28423.202000000005
101123,28490.202000000005
101124,28936.202000000005
101125,28693.206000000006
101126,27724.205000000005
101127,28181.204000000005
101128,29142.209000000006
101129,29370.209000000003
101130,28629.206000000006
101131,27867.208000000002
101132,27862.212000000003
101133,27685.213000000003
101134,26951.214000000004
101135,26161.209000000003
101136,27196.204000000005
101137,26638.205000000005
101138,27290.198
101139,27270.200000000004
101140,27135.195000000003
101141,26909.197000000004
101142,27067.196
101143,25878.2
101144,25665.206000000002
101145,26139.203
101146,27834.203
101147,26971.208000000002
101148,26786.205
101149,27174.209
101150,28402.211
101151,27235.213
101152,28588.202
101153,28573.2
101154,29374.199
101155,28810.201
101156,28634.2
101157,29510.195
101158,30360.189000000002
101159,29956.193
101160,28761.192
101161,28246.190000000002
101162,28218.193
101163,28203.192
101164,27228.192000000003
101165,26971.184
101166,28404.179000000004
101167,28079.177000000003
101168,28386.171000000002
101169,27972.175000000003
101170,27822.178000000004
101171,28411.184
101172,28343.190000000002
101173,27937.191000000003
101174,28540.192000000003
101175,28843.191000000003
101176,29557.197
101177,27569.203
101178,27051.217000000004
101179,28087.219
101180,29056.217
101181,28084.227000000003
101182,28752.222
101183,28698.231
101184,29652.238
101185,29922.232000000004
101186,29563.232000000004
101187,30597.231000000003
101188,31200.231000000003
101189,30657.227000000003
101190,29473.231000000003
101191,29098.236000000004
101192,29479.236000000004
101193,29445.239000000005
101194,28127.236000000004
101195,27927.240000000005
101196,28120.246000000006
101197,27800.248000000003
101198,27413.252000000004
101199,26988.257000000005
101200,26626.262000000006
101201,26854.274000000005
101202,26474.280000000006
101203,26520.277000000006
101204,26944.279000000006
101205,27321.282000000007
101206,27851.288000000004
101207,26899.289000000004
101208,26628.288000000004
101209,27588.287000000004
101210,28240.282000000003
101211,28157.270000000004
101212,28927.272000000004
101213,28553.269000000004
101214,30102.270000000004
101215,30044.263000000006
101216,30045.260000000006
101217,31507.260000000006
101218,31612.257000000005
101219,31429.253000000004
101220,30942.257
101221,30994.258
101222,30773.257
101223,30920.259000000002
101224,28942.259000000002
101225,29337.263000000003
101226,30257.259000000002
101227,30078.266000000003
101228,29885.263000000003
101229,30018.255
101230,29482.255000000005
101231,29794.258000000005
101232,29381.250000000004
101233,29350.246000000003
101234,29085.250000000004
101235,28793.246000000006
101236,29255.238000000005
101237,28633.231000000003
101238,28571.230000000003
101239,29550.232000000004
101240,30002.228000000003
101241,29395.227000000003
101242,29735.230000000003
101243,29337.223000000005
101244,30297.224000000006
101245,30161.222000000005
101246,29658.220000000005
101247,31096.215000000007
101248,31487.208000000006
101249,31199.202000000005
101250,30262.201000000005
101251,29988.203000000005
101252,28830.195000000003
101253,28428.191000000006
101254,27594.191000000003
101255,28690.193000000003
101256,29031.194000000003
101257,30522.189000000002
101258,30268.191000000003
101259,30910.183000000005
101260,30957.176000000003
101261,31688.177000000003
101262,32689.167000000005
101263,32701.166000000005
101264,32034.168000000005
101265,32268.161000000004
101266,33317.153000000006
101267,31966.151000000005
101268,31524.152000000006
101269,31937.145000000004
101270,31919.138000000003
101271,32114.127000000004
101272,32534.124000000003
101273,33225.128000000004
101274,33546.132
101275,33537.131
101276,32010.129000000004
101277,34162.128
101278,34189.128
101279,34224.123999999996
101280,33092.125
101281,32103.126000000004
101282,29963.124000000003
101283,29362.120000000006
101284,28284.124000000007
101285,28883.123000000007
101286,28911.122000000007
101287,29146.117000000006
101288,28591.115000000005
101289,28278.116000000005
101290,28774.121000000006
101291,32290.117000000006
101292,32678.115000000005
101293,32963.116
101294,32803.112
101295,33047.109000000004
101296,34229.10599999999
101297,33243.104
101298,33259.106
101299,33416.108
101300,33222.111000000004
101301,33637.113
101302,34461.10999999999
101303,34956.11299999999
101304,36007.11099999999
101305,36200.10899999999
101306,35175.10899999999
101307,36722.102999999996
101308,36910.100999999995
101309,37059.098999999995
101310,35998.09899999999
101311,34853.09599999999
101312,33469.099
101313,32819.1
101314,31879.099000000002
101315,31670.099000000002
101316,32248.097
101317,32266.098
101318,31660.098
101319,31602.099000000002
101320,31929.101000000006
101321,32368.099000000006
101322,32762.100000000002
101323,32916.099
101324,32470.098000000005
101325,31727.096000000005
101326,33616.098000000005
101327,32436.098000000005
101328,33616.094000000005
101329,33276.091
101330,33111.088
101331,33447.090000000004
101332,33727.086
101333,34832.087999999996
101334,35642.087
101335,36043.087999999996
101336,34497.085
101337,36392.083000000006
101338,36377.081
101339,36565.083000000006
101340,35985.079
101341,35185.075
101342,35230.074
101343,36450.074
101344,35545.07199999999
101345,35510.075999999994
101346,36350.07399999999
101347,36730.072
101348,36035.06999999999
101349,36060.070999999996
101350,36840.072
101351,36605.076
101352,36380.077
101353,35970.076
101354,35440.076
101355,35090.078
101356,35855.081000000006
101357,35055.08
101358,33145.08000000001
101359,31190.08200000001
101360,31165.08200000001
101361,32925.08000000001
101362,33115.08200000001
101363,32290.08200000001
101364,33075.081000000006
101365,32885.08000000001
101366,31695.079000000005
101367,33610.081
101368,33470.081000000006
101369,34315.078
101370,33655.075000000004
101371,32880.07400000001
101372,32300.073000000008
101373,32160.072000000007
101374,31620.074000000008
101375,31655.072000000007
101376,32440.072000000007
101377,32575.070000000007
101378,32385.069000000007
101379,32345.073000000008
101380,32965.071
101381,33080.07800000001
101382,32905.08000000001
101383,32185.07800000001
101384,31365.081000000006
101385,32165.077000000005
101386,33135.079000000005
101387,34910.077999999994
101388,34370.081
101389,33785.081
101390,33820.08
101391,33820.08
101392,33625.081999999995
101393,33850.082
101394,35215.081999999995
101395,35275.081
101396,33605.079
101397,35000.077999999994
101398,35425.077
101399,36265.075999999994
101400,35905.07499999999
101401,35445.07899999999
101402,41145.077
101403,42155.075
101404,41970.073
101405,41215.073000000004
101406,43245.071
101407,43208.07400000001
101408,43083.07000000001
101409,43245.07200000001
101410,43630.073000000004
101411,43435.073000000004
101412,42980.07600000001
101413,41980.07600000001
101414,41655.074
101415,42435.075000000004
101416,43275.074
101417,42585.071
101418,43355.068
101419,43070.062000000005
101420,43035.064
101421,43280.064
101422,43465.061
101423,43425.065
101424,43980.066000000006
101425,43355.07000000001
101426,42575.070000000014
101427,43525.070000000014
101428,43720.070000000014
101429,44475.070000000014
101430,43500.07000000001
101431,43725.06900000001
101432,44115.07000000001
101433,44835.07300000001
101434,44080.07300000001
101435,43755.07800000001
101436,43795.08
101437,43550.08
101438,42630.08
101439,43590.07800000001
101440,43920.081000000006
101441,43620.079000000005
101442,42820.079000000005
101443,41870.079000000005
101444,39830.07600000001
101445,39820.07800000001
101446,40575.07400000001
101447,39205.075000000004
101448,39460.07300000001
101449,39115.07000000001
101450,39565.07000000001
101451,40025.075000000004
101452,39950.08000000001
101453,40410.076
101454,47110.07400000001
101455,46740.075
101456,45425.075
101457,47605.07400000001
101458,47290.07500000001
101459,47115.076000000015
101460,41510.07800000001
101461,41120.079000000005
101462,41680.081000000006
101463,42160.079000000005
101464,41160.079000000005
101465,40955.081000000006
101466,40975.08200000001
101467,40810.08200000001
101468,39855.08500000001
101469,39640.08700000001
101470,39675.08500000001
101471,40095.079000000005
101472,39545.07800000001
101473,39215.077000000005
101474,39490.07600000001
101475,38765.07700000001
101476,39715.07800000001
101477,37825.07600000001
101478,39505.07600000001
101479,39605.07100000001
101480,39075.07000000001
101481,39950.06700000001
101482,40340.06800000001
101483,40960.06700000001
101484,41575.06700000001
101485,41780.06600000001
101486,41245.06600000001
101487,42690.06600000001
101488,42240.06300000001
101489,45725.060000000005
101490,46305.06200000001
101491,45930.05900000001
101492,46060.06300000001
101493,46170.063
101494,45245.067
101495,45670.06500000001
101496,45645.066000000006
101497,45420.06800000001
101498,43780.066000000006
101499,44645.066
101500,45035.066
101501,45065.06599999999
101502,43955.065
101503,43570.064000000006
101504,44325.065
101505,43630.06800000001
101506,44575.069
101507,37900.068
101508,39685.066999999995
101509,38920.064
101510,37935.06599999999
101511,37750.069
101512,38050.06700000001
101513,37295.06900000001
101514,38015.07000000001
101515,39020.069
101516,38040.07200000001
101517,39800.071
101518,39885.069
101519,40490.071
101520,40100.07100000001
101521,40105.071
101522,40660.072
101523,40350.07600000001
101524,39355.075000000004
101525,38970.079
101526,38800.08
101527,38870.076
101528,37285.076
101529,34870.076
101530,35395.079
101531,35175.079
101532,34170.081000000006
101533,34335.082
101534,34903.085000000014
101535,33975.08600000001
101536,34785.086
101537,33585.088
101538,34735.08700000001
101539,33795.08500000001
101540,33360.09000000001
101541,34555.08600000001
101542,34435.08600000001
101543,35250.086
101544,36030.086
101545,37270.082
101546,36265.083000000006
101547,40700.08
101548,42220.078
101549,43450.076
101550,43070.074
101551,44045.07200000001
101552,43935.07000000001
101553,43180.07000000001
101554,41855.071
101555,42060.068999999996
101556,42465.07
101557,41710.07
101558,40365.070999999996
101559,40535.070999999996
101560,40440.075
101561,38060.079
101562,37645.079
101563,37645.078
101564,37700.077000000005
101565,37770.073000000004
101566,38305.074
101567,36730.077
101568,36945.078
101569,35920.078
101570,35605.077000000005
101571,36610.07600000001
101572,42610.078
101573,43405.077000000005
101574,43800.076
101575,45175.078
101576,44810.078
101577,46600.07600000001
101578,47960.072
101579,48800.068999999996
101580,48220.068
101581,48160.07
101582,47540.07200000001
101583,47100.06800000001
101584,41185.069
101585,40990.069
101586,41270.067
101587,41030.07
101588,40120.067
101589,40750.063
101590,41565.060999999994
101591,39610.058
101592,39585.058
101593,39560.058
101594,39890.060999999994
101595,39270.064
101596,39275.062999999995
101597,38100.064
101598,38160.062
101599,38190.064
101600,38165.064
101601,38390.063
101602,39175.062000000005
101603,39240.061
101604,39995.061
101605,40580.06
101606,40500.05799999999
101607,41484.05799999999
101608,42399.06
101609,41809.05999999999
101610,40994.06299999999
101611,40539.066
101612,39959.066
101613,40014.064999999995
101614,39214.064
101615,39214.066
101616,39689.064
101617,39664.064
101618,38741.068
101619,39131.068
101620,39486.07
101621,38976.075000000004
101622,44496.076
101623,44301.075
101624,45171.072
101625,44601.069
101626,44181.070999999996
101627,43261.07000000001
101628,43261.07000000001
101629,43781.064
101630,43916.066000000006
101631,38836.066
101632,38565.068999999996
101633,38615.068999999996
101634,39045.067
101635,40295.071
101636,39904.075000000004
101637,39867.078
101638,40642.079
101639,41667.074
101640,40892.074
101641,40928.075000000004
101642,40489.079
101643,40519.078
101644,39744.079000000005
101645,39914.079000000005
101646,40039.074
101647,39809.076
101648,38514.081
101649,38069.085
101650,38344.085
101651,37359.08700000001
101652,37829.08700000001
101653,37469.087999999996
101654,38235.088
101655,36830.09100000001
101656,36677.089
101657,36127.089
101658,36757.086
101659,36000.086
101660,35085.083999999995
101661,36265.083
101662,35592.086
101663,36207.085
101664,36123.081999999995
101665,37020.08499999999
101666,37240.08499999999
101667,38470.083999999995
101668,39115.081999999995
101669,45370.081999999995
101670,45882.079
101671,46447.08
101672,45352.085
101673,40104.083999999995
101674,39479.08699999999
101675,39746.09299999999
101676,39846.09799999999
101677,39851.1
101678,39301.101
101679,39081.103
101680,40003.106
101681,39223.111999999994
101682,40227.111
101683,39512.111
101684,39686.113
101685,36162.12100000001
101686,35547.124
101687,34927.128000000004
101688,35127.131
101689,34882.13900000001
101690,33580.14200000001
101691,33795.14500000001
101692,33961.15000000001
101693,35201.148
101694,35082.149
101695,35827.153
101696,36315.153
101697,36488.155
101698,36593.163
101699,37041.163
101700,37061.167
101701,37315.167
101702,36193.166
101703,36255.166
101704,35860.169
101705,35825.172
101706,36074.173
101707,36713.17599999999
101708,36593.178
101709,35701.176
101710,36316.17599999999
101711,35840.178
101712,36765.181000000004
101713,37125.182
101714,39458.185000000005
101715,38798.184
101716,39198.183000000005
101717,38462.183
101718,38696.185000000005
101719,41186.183
101720,39200.186
101721,39460.186
101722,40209.178
101723,41087.178
101724,40682.18
101725,41676.187
101726,41521.191
101727,40964.198
101728,40936.200000000004
101729,40817.207
101730,41588.21199999999
101731,42073.218
101732,41418.219999999994
101733,40873.223000000005
101734,41493.222
101735,42105.223999999995
101736,42000.223999999995
101737,42995.22199999999
101738,42205.226
101739,41555.226
101740,43706.22699999999
101741,43113.22599999999
101742,43851.21899999999
101743,43187.22499999999
101744,43857.225999999995
101745,43043.227999999996
101746,43680.229999999996
101747,40708.231
101748,40673.236999999994
101749,40940.231
101750,40213.231
101751,40111.23300000001
101752,39999.239
101753,40179.243
101754,41738.240000000005
101755,41948.240000000005
101756,42241.242999999995
101757,40290.243
101758,40422.245
101759,40701.247
101760,40679.244
101761,41368.244
101762,41038.247
101763,40716.24900000001
101764,40390.25200000001
101765,41016.25600000001
101766,40119.270000000004
101767,41081.273
101768,40199.280000000006
101769,40536.278000000006
101770,41357.291000000005
101771,39775.293000000005
101772,40457.3
101773,39735.306000000004
101774,40525.309
101775,39940.307
101776,40181.31
101777,39796.315
101778,40039.322
101779,39661.327000000005
101780,38541.33
101781,39687.32800000001
101782,40260.32700000001
101783,43299.32700000001
101784,42753.33000000001
101785,43116.333000000006
101786,43428.33700000001
101787,43678.340000000004
101788,43758.34100000001
101789,44515.34900000001
101790,44301.348000000005
101791,44440.35000000001
101792,44356.355
101793,44094.361
101794,43138.369
101795,43300.363000000005
101796,43857.355
101797,44659.354
101798,43303.358
101799,43419.362
101800,45160.358
101801,43867.361999999994
101802,43669.365999999995
101803,42703.361999999994
101804,43874.35800000001
101805,43063.356
101806,40649.357
101807,40608.355
101808,41943.356
101809,41668.357
101810,40484.362
101811,40750.365000000005
101812,41136.365999999995
101813,42699.366
101814,42382.371
101815,42906.376
101816,42418.388000000006
101817,42745.397000000004
101818,42759.395000000004
101819,43296.396
101820,43404.397000000004
101821,42899.397000000004
101822,41595.403000000006
101823,43112.401000000005
101824,40566.403
101825,40379.409
101826,40463.41499999999
101827,40821.41299999999
101828,39637.416
101829,39561.424
101830,40472.43000000001
101831,40083.433000000005
101832,40483.428
101833,38412.429000000004
101834,39353.43100000001
101835,39876.43600000001
101836,40047.435000000005
101837,39399.441
101838,41174.437
101839,39600.441000000006
101840,38536.44900000001
101841,39737.44800000001
101842,40478.45400000001
101843,41765.45800000001
101844,41714.45800000001
101845,41979.45100000001
101846,42295.45200000001
101847,43072.45000000001
101848,42991.452000000005
101849,43436.45900000001
101850,43925.45700000001
101851,42786.471
101852,42300.478
101853,42669.476
101854,41954.477000000006
101855,42355.474
101856,41764.47900000001
101857,42363.48
101858,41856.48400000002
101859,41354.48400000002
101860,41874.48200000001
101861,41855.487000000016
101862,41339.500000000015
101863,39377.49900000002
101864,40302.50400000001
101865,40435.508000000016
101866,40644.51300000002
101867,39953.51900000001
101868,40800.521000000015
101869,39913.525000000016
101870,39175.525000000016
101871,39711.532000000014
101872,40165.53700000001
101873,41338.53900000001
101874,44157.543000000005
101875,44008.543000000005
101876,45013.539000000004
101877,44775.54
101878,44295.56
101879,45949.55
101880,46024.557
101881,44996.571
101882,45593.57399999999
101883,45913.57399999999
101884,44814.579
101885,45747.576
101886,45539.57899999999
101887,46442.581000000006
101888,45545.58600000002
101889,45943.585
101890,47249.586
101891,47671.58100000002
101892,47160.58600000002
101893,45621.590000000004
101894,45849.58500000001
101895,45325.58300000001
101896,45997.58700000001
101897,45581.58600000001
101898,46555.595
101899,45111.59800000001
101900,43996.605
101901,44847.604
101902,45133.60200000001
101903,46156.60000000002
101904,45016.593000000015
101905,44346.60800000001
101906,44447.604000000014
101907,43985.61600000001
101908,43248.62
101909,44566.61500000001
101910,44375.60800000001
101911,43366.606000000014
101912,43548.610000000015
101913,43661.62500000001
101914,42899.62300000001
101915,44675.622
101916,44323.619000000006
101917,44892.61700000001
101918,44849.62000000001
101919,45606.61500000001
101920,46232.62000000001
101921,46497.617
101922,46951.61400000001
101923,45824.622
101924,45675.62000000001
101925,45691.61600000001
101926,46135.604000000014
101927,45893.60400000001
101928,46181.61400000001
101929,45274.610000000015
101930,45249.619000000006
101931,45203.62200000001
101932,45181.62600000001
101933,44834.63500000001
101934,44750.641
101935,43100.637
101936,43302.645
101937,42900.64100000001
101938,42048.64400000001
101939,43190.63900000001
101940,42188.631
101941,41689.64300000001
101942,42272.634000000005
101943,43550.63300000001
101944,42967.62900000001
101945,44211.628000000004
101946,41820.64000000001
101947,41979.649000000005
101948,42597.64900000002
101949,41621.64700000001
101950,41774.64500000001
101951,42527.633000000016
101952,42843.63300000001
101953,41958.63100000001
101954,42214.62600000001
101955,42364.62200000001
101956,42616.62700000001
101957,42608.62700000001
101958,43596.625
101959,43156.62900000001
101960,42129.632
101961,41174.64399999999
101962,41567.653000000006
101963,42439.646
101964,43117.64200000001
101965,43407.639
101966,43231.64800000001
101967,43602.63500000001
101968,42165.63100000001
101969,43431.632000000005
101970,43822.62800000001
101971,42949.63100000001
101972,42701.63500000001
101973,42334.63500000001
101974,42826.625
101975,43254.61400000001
101976,42105.623000000014
101977,42930.622
101978,43531.621000000014
101979,43833.612
101980,44627.61
101981,44536.619
101982,43797.619000000006
101983,43200.611
101984,43109.622
101985,43189.623
101986,44006.630000000005
101987,43384.628000000004
101988,43934.630000000005
101989,42523.632000000005
101990,42432.621999999996
101991,42134.62999999999
101992,42090.634
101993,42440.639
101994,42616.619000000006
101995,42428.623000000014
101996,41896.62400000001
101997,42615.621000000014
101998,41378.62200000001
101999,42761.615000000005
102000,42632.606000000014
102001,42198.59200000001
102002,42066.59000000001
102003,41693.599
102004,41178.60200000001
102005,40570.60700000001
102006,39321.596
102007,39910.596000000005
102008,40357.602000000006
102009,40317.590000000004
102010,41061.59300000001
102011,41594.604000000014
102012,40729.600000000006
102013,39668.60800000001
102014,39781.60500000001
102015,40037.595
102016,40980.58900000001
102017,39483.591000000015
102018,39817.59500000001
102019,38384.59299999999
102020,38014.596
102021,37135.605
102022,38329.60400000001
102023,39117.59700000001
102024,39063.605
102025,39470.593000000015
102026,39467.598000000005
102027,40124.59400000001
102028,39492.58800000002
102029,40528.60000000001
102030,40299.58500000001
102031,39987.58400000002
102032,39378.58000000001
102033,39728.57700000001
102034,39355.58900000001
102035,38162.592000000004
102036,36646.59300000001
102037,37773.592
102038,37109.592
102039,36136.600999999995
102040,35800.599
102041,36598.594
102042,35413.582
102043,33953.585000000014
102044,33743.578000000016
102045,34611.56300000002
102046,34761.56100000001
102047,33881.56000000002
102048,33941.55800000001
102049,33785.557000000015
102050,34223.56000000001
102051,33516.56200000002
102052,33821.559000000016
102053,34302.55200000002
102054,34327.55600000001
102055,34385.55600000001
102056,34482.54400000001
102057,34328.54300000001
102058,34106.54200000001
102059,35186.547000000006
102060,34063.54800000001
102061,34361.54100000001
102062,34010.54300000001
102063,34872.532000000014
102064,34676.53500000001
102065,33948.54600000001
102066,33863.54400000001
102067,33905.53700000001
102068,35060.52599999999
102069,33856.526000000005
102070,34010.525
102071,34733.51999999999
102072,34692.52599999999
102073,33541.53500000001
102074,33876.530000000006
102075,34270.52
102076,34390.512
102077,33234.504000000015
102078,32168.51000000002
102079,31474.51400000002
102080,32270.520000000022
102081,31463.51900000002
102082,31563.52500000002
102083,32284.52000000002
102084,31901.519000000022
102085,32416.519000000022
102086,32080.52000000002
102087,32037.513000000017
102088,31588.51700000002
102089,32743.512000000017
102090,31549.515000000018
102091,32028.51000000002
102092,31132.508000000016
102093,31163.50400000002
102094,36449.50500000002
102095,35889.50900000002
102096,35403.50700000001
102097,35763.50700000002
102098,35990.51300000002
102099,34683.514000000025
102100,35706.50600000002
102101,36209.50500000002
102102,35498.50200000002
102103,35205.49900000002
102104,36410.48700000002
102105,36262.49600000002
102106,37416.48500000002
102107,37133.48100000002
102108,37149.476000000024
102109,36838.47700000002
102110,36782.46800000002
102111,35682.47500000002
102112,36014.466000000015
102113,36562.472000000016
102114,35839.470000000016
102115,36117.46900000001
102116,35335.46300000002
102117,34468.46300000002
102118,34004.46200000002
102119,35065.46000000002
102120,35169.45100000002
102121,34664.45000000002
102122,34764.45300000002
102123,34010.453000000016
102124,34113.46500000002
102125,33317.46300000002
102126,33149.46500000001
102127,34440.460000000014
102128,34390.46100000001
102129,33745.45300000001
102130,33780.44800000001
102131,34799.45000000001
102132,34060.45400000001
102133,34228.449000000015
102134,34059.43900000001
102135,34163.443000000014
102136,33489.44100000001
102137,32500.44500000001
102138,32472.43800000001
102139,31131.436000000012
102140,30651.44200000001
102141,29761.439000000013
102142,30213.442000000014
102143,30020.44600000001
102144,30251.44800000001
102145,30538.447000000007
102146,30342.44400000001
102147,30104.44700000001
102148,23859.45300000001
102149,26116.45400000001
102150,26026.45700000001
102151,25681.46200000001
102152,25976.45900000001
102153,25971.461000000007
102154,25159.46700000001
102155,24285.464000000007
102156,24913.45800000001
102157,25136.45000000001
102158,24938.461000000007
102159,23448.451000000012
102160,23605.451000000012
102161,22719.45300000001
102162,21983.449000000008
102163,21976.447000000007
102164,21116.444000000007
102165,21573.449000000008
102166,21521.444000000007
102167,20974.431000000004
102168,21281.431000000008
102169,20906.423000000006
102170,21078.421000000006
102171,21007.421000000006
102172,21638.426000000007
102173,21043.41800000001
102174,20946.424000000006
102175,20616.427000000007
102176,20216.426000000003
102177,20650.417
102178,19405.410000000003
102179,20756.421000000002
102180,20699.421000000002
102181,20601.425000000003
102182,19705.431000000004
102183,20319.427000000003
102184,20029.429000000004
102185,19225.424000000003
102186,19385.434000000005
102187,20431.43
102188,20077.427000000003
102189,19496.423000000003
102190,19515.421000000002
102191,18868.427000000003
102192,18229.426000000003
102193,19651.417
102194,19334.408000000003
102195,19825.414
102196,19179.415
102197,17859.416999999998
102198,20237.410000000003
102199,18957.413
102200,19608.405000000002
102201,20400.4
102202,20876.401
102203,19509.397
102204,19761.393
102205,19230.399
102206,19255.390000000003
102207,20295.383
102208,19203.372
102209,20726.362999999998
102210,21298.348999999995
102211,20958.353999999996
102212,20378.350999999995
102213,20353.354999999996
102214,19797.372999999996
102215,18333.375999999997
102216,17665.375999999997
102217,17794.380999999998
102218,16626.381000000005
102219,15334.381000000003
102220,13744.382000000001
102221,12847.386000000004
102222,12472.392000000003
102223,12781.399000000003
102224,12070.408000000003
102225,11631.413000000006
102226,11366.416000000007
102227,11326.416000000008
102228,13213.425000000012
102229,14128.42600000001
102230,15548.435000000012
102231,14577.451000000015
102232,14750.464000000014
102233,12997.473000000015
102234,11593.484000000015
102235,11316.495000000014
102236,10187.512000000012
102237,8451.533000000014
102238,5889.571000000014
102239,2489.621999999997
102240,1955.4389999999958
102241,4325.423000000012
102242,5420.417000000015
102243,6162.4120000000175
102244,7597.40000000002
102245,8285.39700000002
102246,9555.390000000018
102247,10885.38000000002
102248,10960.387000000019
102249,11960.38000000002
102250,14930.383000000018
102251,13842.379000000017
102252,13697.381000000014
102253,13832.38000000001
102254,12875.38000000001
102255,13930.379000000008
102256,14355.369000000008
102257,13417.366000000005
102258,14227.368000000002
102259,14137.362000000003
102260,11926.351000000002
102261,12109.354000000003
102262,12329.351000000004
102263,13059.340000000002
102264,14419.33
102265,14694.325
102266,15934.318
102267,17439.311
102268,17764.307
102269,18407.303999999996
102270,18282.299
102271,20212.300999999996
102272,20632.304999999997
102273,20842.311999999998
102274,21002.315
102275,21333.319
102276,20693.320999999996
102277,20528.328999999998
102278,19413.329999999998
102279,19788.325
102280,20358.322
102281,19148.321
102282,18604.314
102283,18889.307
102284,18484.307
102285,18424.311
102286,18044.311
102287,17804.304
102288,18289.308
102289,18584.309
102290,18914.306
102291,18479.300000000003
102292,17519.296000000002
102293,18144.292
102294,17209.288000000004
102295,17419.288000000004
102296,18016.284000000003
102297,17986.284000000003
102298,18176.275
102299,18761.272
102300,18401.267000000003
102301,19156.271000000004
102302,19466.263000000003
102303,19371.262000000002
102304,20281.262000000002
102305,20966.251000000004
102306,20096.254000000004
102307,20478.248000000007
102308,20038.242000000006
102309,19543.243000000006
102310,18508.233
102311,18068.239
102312,18311.232000000004
102313,18336.222000000005
102314,17941.220000000005
102315,18101.218000000004
102316,17836.220000000005
102317,17121.218000000004
102318,17456.212000000003
102319,17829.209000000003
102320,18854.197000000004
102321,19062.185000000005
102322,17672.187
102323,18832.189000000006
102324,17672.187
102325,16720.187
102326,18305.184
102327,19460.184000000005
102328,18875.184000000005
102329,20047.183000000005
102330,20432.185000000005
102331,19997.193000000007
102332,21192.189000000006
102333,20447.188000000006
102334,22010.189000000006
102335,22225.190000000006
102336,20640.195000000003
102337,21435.193000000007
102338,21668.192000000006
102339,20901.194000000003
102340,19166.194000000007
102341,19168.195000000007
102342,18018.194000000003
102343,18393.199000000004
102344,18798.197000000004
102345,19396.195000000003
102346,19986.194000000003
102347,18984.197000000004
102348,18814.196000000004
102349,18424.197
102350,19594.195000000003
102351,20164.198000000004
102352,18954.203000000005
102353,19369.202000000005
102354,18019.199000000004
102355,18193.202
102356,18195.204000000005
102357,19375.205000000005
102358,19421.200000000008
102359,19586.204000000005
102360,19811.199000000004
102361,20042.196000000007
102362,21237.195000000007
102363,20272.196000000004
102364,21417.198000000004
102365,21824.197000000004
102366,21424.197000000004
102367,21786.198000000004
102368,21378.200000000004
102369,22353.200000000004
102370,21596.198000000004
102371,20999.200000000004
102372,20049.197000000004
102373,19874.195000000007
102374,20264.195000000007
102375,19854.198000000008
102376,21039.196000000007
102377,20502.191000000003
102378,20882.190000000002
102379,19697.192000000003
102380,19669.194000000003
102381,19892.191000000006
102382,19692.192000000006
102383,20257.194000000007
102384,18942.189000000006
102385,19157.189000000006
102386,18564.189000000002
102387,20124.189000000006
102388,19324.189000000006
102389,20276.189000000006
102390,21041.190000000006
102391,20451.191000000003
102392,21606.192000000003
102393,21411.194000000003
102394,22166.197000000004
102395,22164.197000000004
102396,22157.198000000004
102397,22317.203000000005
102398,21907.205000000005
102399,22669.205000000005
102400,21299.206000000006
102401,21644.209000000006
102402,19691.208000000006
102403,19716.206000000006
102404,20181.201000000005
102405,20386.199000000004
102406,20384.199000000004
102407,19234.198000000004
102408,20409.197000000004
102409,20039.193000000003
102410,20232.195000000003
102411,20212.197000000004
102412,20252.193000000003
102413,20812.195000000003
102414,18792.200000000004
102415,18939.204
102416,18944.203
102417,20499.203000000005
102418,19542.201000000005
102419,19912.205000000005
102420,19927.203000000005
102421,19502.206000000002
102422,21252.206000000006
102423,21252.206000000006
102424,22042.204000000005
102425,22827.204000000005
102426,23997.202000000005
102427,24207.203000000005
102428,24652.198000000004
102429,25006.203000000005
102430,23836.203000000005
102431,24449.200000000004
102432,22874.203000000005
102433,22879.202000000005
102434,22669.203000000005
102435,22062.204000000005
102436,21277.203000000005
102437,21342.197000000004
102438,21319.200000000004
102439,20554.197000000004
102440,21109.200000000004
102441,21066.202000000005
102442,20486.201000000005
102443,21284.197000000004
102444,19521.197000000004
102445,20291.198000000004
102446,20306.193000000007
102447,21474.191000000006
102448,20514.188000000006
102449,21099.189000000006
102450,20919.187000000005
102451,21327.185000000005
102452,21674.188000000006
102453,21704.183000000005
102454,22119.176000000003
102455,22699.174000000003
102456,23661.175000000003
102457,23818.178000000004
102458,23818.179000000004
102459,25186.179000000004
102460,24796.180000000004
102461,24406.178000000004
102462,22329.171000000006
102463,22309.172000000006
102464,22697.172000000006
102465,21332.170000000006
102466,21122.171000000006
102467,21662.170000000006
102468,22227.171000000006
102469,22009.173000000006
102470,22382.173000000006
102471,22777.168000000005
102472,22714.173000000006
102473,23477.175000000007
102474,22107.176000000007
102475,22727.172000000006
102476,21922.173000000006
102477,23269.174000000006
102478,21699.175000000007
102479,21894.178000000007
102480,22261.18400000001
102481,22086.19100000001
102482,22289.19100000001
102483,22479.190000000006
102484,21889.19300000001
102485,21689.19000000001
102486,21869.19500000001
102487,21877.19700000001
102488,22075.194000000007
102489,22880.195000000007
102490,22448.202000000005
102491,22670.202000000005
102492,20715.201000000005
102493,21305.201000000005
102494,21586.196000000007
102495,21766.197000000007
102496,22156.196000000007
102497,22140.198000000008
102498,23331.194000000007
102499,23547.197000000007
102500,23377.193000000007
102501,23752.195000000007
102502,23808.194000000007
102503,25004.197000000007
102504,23081.199000000008
102505,23882.200000000004
102506,23732.196000000004
102507,25931.193000000003
102508,24011.195000000003
102509,24046.197000000004
102510,24194.202000000005
102511,24036.20100000001
102512,23879.199000000008
102513,23676.203000000005
102514,24088.205000000005
102515,23125.204000000005
102516,23352.203000000005
102517,23759.199000000004
102518,23594.199000000008
102519,25935.198000000004
102520,26540.197000000004
102521,25888.208000000006
102522,24535.208000000006
102523,24197.205000000005
102524,23817.208000000006
102525,24050.204000000005
102526,24020.209000000006
102527,24276.202000000005
102528,25224.204000000005
102529,25260.201000000005
102530,25510.20100000001
102531,24961.20200000001
102532,25299.206000000006
102533,26873.20400000001
102534,24612.199000000008
102535,25987.194000000007
102536,25351.196000000007
102537,26704.197000000007
102538,25750.195000000007
102539,26360.193000000007
102540,26426.193000000007
102541,27001.196000000007
102542,27633.196000000007
102543,27120.189000000006
102544,26779.186000000005
102545,26207.185000000005
102546,25621.186000000005
102547,27019.182000000004
102548,26820.184000000005
102549,28201.188000000006
102550,27974.192000000006
102551,27766.194000000007
102552,26963.197000000007
102553,26161.203000000005
102554,26212.199000000008
102555,26621.196000000007
102556,26968.201000000005
102557,26211.202000000005
102558,27547.209000000006
102559,28182.208000000006
102560,28234.208000000006
102561,28237.211000000007
102562,27773.203000000005
102563,28953.202
102564,27215.198000000004
102565,28761.201
102566,28044.198
102567,28949.201
102568,27669.196
102569,27887.198
102570,26714.203
102571,27073.205
102572,27629.207
102573,27213.21
102574,27114.207000000002
102575,26668.208
102576,25474.212
102577,25565.221
102578,26141.222
102579,27198.215000000004
102580,26614.217000000004
102581,27440.215000000004
102582,26696.215000000004
102583,26725.210000000003
102584,26748.211000000003
102585,27370.212000000003
102586,28373.211000000003
102587,27411.210000000003
102588,28839.208000000002
102589,29078.209000000003
102590,29470.210000000003
102591,30444.209000000003
102592,30575.201000000005
102593,31134.201000000005
102594,29657.194000000003
102595,31033.191000000003
102596,29304.190000000002
102597,30732.187
102598,29002.184000000005
102599,29348.186000000005
102600,28587.184000000005
102601,28491.189000000006
102602,28342.191000000003
102603,27030.193000000003
102604,26796.197000000004
102605,26035.195000000007
102606,25702.190000000006
102607,26319.184000000005
102608,27141.183000000005
102609,27336.187000000005
102610,28122.185000000005
102611,28972.180000000004
102612,28566.184000000005
102613,28034.189000000006
102614,27887.188000000002
102615,28077.192000000003
102616,28493.197000000004
102617,27959.210000000006
102618,28991.211000000003
102619,29946.200000000004
102620,30111.204000000005
102621,30660.211000000007
102622,30322.211000000007
102623,31780.202000000005
102624,30962.202000000005
102625,30591.203000000005
102626,29489.206000000006
102627,30229.212000000007
102628,28900.204000000005
102629,29695.204000000005
102630,29211.196000000004
102631,29156.201000000005
102632,29332.206000000006
102633,29817.207000000002
102634,29963.214000000004
102635,29603.216000000004
102636,29160.225000000006
102637,29436.227000000003
102638,30014.226000000002
102639,29859.231000000003
102640,30439.238
102641,30983.241
102642,30836.239
102643,30710.241
102644,30823.246000000003
102645,30474.246000000003
102646,30685.244000000002
102647,29948.247000000003
102648,30532.248000000003
102649,31171.253000000004
102650,31389.259000000002
102651,30920.262000000002
102652,30714.265000000003
102653,30475.268000000004
102654,30449.270000000004
102655,31022.270000000004
102656,30392.271000000004
102657,31167.272000000004
102658,29906.277000000002
102659,30262.281000000003
102660,29945.274000000005
102661,29678.282000000007
102662,29926.276000000005
102663,29405.271000000004
102664,29812.267000000007
102665,28898.274000000005
102666,29588.279000000006
102667,29459.274000000005
102668,29850.273000000005
102669,28518.267000000007
102670,29620.263000000006
102671,30092.257000000005
102672,29462.258000000005
102673,30119.244000000006
102674,30423.242000000006
102675,31683.231000000003
102676,31698.221000000005
102677,30229.225000000006
102678,31328.229000000003
102679,32277.230000000003
102680,33598.22900000001
102681,33657.225000000006
102682,34006.226
102683,33408.23100000001
102684,33794.226
102685,33170.227000000006
102686,32943.228
102687,34112.226
102688,31984.219000000005
102689,32144.214000000004
102690,31104.210000000006
102691,31263.206000000006
102692,31562.205000000005
102693,30938.202000000005
102694,30919.204
102695,29996.195000000007
102696,30237.190000000006
102697,30017.188000000002
102698,31409.18
102699,30044.176000000003
102700,30644.173000000006
102701,30379.164000000004
102702,29773.164000000004
102703,29746.160000000003
102704,30111.156000000003
102705,30062.151
102706,29433.155000000002
102707,28485.15
102708,30002.144000000004
102709,30928.143000000004
102710,31668.139000000003
102711,30827.132
102712,31994.133
102713,32962.13
102714,32964.129
102715,33340.131
102716,33754.12699999999
102717,34571.12499999999
102718,32488.123
102719,33277.121
102720,32349.120000000006
102721,32948.116
102722,32814.11
102723,32446.110000000004
102724,31972.114
102725,31363.115
102726,32142.111000000004
102727,31927.116
102728,33171.113
102729,31787.114000000005
102730,31787.113
102731,30785.113
102732,30581.112000000005
102733,30057.106000000003
102734,30407.105000000003
102735,30518.102000000003
102736,29717.104000000003
102737,28554.104000000003
102738,29751.101000000002
102739,30261.101000000006
102740,29724.103000000006
102741,29552.101000000006
102742,31477.101000000006
102743,33126.095
102744,32345.095000000005
102745,32136.098000000005
102746,32688.098000000005
102747,33577.098999999995
102748,31432.098000000005
102749,32409.094000000005
102750,31477.094000000005
102751,32807.095
102752,31242.093000000008
102753,30632.090000000004
102754,30797.087000000007
102755,30093.084000000006
102756,30295.085000000006
102757,30016.088000000007
102758,31294.089000000007
102759,30365.088000000007
102760,30589.082000000006
102761,30183.080000000005
102762,29789.079000000005
102763,29402.078000000005
102764,29412.081000000006
102765,29860.078000000005
102766,28841.078000000005
102767,28107.084000000006
102768,29081.086000000007
102769,29391.087000000003
102770,30008.087000000007
102771,29631.088000000007
102772,31446.086000000007
102773,32951.090000000004
102774,33126.089
102775,33328.086
102776,33578.086
102777,33558.082
102778,31868.07600000001
102779,32878.07200000001
102780,32655.072000000007
102781,33250.07000000001
102782,32485.067000000006
102783,31585.063000000006
102784,31605.060000000005
102785,31075.060000000005
102786,31305.058000000005
102787,31295.060000000005
102788,31505.063000000006
102789,30245.062000000005
102790,29730.058000000005
102791,29705.058000000005
102792,29410.054000000007
102793,29260.050000000007
102794,29295.048000000006
102795,29490.049000000006
102796,29020.050000000007
102797,28268.051000000007
102798,29078.050000000007
102799,29113.049000000006
102800,30383.053000000007
102801,30363.052000000003
102802,31563.052000000007
102803,33743.052
102804,34068.056
102805,34688.054000000004
102806,35248.05699999999
102807,35153.062
102808,34148.063
102809,36073.062999999995
102810,35548.063
102811,36128.06599999999
102812,34973.068
102813,33373.07200000001
102814,33218.069
102815,32633.069000000007
102816,32403.071000000007
102817,32403.072000000007
102818,32423.073000000008
102819,31028.074000000008
102820,30673.072000000007
102821,31028.072000000007
102822,30663.072000000007
102823,29423.07700000001
102824,29628.077000000005
102825,29323.07600000001
102826,28998.074000000008
102827,28448.073000000008
102828,29628.071000000007
102829,30278.068000000007
102830,31133.068000000007
102831,30523.068000000007
102832,31303.068000000007
102833,33473.06900000001
102834,34113.07000000001
102835,34303.071
102836,34583.06900000001
102837,35238.06500000001
102838,34688.06300000001
102839,35678.065
102840,35328.062000000005
102841,35713.063
102842,34953.066000000006
102843,33903.06300000001
102844,33548.06100000001
102845,32758.06300000001
102846,32388.06400000001
102847,32975.06500000001
102848,33115.06700000001
102849,32160.06800000001
102850,32503.06700000001
102851,32898.066000000006
102852,32843.067
102853,32100.06500000001
102854,32115.062000000005
102855,31495.064000000006
102856,31365.06100000001
102857,30690.064000000006
102858,31410.068000000007
102859,30330.074000000008
102860,31145.073000000008
102861,30505.07900000001
102862,30565.07700000001
102863,32625.07500000001
102864,33635.07300000001
102865,33560.08000000001
102866,34015.07600000001
102867,33985.077000000005
102868,33435.07500000001
102869,33845.07700000001
102870,33205.07800000001
102871,33240.07700000001
102872,33695.07400000001
102873,32690.07500000001
102874,32950.07300000001
102875,33095.07300000001
102876,33155.07100000001
102877,33515.07200000001
102878,32785.07200000001
102879,32405.07000000001
102880,32965.07000000001
102881,34020.064000000006
102882,33400.066000000006
102883,32455.06600000001
102884,31265.06500000001
102885,30755.06500000001
102886,31120.06600000001
102887,31515.065000000006
102888,32330.063000000006
102889,32550.06300000001
102890,32950.061
102891,32750.06200000001
102892,32970.062000000005
102893,34940.063
102894,36050.064999999995
102895,36275.064999999995
102896,36410.068
102897,35790.072
102898,34810.073000000004
102899,35860.068999999996
102900,35330.07000000001
102901,34725.069
102902,34550.07000000001
102903,33110.066000000006
102904,33330.066000000006
102905,33295.069
102906,31955.069000000007
102907,32220.066000000006
102908,31865.06400000001
102909,31320.061000000005
102910,31680.063000000006
102911,32450.06600000001
102912,32095.06400000001
102913,32160.06200000001
102914,30605.06200000001
102915,30295.06100000001
102916,31275.06000000001
102917,31490.06100000001
102918,33300.060000000005
102919,33685.06100000001
102920,33340.06300000001
102921,33510.064000000006
102922,33930.06300000001
102923,35940.06100000001
102924,37300.06300000001
102925,36935.063
102926,37530.061
102927,36530.062000000005
102928,35170.06200000001
102929,35325.06500000001
102930,36040.060000000005
102931,35070.05900000001
102932,34985.06100000001
102933,33530.064000000006
102934,33300.06700000001
102935,33500.066000000006
102936,32695.06600000001
102937,33420.06700000001
102938,32860.06800000001
102939,32300.07000000001
102940,32035.07400000001
102941,33045.07300000001
102942,32595.076000000012
102943,32715.07200000001
102944,31785.06800000001
102945,31035.06900000001
102946,31185.07300000001
102947,31258.07100000001
102948,33103.070000000014
102949,34088.06900000001
102950,33463.07200000001
102951,33828.072000000015
102952,34223.07100000001
102953,35903.072
102954,36648.074
102955,36483.073
102956,36123.073
102957,35398.072
102958,34383.07
102959,34438.069
102960,34828.071
102961,34948.06500000001
102962,35073.06900000001
102963,33518.06900000001
102964,33188.06800000001
102965,32423.06900000001
102966,32028.07100000001
102967,32193.07200000001
102968,32158.07400000001
102969,31243.07300000001
102970,30613.077000000012
102971,31058.077000000012
102972,30493.07400000001
102973,31093.07100000001
102974,30925.07100000001
102975,30770.07200000001
102976,31140.078000000012
102977,32115.078000000012
102978,33295.077000000005
102979,34445.078
102980,33655.08000000001
102981,33845.077000000005
102982,33845.077000000005
102983,35025.081
102984,35435.082
102985,36220.082
102986,35695.08
102987,35145.078
102988,34055.076
102989,33745.075
102990,35005.073
102991,34605.074
102992,34980.073000000004
102993,33830.07
102994,32645.06900000001
102995,31660.07100000001
102996,31470.07000000001
102997,32460.06600000001
102998,32875.066000000006
102999,36525.06800000001
103000,36300.06900000001
103001,37310.066000000006
103002,43010.06400000001
103003,43330.06400000001
103004,44425.064000000006
103005,44455.062000000005
103006,45035.06300000001
103007,45070.064000000006
103008,45460.064000000006
103009,46630.06399999999
103010,46040.065
103011,45250.067
103012,45090.065
103013,45685.068
103014,46250.066999999995
103015,41705.06699999999
103016,41350.06499999999
103017,40660.06199999999
103018,39455.064
103019,39423.064000000006
103020,40053.060000000005
103021,39493.060000000005
103022,39483.062000000005
103023,39003.056000000004
103024,38008.05500000001
103025,37428.054000000004
103026,37173.056000000004
103027,37558.05700000001
103028,37508.06100000001
103029,36273.064000000006
103030,36573.06700000001
103031,37703.07000000001
103032,37093.07000000001
103033,38328.067
103034,39158.067
103035,39188.066
103036,38863.07200000001
103037,33028.07200000001
103038,33198.07300000001
103039,34183.07200000001
103040,34253.06800000001
103041,33728.066000000006
103042,34153.064000000006
103043,35063.059
103044,35093.059
103045,35623.06
103046,34968.066
103047,35223.063
103048,35008.062
103049,35403.061
103050,35818.062
103051,35587.061
103052,34937.064000000006
103053,34052.06200000001
103054,32729.06400000001
103055,32149.06300000001
103056,31464.070000000007
103057,31604.070000000007
103058,31989.072000000007
103059,31014.073000000008
103060,31360.066000000006
103061,32525.067000000006
103062,31750.067000000006
103063,33085.06800000001
103064,32650.072000000007
103065,32315.071000000007
103066,32875.071
103067,32645.073000000008
103068,33050.07200000001
103069,33985.07600000001
103070,34098.07700000001
103071,33787.075000000004
103072,34762.077000000005
103073,34897.08
103074,35292.08
103075,35477.083
103076,35317.081
103077,34667.084
103078,33712.085000000014
103079,33875.08600000001
103080,34040.088
103081,33590.092000000004
103082,34096.089
103083,33076.09400000001
103084,32742.09000000001
103085,32464.08900000001
103086,33089.08700000001
103087,33059.08800000001
103088,32529.08700000001
103089,31384.08700000001
103090,31424.08400000001
103091,31878.08300000001
103092,31258.08300000001
103093,32853.08400000001
103094,33513.079000000005
103095,33197.077000000005
103096,33207.07600000001
103097,33664.083000000006
103098,33844.08700000001
103099,40264.087000000014
103100,39997.08900000001
103101,39777.09000000001
103102,40424.08800000001
103103,40440.08800000001
103104,42080.08900000001
103105,42122.087
103106,42123.08500000001
103107,41763.085999999996
103108,41224.08500000001
103109,41305.081999999995
103110,42993.085
103111,42823.085999999996
103112,43059.081
103113,41494.08500000001
103114,39914.08500000001
103115,39736.08600000001
103116,39952.08600000001
103117,39675.092000000004
103118,39490.09700000001
103119,38505.100000000006
103120,38507.102000000006
103121,38740.10100000001
103122,38601.10100000001
103123,39398.10500000001
103124,40098.10600000001
103125,39648.111000000004
103126,39495.10800000001
103127,39515.11300000001
103128,39935.115000000005
103129,40910.115000000005
103130,40720.11700000001
103131,41150.119000000006
103132,41265.12500000001
103133,41230.134000000005
103134,42165.138999999996
103135,41750.143
103136,41815.147
103137,41811.142
103138,40491.15
103139,40751.147000000004
103140,41706.15
103141,40989.151000000005
103142,40604.15100000001
103143,38626.15500000001
103144,36751.15400000001
103145,37221.16100000001
103146,37328.16100000001
103147,37149.16600000001
103148,37380.17100000001
103149,36665.172000000006
103150,36645.16900000001
103151,37780.17400000001
103152,32174.17300000001
103153,33572.172000000006
103154,34648.169
103155,34798.168
103156,35377.166
103157,35784.167
103158,36034.168999999994
103159,37159.172999999995
103160,36554.176999999996
103161,36673.17799999999
103162,37893.179
103163,38474.17999999999
103164,39261.17999999999
103165,39366.17999999999
103166,39011.183999999994
103167,39160.187999999995
103168,38368.191999999995
103169,38469.191999999995
103170,38357.189999999995
103171,36850.191
103172,35455.194
103173,34264.196
103174,32329.20300000001
103175,32539.210000000003
103176,31564.218000000004
103177,31160.224000000006
103178,31501.22700000001
103179,30480.22500000001
103180,30454.22400000001
103181,32170.22600000001
103182,32143.221000000005
103183,32406.228000000006
103184,33116.226
103185,33539.223000000005
103186,34173.228
103187,33981.22900000001
103188,34473.228
103189,35548.227
103190,36118.231
103191,36614.228
103192,36882.231999999996
103193,37141.236999999994
103194,37735.24
103195,37269.240999999995
103196,37777.238999999994
103197,38618.242
103198,38260.247
103199,38915.248
103200,39055.252
103201,38207.257
103202,37230.263
103203,36759.261
103204,36682.255
103205,36314.257
103206,35898.259999999995
103207,35856.257
103208,35654.263999999996
103209,34694.266
103210,34694.26500000001
103211,35588.274999999994
103212,35573.274000000005
103213,36807.278
103214,37298.282
103215,37563.28
103216,38109.277
103217,38428.282
103218,38997.280000000006
103219,39348.283
103220,39451.29
103221,39670.294
103222,40644.295000000006
103223,40350.295000000006
103224,39826.296
103225,39466.309
103226,40419.310000000005
103227,40579.305
103228,40800.30000000001
103229,40847.30700000001
103230,41521.30400000001
103231,40781.31100000001
103232,39462.31000000001
103233,38344.31700000001
103234,37233.32100000001
103235,37623.32100000001
103236,36799.31900000001
103237,36076.324000000015
103238,36360.324000000015
103239,35908.32500000002
103240,35916.32200000001
103241,37115.32400000001
103242,37649.32500000001
103243,38946.328000000016
103244,40291.32900000001
103245,40266.32700000001
103246,40050.324000000015
103247,40540.320000000014
103248,40845.32300000002
103249,40873.32700000002
103250,41566.32400000001
103251,42095.31900000001
103252,42230.31900000001
103253,41438.324000000015
103254,40881.32200000001
103255,40691.326000000015
103256,40884.32800000001
103257,42114.325000000004
103258,41273.320999999996
103259,41725.32300000001
103260,42092.319
103261,41542.32000000001
103262,40686.331000000006
103263,40104.33900000001
103264,38755.34800000001
103265,38702.35300000002
103266,38343.35600000001
103267,37833.36200000001
103268,38658.36800000002
103269,38351.37400000002
103270,38751.379000000015
103271,45159.37900000002
103272,45248.377000000015
103273,45545.381000000016
103274,46844.38000000002
103275,46835.37800000002
103276,47013.38100000002
103277,47477.37800000002
103278,46677.39800000002
103279,45515.41000000002
103280,45405.41800000002
103281,45633.42800000002
103282,46100.43900000001
103283,46194.44100000002
103284,47217.43400000001
103285,47426.432000000015
103286,46211.430000000015
103287,41452.436000000016
103288,41432.44000000002
103289,41826.43500000001
103290,42016.43900000001
103291,42054.44600000002
103292,41338.44800000001
103293,40851.45000000001
103294,39454.45600000001
103295,40320.45800000001
103296,39913.46800000001
103297,40006.46400000001
103298,39784.46300000002
103299,39471.47400000002
103300,40077.48000000001
103301,40289.479000000014
103302,41014.48300000001
103303,41400.48700000001
103304,48551.49000000002
103305,48567.498000000014
103306,49442.49700000001
103307,49643.49300000001
103308,49977.49400000001
103309,49593.49200000002
103310,49130.500000000015
103311,50523.50600000002
103312,51424.49800000002
103313,51666.50500000002
103314,51884.51100000002
103315,46246.51100000002
103316,45375.51500000002
103317,44945.51800000002
103318,45000.51800000002
103319,44744.53000000002
103320,45051.52400000002
103321,44839.52000000001
103322,43916.533
103323,43183.53000000001
103324,41426.536000000015
103325,41558.54300000001
103326,41741.54600000001
103327,41251.554000000004
103328,40649.557
103329,41310.55900000001
103330,42631.551
103331,40945.555
103332,40517.562000000005
103333,40912.571
103334,41744.577000000005
103335,41961.587
103336,43081.58300000001
103337,43053.579000000005
103338,42773.592000000004
103339,42256.59300000001
103340,41856.6
103341,42836.613000000005
103342,43910.614
103343,43923.623999999996
103344,43402.627
103345,43416.639
103346,42246.64500000002
103347,42731.646000000015
103348,42783.645000000004
103349,43428.635
103350,43087.63900000001
103351,43427.63700000002
103352,43291.632000000005
103353,43385.62600000002
103354,42702.63200000002
103355,43123.635000000024
103356,44105.63200000001
103357,43825.632000000005
103358,43130.63100000001
103359,43754.63100000001
103360,43785.63200000001
103361,42982.63000000001
103362,41771.62200000002
103363,42408.61300000001
103364,42273.61600000001
103365,42148.61700000001
103366,43163.63000000001
103367,43353.634
103368,42900.63100000001
103369,40828.637
103370,40512.62700000001
103371,41666.625000000015
103372,42780.62600000002
103373,42289.633000000016
103374,47782.63400000002
103375,47475.62700000002
103376,45425.625000000015
103377,45674.621000000014
103378,46190.61900000002
103379,47553.61700000003
103380,47948.62200000003
103381,48354.615000000034
103382,48335.61100000002
103383,48122.61900000002
103384,47943.62400000001
103385,46912.63200000001
103386,48038.61700000001
103387,47848.619000000006
103388,47796.61600000002
103389,48321.61100000002
103390,48859.61800000003
103391,48287.61500000002
103392,48084.61100000003
103393,48494.630000000034
103394,48171.624000000025
103395,48461.624000000025
103396,49682.62700000002
103397,49341.62700000002
103398,48842.62300000002
103399,47669.63700000003
103400,47667.640000000014
103401,48349.64000000003
103402,47990.643000000025
103403,46848.64300000001
103404,47527.63500000001
103405,47938.633000000016
103406,45751.625000000015
103407,46265.622
103408,47403.611000000004
103409,47994.61200000002
103410,47522.614000000016
103411,47349.624000000025
103412,47005.62400000001
103413,46877.64100000002
103414,47121.65000000002
103415,47468.63800000002
103416,47889.65000000002
103417,47416.64700000001
103418,47112.64300000001
103419,47782.640000000014
103420,42246.64300000001
103421,41186.63200000002
103422,41985.62200000002
103423,42035.62300000002
103424,41333.62500000002
103425,41456.62000000002
103426,42881.627000000015
103427,42441.62400000002
103428,41537.63200000002
103429,40155.62800000002
103430,40376.63900000002
103431,40705.63400000002
103432,41120.61700000002
103433,40839.612000000016
103434,41622.62200000002
103435,41397.629000000015
103436,39330.62700000001
103437,39194.64100000001
103438,40073.63100000001
103439,41149.623000000014
103440,40576.614000000016
103441,41219.62000000002
103442,40864.62000000002
103443,41170.62300000001
103444,41046.616000000016
103445,40568.61700000002
103446,41070.61400000002
103447,40826.616000000016
103448,40279.62000000002
103449,40608.62400000002
103450,41188.62000000001
103451,39798.62600000002
103452,39990.61900000003
103453,39869.62700000002
103454,38710.63800000001
103455,38272.639000000025
103456,40013.635000000024
103457,40052.62700000002
103458,39578.62400000002
103459,37267.62200000002
103460,36721.629000000015
103461,37125.62700000001
103462,37510.61700000001
103463,37161.63000000001
103464,37372.623000000014
103465,38400.61100000001
103466,37040.589000000014
103467,37068.58400000002
103468,36962.59100000001
103469,36909.592000000004
103470,37149.59700000001
103471,37784.59800000001
103472,37731.587000000014
103473,37302.57900000001
103474,36812.58000000001
103475,35925.58600000002
103476,36076.58300000001
103477,36154.57500000001
103478,36085.576000000015
103479,36159.578000000016
103480,36217.56900000001
103481,34926.57300000001
103482,34373.57500000001
103483,34871.56500000001
103484,35048.57000000001
103485,34215.57500000001
103486,34965.58600000001
103487,33545.58800000001
103488,32960.59000000001
103489,32136.58800000002
103490,31087.591000000022
103491,32110.57700000002
103492,32552.58800000002
103493,33203.59300000001
103494,34019.581999999995
103495,34722.575
103496,33777.572
103497,34219.577
103498,33550.57400000001
103499,33834.56400000001
103500,33928.56700000001
103501,33936.56300000001
103502,33591.55500000001
103503,32642.547000000017
103504,32614.544000000016
103505,32042.547000000017
103506,31981.54100000002
103507,32039.546000000017
103508,32499.544000000016
103509,32955.551000000014
103510,33002.55600000001
103511,32286.553000000018
103512,31353.565000000017
103513,31301.558000000015
103514,31001.551000000018
103515,30929.543000000016
103516,32692.539000000015
103517,32071.53600000002
103518,31628.532000000017
103519,30643.532000000017
103520,30050.52800000002
103521,29851.52600000002
103522,31554.518000000015
103523,33590.51000000002
103524,34101.51200000002
103525,35399.50900000002
103526,34118.50700000002
103527,33656.51000000002
103528,32390.513000000014
103529,32914.50400000001
103530,33304.502000000015
103531,33403.513000000006
103532,32220.514000000014
103533,30579.514000000014
103534,30429.524000000016
103535,29232.529000000013
103536,29071.533000000014
103537,30065.530000000013
103538,31610.524000000016
103539,31263.529000000013
103540,30949.535000000014
103541,30079.530000000013
103542,29753.521000000015
103543,29114.519000000015
103544,27891.521000000015
103545,27926.514000000017
103546,28688.509000000016
103547,28330.507000000016
103548,26486.514000000017
103549,25418.50500000002
103550,24782.50200000002
103551,25356.499000000018
103552,26143.496000000017
103553,27449.494000000017
103554,27903.48500000002
103555,28243.484000000015
103556,27238.475000000017
103557,26516.476000000017
103558,25896.468000000015
103559,26545.460000000014
103560,26817.458000000013
103561,27717.451000000015
103562,27797.451000000012
103563,26343.451000000015
103564,26895.448000000015
103565,26864.448000000015
103566,27621.446000000014
103567,28434.44700000001
103568,28621.44600000001
103569,27715.45000000001
103570,27139.457000000013
103571,27088.444000000018
103572,26670.452000000016
103573,27201.44700000002
103574,27262.442000000017
103575,26575.440000000013
103576,27535.444000000014
103577,27596.44600000001
103578,27714.43900000001
103579,26952.43500000001
103580,26719.43000000001
103581,26590.42400000001
103582,25493.43000000001
103583,26149.431000000015
103584,25161.43200000001
103585,25151.43300000001
103586,23346.44400000001
103587,22284.440000000013
103588,21324.436000000012
103589,22248.44700000001
103590,22053.44500000001
103591,22119.451000000012
103592,22445.450000000008
103593,21837.45100000001
103594,22668.45400000001
103595,23148.459000000006
103596,23267.46000000001
103597,23718.465000000007
103598,24694.460000000006
103599,24266.456000000006
103600,24144.450000000004
103601,24563.440000000002
103602,24486.442000000006
103603,24850.437000000005
103604,23487.444000000003
103605,23467.443000000007
103606,24158.445000000007
103607,24288.441000000003
103608,24001.444000000003
103609,23220.439000000002
103610,23297.434000000005
103611,22667.432000000004
103612,22249.436
103613,22159.427000000003
103614,21874.431000000004
103615,21473.431
103616,20787.434
103617,19557.431
103618,18746.430000000004
103619,18747.43
103620,19380.425000000003
103621,19597.420000000006
103622,19336.422000000006
103623,19598.410000000007
103624,20610.403000000006
103625,20852.404000000006
103626,20585.403000000006
103627,21341.400000000005
103628,21789.402000000006
103629,21132.404000000006
103630,19864.406000000006
103631,20225.404000000006
103632,20147.404000000006
103633,20096.399000000005
103634,18897.396000000004
103635,19092.400000000005
103636,19298.402000000006
103637,19603.404000000006
103638,19936.398000000005
103639,19235.403000000002
103640,19502.408000000003
103641,19239.410000000003
103642,18359.409000000003
103643,17861.410000000003
103644,19240.409000000003
103645,18095.413000000004
103646,18857.409000000003
103647,18074.394000000004
103648,17583.393
103649,19379.372
103650,21379.354999999996
103651,20598.352999999996
103652,20543.354999999996
103653,20344.353
103654,19705.354
103655,19504.356
103656,18513.362
103657,18135.362
103658,17650.370000000003
103659,15555.377000000006
103660,13038.379000000006
103661,12886.384000000005
103662,14185.390000000005
103663,14520.389000000006
103664,14321.396000000004
103665,14369.398000000008
103666,14227.401000000009
103667,14140.40800000001
103668,14647.411000000013
103669,14258.41800000001
103670,14235.428000000013
103671,13211.437000000014
103672,11727.448000000017
103673,10377.455000000018
103674,9708.46200000002
103675,7985.484000000015
103676,7776.499000000013
103677,6184.529000000017
103678,3627.5610000000142
103679,687.6109999999981
103680,1980.4529999999959
103681,4528.435000000006
103682,5758.430000000014
103683,6607.426000000015
103684,8915.414000000017
103685,10149.412000000017
103686,11254.402000000018
103687,11414.397000000017
103688,12724.39200000002
103689,14412.386000000019
103690,16907.379000000015
103691,14762.384000000016
103692,14442.381000000018
103693,14857.376000000013
103694,13642.379000000014
103695,13172.375000000013
103696,13433.37100000001
103697,14013.362000000008
103698,13467.36100000001
103699,12714.354000000008
103700,10059.358000000004
103701,12585.353000000005
103702,12592.350000000008
103703,13717.345000000007
103704,16087.334000000006
103705,16812.326000000005
103706,17872.318000000003
103707,18400.314000000002
103708,18591.303
103709,19071.299
103710,19471.303
103711,19281.301
103712,20582.303
103713,20062.307
103714,19447.305
103715,18992.31
103716,18402.310999999998
103717,17547.32
103718,18792.320000000003
103719,19602.322000000004
103720,21049.311
103721,19339.313000000006
103722,19556.306000000004
103723,19149.300000000003
103724,18489.302000000003
103725,19184.298000000003
103726,19572.293
103727,19177.290000000005
103728,18747.290000000005
103729,17317.285000000003
103730,15242.284000000003
103731,17162.285000000003
103732,17112.277000000002
103733,17834.274000000005
103734,17934.280000000006
103735,17502.278000000002
103736,17812.269000000004
103737,17907.272
103738,17697.268000000004
103739,18085.260000000002
103740,18815.257000000005
103741,24008.247000000003
103742,25340.247000000003
103743,24700.243000000006
103744,24020.240000000005
103745,23018.24
103746,22668.230000000003
103747,22273.226000000002
103748,22078.215000000004
103749,23088.213
103750,22828.215
103751,22286.207000000002
103752,22276.201
103753,21253.200000000004
103754,21203.200000000004
103755,21568.198000000004
103756,22313.198000000004
103757,22678.194000000003
103758,22698.190000000006
103759,22490.191000000006
103760,21705.191000000006
103761,22463.192000000006
103762,22448.197000000007
103763,23623.199000000008
103764,18143.20200000001
103765,18123.20400000001
103766,16556.206000000006
103767,16763.207000000006
103768,16611.203
103769,16426.202
103770,17198.203000000005
103771,16767.206000000006
103772,17585.204000000005
103773,17053.198000000004
103774,16726.192000000003
103775,17111.194000000003
103776,16516.196000000004
103777,16531.196000000004
103778,16739.196000000004
103779,18144.191000000003
103780,18344.190000000002
103781,18149.190000000002
103782,18544.189000000002
103783,17189.188000000002
103784,18004.191000000003
103785,17444.191
103786,19029.187
103787,18664.187
103788,19244.188000000006
103789,18279.188000000002
103790,18666.187
103791,19631.189000000006
103792,19623.189000000006
103793,20416.187000000005
103794,20392.190000000006
103795,19802.191000000006
103796,18232.193000000007
103797,18837.188000000006
103798,19642.186000000005
103799,20247.184000000005
103800,20032.186000000005
103801,20022.185000000005
103802,19827.187000000005
103803,20032.185000000005
103804,18662.186000000005
103805,19257.185000000005
103806,19457.184000000005
103807,19442.185000000005
103808,18847.187000000005
103809,19627.187000000005
103810,20017.186000000005
103811,18477.188000000006
103812,18472.189000000006
103813,17100.189000000002
103814,17672.190000000002
103815,16662.193000000003
103816,18192.196000000004
103817,18384.195000000003
103818,18341.202000000005
103819,17334.202
103820,18521.198000000004
103821,19349.195000000003
103822,19607.189000000006
103823,20007.188000000006
103824,19427.187000000005
103825,18442.189000000006
103826,17085.189000000002
103827,16740.186
103828,18092.187000000005
103829,19057.187
103830,19452.187000000005
103831,19049.190000000006
103832,19226.190000000006
103833,19204.193000000007
103834,18801.194000000007
103835,19566.196000000007
103836,19996.193000000007
103837,20554.195000000007
103838,19769.194000000007
103839,19182.196000000004
103840,19151.201000000005
103841,24501.195000000007
103842,19341.201000000005
103843,18738.202000000005
103844,18553.201000000005
103845,18216.196000000007
103846,19211.192000000006
103847,17676.190000000006
103848,17106.189000000002
103849,17886.189000000006
103850,18238.193000000007
103851,19205.193000000007
103852,18448.191000000006
103853,18433.192000000006
103854,18818.193000000007
103855,17853.194000000007
103856,17873.190000000006
103857,18490.188000000006
103858,20258.187000000005
103859,20848.187000000005
103860,20810.192000000006
103861,19835.192000000006
103862,21038.188000000006
103863,21243.185000000005
103864,20886.181000000004
103865,21861.181000000004
103866,21679.181000000004
103867,22104.180000000004
103868,21519.179000000004
103869,20937.180000000004
103870,20137.182000000004
103871,19532.184000000005
103872,19337.184000000005
103873,19742.183000000005
103874,19384.182000000004
103875,19072.170000000002
103876,19982.172000000002
103877,18817.169
103878,18007.173000000003
103879,19177.174000000003
103880,20147.169000000005
103881,20902.169000000005
103882,19931.172000000002
103883,19156.171000000006
103884,19169.169000000005
103885,18584.169000000005
103886,19794.163000000004
103887,21139.162000000004
103888,22269.165000000005
103889,22024.170000000002
103890,22214.168000000005
103891,21834.164000000004
103892,22381.168000000005
103893,21776.170000000006
103894,21014.168000000005
103895,21807.166000000005
103896,21217.165000000005
103897,20847.163000000004
103898,20847.163000000004
103899,21407.165000000005
103900,20982.170000000006
103901,20797.169000000005
103902,20382.172000000006
103903,21367.172000000006
103904,21962.172000000006
103905,21792.167000000005
103906,22177.167000000005
103907,21782.165000000005
103908,21359.166000000005
103909,21789.164000000004
103910,22207.159000000007
103911,22972.160000000007
103912,22557.163000000004
103913,21547.166000000005
103914,21146.166000000005
103915,21144.163000000004
103916,21909.162000000004
103917,22496.163000000008
103918,23091.164000000008
103919,23061.164000000008
103920,24011.167000000005
103921,22844.167000000005
103922,23634.171000000006
103923,23234.174000000006
103924,21659.175000000007
103925,21836.175000000007
103926,21667.173000000003
103927,21444.176000000003
103928,22468.173000000003
103929,22653.174000000003
103930,22124.171000000006
103931,22549.169000000005
103932,22561.167000000005
103933,23350.168000000005
103934,24170.166000000005
103935,23991.170000000006
103936,24381.169000000005
103937,23642.164000000004
103938,23502.163000000004
103939,23704.167000000005
103940,24080.169000000005
103941,24281.174000000006
103942,23916.175000000007
103943,22330.176000000007
103944,22692.177000000007
103945,22937.175000000007
103946,22747.175000000007
103947,22125.178000000007
103948,22476.182000000008
103949,23256.182000000008
103950,24072.181000000008
103951,23496.184000000005
103952,24830.188000000006
103953,25029.191000000006
103954,24677.189000000006
103955,24877.192000000006
103956,24896.188000000006
103957,25290.190000000006
103958,26019.197000000004
103959,26061.192000000006
103960,25830.195000000003
103961,26020.194000000003
103962,25908.192000000003
103963,26725.191000000003
103964,26760.190000000002
103965,25377.196000000004
103966,26139.198000000004
103967,25002.196000000004
103968,25212.196000000004
103969,25635.191000000003
103970,25284.189000000002
103971,24607.195000000003
103972,25030.196000000004
103973,23504.199000000004
103974,23012.197000000004
103975,23884.190000000006
103976,24234.197000000004
103977,24431.193000000003
103978,23825.196000000004
103979,24825.195000000003
103980,26648.188000000006
103981,26258.189000000002
103982,27624.189000000002
103983,27450.190000000002
103984,27636.194000000003
103985,28592.196000000004
103986,28445.196000000004
103987,28424.194000000003
103988,28954.197000000004
103989,28574.195000000003
103990,28175.198
103991,27766.201
103992,27271.202
103993,27847.205
103994,27241.208000000002
103995,25307.210000000003
103996,26572.211000000003
103997,25813.211000000003
103998,25878.206000000002
103999,26835.207000000002
104000,26241.208000000002
104001,26087.205
104002,26112.209000000003
104003,25344.209000000003
104004,24578.213000000003
104005,24954.215000000004
104006,25215.210000000003
104007,25130.215000000004
104008,24526.217000000004
104009,24877.215000000004
104010,26070.213000000003
104011,25473.212000000003
104012,26299.211
104013,27070.208
104014,27251.205000000005
104015,28624.203000000005
104016,28973.204000000005
104017,28743.207000000002
104018,29084.209
104019,28948.210000000003
104020,28795.207000000002
104021,28649.204
104022,27903.204
104023,29937.199
104024,29396.199
104025,28182.204999999998
104026,29338.208
104027,28379.211
104028,27832.207
104029,28598.212
104030,27490.212
104031,27146.208
104032,27402.206
104033,26624.203999999998
104034,26245.206000000002
104035,25892.206000000002
104036,25803.21
104037,26209.209
104038,25027.21
104039,25478.213
104040,25858.214
104041,25386.211
104042,26575.206000000002
104043,27740.204
104044,28408.198
104045,29621.191000000003
104046,30406.189000000002
104047,30311.187
104048,30897.183
104049,29123.191000000003
104050,29105.195000000003
104051,29363.197
104052,29047.199
104053,30431.2
104054,29633.207000000002
104055,29047.211000000003
104056,29990.217000000004
104057,29199.218
104058,28259.218
104059,29475.216000000004
104060,28929.223
104061,27985.221000000005
104062,28251.220000000005
104063,27286.222000000005
104064,27660.225000000006
104065,27897.225000000006
104066,27336.231000000007
104067,27566.233000000007
104068,26585.243000000002
104069,26851.241000000005
104070,26854.239000000005
104071,26270.245000000003
104072,27245.247000000003
104073,27413.258000000005
104074,27821.260000000006
104075,29636.259000000005
104076,29772.267000000003
104077,29977.265000000007
104078,30765.268000000004
104079,29702.263000000006
104080,29203.263000000006
104081,29444.269000000004
104082,28390.276000000005
104083,30356.272000000004
104084,29805.269000000004
104085,29211.275000000005
104086,30154.284000000007
104087,29555.284000000007
104088,29031.294000000005
104089,30492.288000000004
104090,29792.284000000003
104091,29015.284000000003
104092,28152.284000000003
104093,27070.276000000005
104094,27096.278000000006
104095,26930.273000000005
104096,26715.271000000004
104097,26970.274000000005
104098,26338.271000000004
104099,26990.279000000006
104100,26816.273000000005
104101,26303.276000000005
104102,27288.279000000006
104103,26771.279000000006
104104,26600.280000000006
104105,28479.284000000003
104106,28611.278000000006
104107,29569.278000000006
104108,30621.277000000002
104109,30160.269000000004
104110,29907.269000000004
104111,29680.268000000004
104112,29240.266000000003
104113,31440.254000000004
104114,29672.253000000004
104115,29010.252000000004
104116,30562.246000000003
104117,29779.244000000002
104118,29952.241
104119,31416.229000000003
104120,30599.226000000002
104121,29838.224000000002
104122,29398.222
104123,28595.223
104124,29155.210000000003
104125,28479.198000000004
104126,28423.192000000003
104127,28895.187
104128,28284.189000000002
104129,28459.188000000002
104130,29170.181000000004
104131,28461.176000000003
104132,29624.168000000005
104133,28985.173000000003
104134,29641.173000000003
104135,31012.169000000005
104136,30826.166000000005
104137,30968.165000000005
104138,30508.165000000005
104139,29913.165000000005
104140,30194.169000000005
104141,30451.158000000003
104142,29492.154000000006
104143,30450.148000000005
104144,29883.146000000004
104145,28840.148000000005
104146,30564.146000000004
104147,30197.140000000003
104148,30371.131000000005
104149,30428.127000000004
104150,30741.122000000003
104151,30360.113000000005
104152,30064.109000000004
104153,29961.114000000005
104154,30102.112000000005
104155,29944.110000000004
104156,30074.111000000004
104157,30273.110000000004
104158,30067.112000000005
104159,29547.107000000004
104160,30078.110000000004
104161,30446.109000000004
104162,31658.106000000003
104163,31243.103000000003
104164,31976.101000000002
104165,32627.099000000002
104166,31447.098
104167,31735.094
104168,31375.093000000004
104169,31356.096
104170,31493.099000000002
104171,31674.099000000002
104172,31448.103000000003
104173,32060.104000000003
104174,31428.105000000003
104175,30174.109000000004
104176,31552.107000000004
104177,30944.107000000004
104178,31515.108000000004
104179,32272.104000000003
104180,31680.104000000003
104181,30702.105000000003
104182,30021.099000000006
104183,30427.098000000005
104184,29461.099000000006
104185,29251.101000000006
104186,29416.101000000006
104187,29502.094000000005
104188,30104.090000000004
104189,29122.090000000004
104190,29592.094000000005
104191,29162.096000000005
104192,29491.095000000005
104193,28720.095000000005
104194,29676.096000000005
104195,30430.098000000005
104196,30613.098000000005
104197,30308.104000000007
104198,29333.104000000007
104199,29128.107000000004
104200,29581.104000000007
104201,29999.100000000006
104202,30044.09600000001
104203,31874.087000000003
104204,31293.088000000003
104205,30722.084000000006
104206,31750.075000000004
104207,30980.077000000005
104208,30743.079000000005
104209,32288.077000000005
104210,33453.075
104211,33146.073000000004
104212,33566.07
104213,33102.072
104214,32157.070000000003
104215,32407.069000000003
104216,32283.068000000003
104217,32488.065000000002
104218,33858.065
104219,32893.061
104220,33258.058000000005
104221,32893.055
104222,33393.060000000005
104223,32053.060000000005
104224,32678.057000000004
104225,32708.056000000004
104226,33128.055
104227,33663.057
104228,32918.055
104229,32868.055
104230,32243.059000000005
104231,32463.059000000005
104232,31488.060000000005
104233,33038.062000000005
104234,33038.062000000005
104235,33238.062000000005
104236,34138.060000000005
104237,33753.059
104238,33728.059
104239,34853.063
104240,35058.06100000001
104241,34068.067
104242,34423.060000000005
104243,34480.06
104244,34335.055
104245,34530.055
104246,33395.053
104247,33380.056000000004
104248,33900.060000000005
104249,32985.058000000005
104250,33105.065
104251,33325.066000000006
104252,34530.065
104253,33200.063
104254,34070.060000000005
104255,33670.062000000005
104256,34110.062000000005
104257,32995.062000000005
104258,32670.06000000001
104259,32465.063000000006
104260,31890.06100000001
104261,32320.05900000001
104262,31320.05900000001
104263,32695.057000000008
104264,32300.058000000005
104265,32330.057000000008
104266,32490.05900000001
104267,32105.058000000005
104268,32410.062000000005
104269,32985.064000000006
104270,33410.063
104271,33790.063
104272,34810.059
104273,35590.058999999994
104274,35190.062
104275,41060.060000000005
104276,40530.059
104277,41765.056
104278,41930.057
104279,41020.054
104280,41985.051
104281,41760.052
104282,42600.049999999996
104283,41040.049999999996
104284,41630.049
104285,41430.049999999996
104286,42275.047
104287,41500.051
104288,40790.05700000001
104289,40625.056000000004
104290,39845.05600000001
104291,39235.057
104292,37375.06300000001
104293,37345.064000000006
104294,37015.062000000005
104295,37400.06300000001
104296,36650.06300000001
104297,35645.065
104298,36005.066000000006
104299,36715.07000000001
104300,35900.07200000001
104301,36940.069
104302,37735.06700000001
104303,39385.065
104304,38980.069
104305,38800.066000000006
104306,38550.06700000001
104307,39440.06800000001
104308,39465.06800000001
104309,38175.06300000001
104310,39750.060000000005
104311,39980.060000000005
104312,41600.058999999994
104313,40425.060000000005
104314,40950.059
104315,41155.057
104316,41765.057
104317,41850.055
104318,41065.057
104319,40930.055
104320,41120.056000000004
104321,40370.05500000001
104322,39160.05900000001
104323,38785.056000000004
104324,38235.054000000004
104325,38985.05500000001
104326,38765.060000000005
104327,37570.061
104328,37940.061
104329,39110.06300000001
104330,36850.062000000005
104331,36990.06300000001
104332,36670.060000000005
104333,38650.060000000005
104334,38850.05900000001
104335,38050.05900000001
104336,38075.05900000001
104337,39390.05900000001
104338,40230.058000000005
104339,38890.05900000001
104340,40150.05900000001
104341,39780.06
104342,41415.064
104343,40140.062000000005
104344,40950.061
104345,41955.06
104346,41825.058000000005
104347,41620.06
104348,40930.057
104349,41130.056
104350,41930.058000000005
104351,41900.05900000001
104352,41130.058000000005
104353,40543.058000000005
104354,39173.060000000005
104355,38643.06100000001
104356,39260.06000000001
104357,37895.06000000001
104358,37895.06000000001
104359,39115.06000000001
104360,37355.06100000001
104361,31280.06700000001
104362,31540.065000000006
104363,33025.06100000001
104364,33205.06500000001
104365,32655.06500000001
104366,32200.06800000001
104367,32200.06900000001
104368,32360.07100000001
104369,31570.06900000001
104370,33175.06500000001
104371,33215.064000000006
104372,34835.062000000005
104373,33525.062000000005
104374,34165.06100000001
104375,35510.061
104376,35540.060000000005
104377,35110.063
104378,34925.061
104379,35810.055
104380,36370.05599999999
104381,36410.05299999999
104382,35200.056000000004
104383,35025.057
104384,34055.056000000004
104385,33635.058000000005
104386,34835.058000000005
104387,33555.056000000004
104388,33810.05700000001
104389,34625.057
104390,32875.056000000004
104391,32645.058000000008
104392,32260.057000000008
104393,33950.058000000005
104394,34080.06100000001
104395,33375.06100000001
104396,32765.063000000006
104397,33715.064000000006
104398,34170.063
104399,33585.06300000001
104400,34755.064000000006
104401,34805.064000000006
104402,36575.060999999994
104403,35030.062000000005
104404,35610.063
104405,36780.06399999999
104406,36625.06199999999
104407,36265.060999999994
104408,36130.06
104409,37565.06
104410,37600.058
104411,37645.05399999999
104412,36690.055
104413,36420.051999999996
104414,35405.056
104415,35355.057
104416,42680.053
104417,41085.05499999999
104418,40925.053
104419,41060.05499999999
104420,39520.05600000001
104421,39550.05500000001
104422,38455.05500000001
104423,40250.051999999996
104424,40645.05100000001
104425,39840.051999999996
104426,39080.05300000001
104427,40445.054000000004
104428,41415.05600000001
104429,40638.05500000001
104430,42003.05499999999
104431,41843.05500000001
104432,43333.058999999994
104433,42403.061
104434,43378.061
104435,44628.06
104436,43530.056
104437,43630.05500000001
104438,42845.056
104439,43320.058000000005
104440,42625.056
104441,41850.06
104442,41735.06300000001
104443,41445.058000000005
104444,40470.058000000005
104445,40005.054000000004
104446,41820.056
104447,41603.05100000001
104448,41193.05500000001
104449,41253.062000000005
104450,40268.06300000001
104451,39883.06200000002
104452,38853.06300000001
104453,40023.06300000001
104454,39223.06700000001
104455,38358.06900000001
104456,37593.07000000001
104457,38263.06700000001
104458,38908.06500000001
104459,38073.06600000001
104460,39785.066000000006
104461,39630.06300000001
104462,40590.065
104463,39790.064
104464,40735.064
104465,42920.061
104466,41745.062000000005
104467,41285.066000000006
104468,40475.06700000001
104469,41470.06300000001
104470,41280.062000000005
104471,41935.057
104472,41905.058000000005
104473,41905.058000000005
104474,41495.05600000001
104475,34975.06100000001
104476,36635.06500000001
104477,35885.064000000006
104478,35680.067
104479,37270.066000000006
104480,35935.06500000001
104481,35940.064000000006
104482,35135.063
104483,36370.062000000005
104484,36595.062000000005
104485,35285.061
104486,34319.06300000001
104487,35589.06500000001
104488,35859.063
104489,34459.066000000006
104490,35364.07000000001
104491,35109.07300000001
104492,35859.07400000001
104493,35079.075000000004
104494,34874.07700000001
104495,36779.077000000005
104496,35304.075000000004
104497,35524.077000000005
104498,34999.075000000004
104499,34964.07800000001
104500,35474.079000000005
104501,35304.081000000006
104502,34229.08800000001
104503,33719.083000000006
104504,32740.08200000001
104505,32745.08100000001
104506,34870.081000000006
104507,34315.081000000006
104508,34785.08400000001
104509,41099.08
104510,40144.081000000006
104511,34921.07700000001
104512,34451.07400000001
104513,35036.07400000001
104514,36369.074
104515,35619.073000000004
104516,35389.076
104517,35314.081000000006
104518,35944.08200000001
104519,34764.08700000001
104520,35015.083000000006
104521,34845.083000000006
104522,36440.08100000001
104523,36120.08800000001
104524,36690.08600000001
104525,37300.08800000001
104526,36311.09000000001
104527,36067.08700000001
104528,34957.08700000001
104529,34786.08400000001
104530,35331.087000000014
104531,34411.08600000001
104532,34226.08600000001
104533,33212.08700000001
104534,33217.08700000001
104535,32391.09100000001
104536,33356.094000000005
104537,33546.091
104538,34146.09300000001
104539,35936.091
104540,35041.090000000004
104541,34695.087999999996
104542,34340.086
104543,34300.092000000004
104544,35480.090000000004
104545,33451.096000000005
104546,33551.091
104547,33679.09700000001
104548,33765.095
104549,32365.09700000001
104550,32149.098000000013
104551,32874.09900000001
104552,34273.099
104553,34478.09700000001
104554,33837.10100000001
104555,35175.101
104556,35120.10400000001
104557,35520.107
104558,35285.11000000001
104559,35217.10600000001
104560,35819.108
104561,35864.106
104562,34604.106
104563,33832.109000000004
104564,33456.11000000001
104565,32617.11800000001
104566,32614.12000000001
104567,32249.12100000001
104568,33069.12000000001
104569,34074.12000000001
104570,33916.118
104571,33087.12400000001
104572,33164.126000000004
104573,33531.128000000004
104574,34867.131
104575,34102.134000000005
104576,34132.134000000005
104577,33156.13900000001
104578,33351.13900000001
104579,32613.13700000001
104580,32594.142000000014
104581,32559.149000000012
104582,33808.148
104583,34121.14800000001
104584,33829.145000000004
104585,35562.146
104586,35587.151
104587,36677.155000000006
104588,35929.155000000006
104589,35988.156
104590,35956.156
104591,35336.158
104592,34660.15700000001
104593,33682.158
104594,33441.16100000001
104595,32856.16700000001
104596,33501.16700000001
104597,33792.167
104598,34568.16500000001
104599,35378.172999999995
104600,35320.174999999996
104601,34974.178
104602,35092.172999999995
104603,35766.176
104604,36864.172
104605,35964.18
104606,36354.174
104607,35737.172999999995
104608,36090.176
104609,34822.179000000004
104610,34701.18400000001
104611,35003.183
104612,35394.189
104613,34914.195999999996
104614,35089.197
104615,37043.2
104616,37375.198
104617,38264.19699999999
104618,38039.199
104619,38483.198
104620,38013.2
104621,37735.201
104622,36316.206999999995
104623,36091.206999999995
104624,35711.212
104625,35171.212
104626,35185.212999999996
104627,35174.212
104628,35888.21
104629,36476.210999999996
104630,36477.21
104631,36517.208
104632,37251.206999999995
104633,37765.206
104634,38430.205
104635,37506.206
104636,38022.208
104637,38096.215
104638,37655.219000000005
104639,36715.22200000001
104640,36655.227
104641,36834.236000000004
104642,37244.241
104643,37347.241
104644,36653.247
104645,37688.24800000001
104646,37851.25000000001
104647,37597.254
104648,37362.25800000001
104649,37311.261
104650,36316.268000000004
104651,36815.26500000001
104652,36756.262
104653,36345.263000000006
104654,35857.261000000006
104655,35862.261000000006
104656,35633.263000000006
104657,34622.263
104658,35140.269
104659,34970.281
104660,35406.277
104661,35076.28200000001
104662,35437.285
104663,35583.293000000005
104664,35870.3
104665,35625.30300000001
104666,36545.30500000001
104667,37487.302
104668,39127.296
104669,38635.295
104670,38640.295
104671,38355.299
104672,38556.30100000001
104673,37898.30100000001
104674,37322.30000000001
104675,39230.30400000001
104676,39206.30400000001
104677,39736.30300000001
104678,38989.30900000001
104679,38797.319
104680,39353.323000000004
104681,39786.32500000001
104682,39456.325000000004
104683,38066.333000000006
104684,38732.339
104685,37898.34
104686,38121.33900000001
104687,37485.33900000001
104688,37189.338
104689,38094.343
104690,37926.34900000001
104691,37439.355
104692,38101.36600000001
104693,38585.364000000016
104694,39518.360000000015
104695,37994.36800000001
104696,38549.36900000001
104697,40250.36500000001
104698,41124.37000000002
104699,40805.36900000002
104700,40134.36900000002
104701,40079.370000000024
104702,40952.37200000002
104703,41832.37200000002
104704,40640.38000000002
104705,42180.385000000024
104706,41387.39300000002
104707,42262.398000000016
104708,41511.39300000002
104709,41120.39500000002
104710,41797.39600000002
104711,42387.39200000003
104712,40934.397000000026
104713,40386.40300000002
104714,40752.404000000024
104715,40092.41800000003
104716,41051.414000000026
104717,39567.41900000002
104718,39631.42600000002
104719,40995.42000000002
104720,41122.419000000016
104721,40833.41800000002
104722,41056.42300000001
104723,40897.430000000015
104724,41477.428000000014
104725,40859.434000000016
104726,41165.434000000016
104727,42709.43200000002
104728,43321.44000000002
104729,43737.43900000002
104730,43123.45000000002
104731,42728.45800000001
104732,43851.46300000002
104733,43784.464000000014
104734,43477.46000000002
104735,44374.45800000002
104736,44420.46100000002
104737,44414.46700000002
104738,43128.47300000002
104739,42098.487000000016
104740,42208.493000000024
104741,42852.49100000001
104742,42151.49500000002
104743,42254.49500000002
104744,42373.49400000001
104745,42181.483000000015
104746,41333.48900000002
104747,40498.49200000002
104748,40531.495000000024
104749,41370.49700000002
104750,40837.50900000002
104751,40581.50800000001
104752,40820.50700000001
104753,40722.504000000015
104754,42132.51000000001
104755,42138.52400000001
104756,42474.52200000002
104757,42911.52800000002
104758,43763.53000000001
104759,44208.536000000015
104760,44315.525000000016
104761,44764.52300000002
104762,45373.53000000002
104763,45772.53500000001
104764,45357.53700000001
104765,45237.53900000001
104766,45894.53600000001
104767,46249.541000000005
104768,45471.54200000001
104769,45242.53700000002
104770,45295.53100000002
104771,45430.53500000002
104772,44906.53200000002
104773,44823.546000000024
104774,44399.55000000002
104775,44176.54300000002
104776,43271.555000000015
104777,42458.55100000002
104778,42242.559000000016
104779,42191.56100000001
104780,41443.56200000001
104781,41213.54900000001
104782,41682.55500000002
104783,42197.551000000014
104784,43148.55700000002
104785,43369.56200000002
104786,43350.567000000025
104787,43854.575000000026
104788,44109.58100000003
104789,44482.58500000002
104790,45943.58600000001
104791,45803.58800000002
104792,46283.591000000015
104793,46856.58900000001
104794,46646.597000000016
104795,46123.60300000001
104796,46542.60900000001
104797,46940.615000000005
104798,46754.619000000006
104799,46419.625000000015
104800,46599.61700000001
104801,46613.608000000015
104802,45934.61700000002
104803,43978.619000000006
104804,43109.62300000001
104805,42101.630000000005
104806,42339.645
104807,40786.645
104808,40643.641
104809,40811.64500000001
104810,41074.63500000001
104811,41438.63200000001
104812,41075.632000000005
104813,41144.62800000001
104814,42526.62700000001
104815,42422.631000000016
104816,41604.63400000001
104817,42115.64300000001
104818,42414.64800000001
104819,41905.65600000001
104820,42871.64700000001
104821,43285.650000000016
104822,44153.63900000001
104823,44954.640000000014
104824,45463.644000000015
104825,45200.641000000025
104826,44828.63700000001
104827,44883.64100000002
104828,45007.63300000002
104829,44651.624000000025
104830,43828.62100000002
104831,42736.61500000002
104832,42381.62700000003
104833,41592.62700000002
104834,40779.633000000016
104835,40456.63500000002
104836,40726.63600000002
104837,39791.63600000002
104838,40290.63100000002
104839,40789.63300000002
104840,40306.62200000002
104841,41074.62500000001
104842,40730.63100000001
104843,40390.62900000001
104844,41487.627
104845,47653.62100000001
104846,46975.62400000001
104847,47642.62800000002
104848,47567.63500000002
104849,48395.635000000024
104850,49789.632000000034
104851,50370.63200000003
104852,50883.63400000002
104853,52063.63800000003
104854,51352.640000000014
104855,51437.62800000001
104856,51606.631
104857,52228.644
104858,52107.64200000001
104859,51046.647000000004
104860,51154.636999999995
104861,49820.631
104862,49504.638
104863,48098.64000000001
104864,46699.64400000001
104865,46523.63000000001
104866,46947.63700000001
104867,45490.63000000001
104868,46123.62600000002
104869,45980.62100000002
104870,45133.618000000024
104871,45376.620000000024
104872,45159.61300000002
104873,44796.607000000025
104874,45625.612000000016
104875,46218.61300000001
104876,45736.60800000002
104877,46140.60900000002
104878,47212.61000000002
104879,47927.60300000002
104880,47808.60400000003
104881,48685.60800000003
104882,48556.611000000026
104883,49908.61200000003
104884,49581.60400000003
104885,48919.61000000002
104886,48188.612000000016
104887,48608.60900000002
104888,48638.61500000001
104889,48846.614000000016
104890,48147.616000000016
104891,46348.61300000003
104892,45517.62000000002
104893,45279.60500000001
104894,44497.604000000014
104895,44022.60600000002
104896,44982.60500000002
104897,43793.60700000002
104898,42798.60300000002
104899,41613.59000000001
104900,41125.59000000002
104901,40949.59300000001
104902,40317.593000000015
104903,39374.59900000002
104904,40858.597000000016
104905,35629.58100000002
104906,34606.57700000001
104907,35041.572000000015
104908,35416.57200000002
104909,35944.567000000025
104910,36722.568000000014
104911,37589.57300000002
104912,37854.576000000015
104913,38728.57400000002
104914,37498.585000000014
104915,37447.59100000003
104916,37515.58300000001
104917,38037.58300000001
104918,38873.57400000002
104919,39071.580000000016
104920,38518.58100000002
104921,37336.572000000015
104922,37329.572000000015
104923,35881.57500000002
104924,34716.576000000015
104925,34148.58300000002
104926,34961.58300000003
104927,34468.58900000002
104928,33570.584000000024
104929,32591.583000000028
104930,31461.577000000023
104931,30994.570000000025
104932,31205.56000000002
104933,30646.555000000026
104934,31462.562000000024
104935,31255.56400000002
104936,30491.57100000002
104937,30631.56700000002
104938,30848.55800000002
104939,31327.54900000002
104940,31760.540000000023
104941,32639.54600000002
104942,31886.55300000002
104943,33205.557000000015
104944,32706.558000000023
104945,33715.55500000002
104946,33166.55400000002
104947,32413.554000000022
104948,32859.555000000015
104949,32548.562000000024
104950,32607.568000000025
104951,32243.559000000023
104952,32325.55300000002
104953,31803.56300000002
104954,32102.555000000022
104955,31756.556000000022
104956,32339.55900000002
104957,32421.56400000002
104958,31623.550000000017
104959,31010.550000000017
104960,29276.552000000018
104961,28512.552000000018
104962,28067.546000000017
104963,27256.539000000015
104964,27373.529000000013
104965,27601.536000000015
104966,27805.534000000014
104967,27306.536000000015
104968,26752.545000000013
104969,27239.549000000014
104970,28797.533000000014
104971,29612.529000000017
104972,29463.522000000015
104973,30492.521000000015
104974,29754.527000000016
104975,29475.533000000014
104976,28532.536000000015
104977,27548.540000000015
104978,27991.540000000015
104979,28993.538000000015
104980,29075.54700000001
104981,28993.545000000016
104982,29187.54100000002
104983,29113.541000000016
104984,29674.53600000002
104985,29528.528000000013
104986,29366.529000000013
104987,29656.518000000015
104988,29499.515000000014
104989,27890.511000000013
104990,26789.51300000001
104991,26480.50300000001
104992,26594.48600000001
104993,25152.489000000016
104994,24951.484000000015
104995,25376.487000000016
104996,25088.491000000016
104997,24641.491000000016
104998,24703.490000000016
104999,24748.490000000016
105000,24647.494000000013
105001,24148.493000000013
105002,24248.48300000001
105003,25980.481000000014
105004,26110.482000000015
105005,26163.479000000014
105006,25866.48400000001
105007,26115.48100000001
105008,26352.472000000012
105009,27032.467000000008
105010,26362.46600000001
105011,27225.456000000013
105012,26474.45000000001
105013,24793.45600000001
105014,25264.448000000015
105015,24713.456000000013
105016,24275.458000000013
105017,24807.458000000013
105018,24591.454000000012
105019,24319.44900000001
105020,24775.44400000001
105021,24616.44800000001
105022,25651.44400000001
105023,25177.444000000007
105024,23992.453000000005
105025,23367.450000000008
105026,23416.450000000008
105027,23797.43800000001
105028,23568.43600000001
105029,22818.42300000001
105030,23039.430000000008
105031,22837.42000000001
105032,22473.41400000001
105033,23176.422000000013
105034,23307.425000000014
105035,23360.42900000001
105036,23316.42700000001
105037,22799.42700000001
105038,22919.42500000001
105039,24060.422000000006
105040,23280.421000000006
105041,22828.420000000006
105042,21473.427000000003
105043,21829.429000000004
105044,21864.435000000005
105045,20923.428000000004
105046,21669.429000000004
105047,21135.432000000004
105048,21718.428000000007
105049,21090.423000000003
105050,20839.420000000002
105051,20078.420000000002
105052,21723.41900000001
105053,21584.426000000007
105054,21754.423000000003
105055,21593.423000000006
105056,21462.416
105057,21882.419
105058,21274.417
105059,20539.411000000004
105060,21628.414000000004
105061,22807.412000000004
105062,21410.416
105063,21413.412000000004
105064,20857.411000000004
105065,21856.408000000003
105066,21092.405000000006
105067,20773.399000000005
105068,20299.399000000005
105069,21532.396000000004
105070,21678.395000000004
105071,20557.401000000005
105072,20311.397000000004
105073,19530.406000000003
105074,19843.405000000006
105075,19123.399000000005
105076,18809.398000000005
105077,18740.394000000004
105078,19115.392000000003
105079,17526.401000000005
105080,15944.401000000002
105081,16041.399000000003
105082,16427.405000000002
105083,16428.406000000003
105084,16355.407000000003
105085,18067.395000000004
105086,19589.395000000004
105087,20402.387000000002
105088,20112.369000000002
105089,21403.362
105090,21996.355999999996
105091,21790.354
105092,21303.359
105093,21131.365999999998
105094,19927.374
105095,18929.379
105096,16757.381
105097,15737.380000000001
105098,15496.382000000001
105099,14205.380000000003
105100,13759.378
105101,13319.374999999998
105102,13329.374
105103,12849.377000000002
105104,14172.388000000006
105105,13235.397000000006
105106,13734.399000000009
105107,14006.40400000001
105108,14861.410000000009
105109,15104.41600000001
105110,14312.423000000013
105111,14108.437000000014
105112,13093.444000000016
105113,11843.455000000018
105114,10757.46800000002
105115,10142.484000000019
105116,9119.50700000002
105117,7686.533000000019
105118,5153.559000000019
105119,1351.614999999996
105120,2055.4399999999964
105121,3971.4270000000174
105122,5506.41400000002
105123,7026.40500000002
105124,7979.394000000023
105125,9029.390000000025
105126,9961.381000000023
105127,11201.37400000002
105128,11491.37400000002
105129,12336.373000000018
105130,14898.372000000016
105131,13838.370000000015
105132,13273.367000000015
105133,12568.364000000014
105134,12956.35700000001
105135,12531.36300000001
105136,12258.360000000011
105137,11138.359000000006
105138,11383.360000000006
105139,11078.357000000004
105140,10143.344000000003
105141,11928.343000000003
105142,13128.336000000003
105143,13836.329000000002
105144,15446.321
105145,15586.322
105146,16867.32
105147,18767.32
105148,19202.316
105149,20652.308999999997
105150,19222.318
105151,18400.323999999997
105152,18990.326999999997
105153,18702.338
105154,18172.334
105155,18400.334
105156,19190.336
105157,18387.338
105158,18094.341999999997
105159,18222.337
105160,19472.329999999998
105161,20182.314
105162,19322.316
105163,18120.308999999997
105164,18180.301
105165,18965.296
105166,18092.285000000003
105167,16727.286000000004
105168,15842.289000000002
105169,15044.289000000002
105170,14674.287000000002
105171,14632.28
105172,14637.279000000002
105173,15029.277000000002
105174,15129.279
105175,13919.278000000002
105176,14299.276000000002
105177,14929.271000000002
105178,16267.259000000002
105179,16417.259000000002
105180,16990.254
105181,16580.250000000004
105182,15980.248000000003
105183,17020.249000000003
105184,17735.248000000003
105185,17738.245000000003
105186,18478.236000000004
105187,18686.227000000003
105188,18048.227000000003
105189,17443.224000000006
105190,17233.220000000005
105191,18790.215000000004
105192,19168.214000000004
105193,17993.209000000003
105194,17185.208000000006
105195,17948.202000000005
105196,17136.199000000004
105197,17146.192000000003
105198,16384.187
105199,16539.189000000002
105200,17104.184
105201,16874.189000000002
105202,16879.190000000006
105203,16884.191000000003
105204,16899.189000000002
105205,15904.193000000005
105206,16494.193000000003
105207,16324.195000000005
105208,16732.197000000004
105209,17184.190000000002
105210,17989.187
105211,17404.190000000002
105212,17204.191000000003
105213,17202.192000000003
105214,18387.189000000002
105215,19142.194000000003
105216,19522.194000000003
105217,19737.194000000003
105218,20117.198000000004
105219,19359.195000000003
105220,18401.196000000004
105221,18421.195000000003
105222,18776.199000000004
105223,19009.196000000004
105224,18234.196000000004
105225,18034.197000000004
105226,17064.196000000007
105227,16672.196000000004
105228,16272.195000000003
105229,16457.197000000004
105230,16047.199000000004
105231,15852.197000000004
105232,15282.198000000004
105233,15292.196000000004
105234,15862.199000000004
105235,15092.199000000004
105236,16457.199000000004
105237,16447.200000000004
105238,17221.198000000004
105239,17211.198000000004
105240,17386.203000000005
105241,17768.203
105242,17586.203
105243,17401.201
105244,18004.2
105245,19384.199
105246,20204.192000000003
105247,20419.190000000002
105248,20424.189000000002
105249,19639.188000000002
105250,18649.192000000003
105251,18629.194000000003
105252,19619.191000000003
105253,20019.190000000002
105254,19434.189000000002
105255,19614.190000000002
105256,18264.19
105257,18059.191000000003
105258,17449.195000000003
105259,18619.195000000003
105260,18819.195000000003
105261,17844.195000000007
105262,17064.196000000004
105263,17464.194000000003
105264,17659.195000000003
105265,16886.195000000007
105266,18836.194000000003
105267,19224.194000000003
105268,19769.198000000004
105269,20009.192000000003
105270,20209.191000000003
105271,20562.196000000004
105272,19982.195
105273,19997.192
105274,20039.187
105275,21194.189000000002
105276,21594.190000000002
105277,20634.190000000002
105278,19654.188000000002
105279,18661.188000000002
105280,18033.191000000003
105281,18656.189000000002
105282,20403.189000000002
105283,20768.190000000002
105284,21161.191000000003
105285,20976.189000000002
105286,18434.194000000003
105287,18847.191000000003
105288,19622.190000000002
105289,19622.191000000003
105290,19197.194000000003
105291,18062.190000000002
105292,17847.194000000003
105293,18052.192000000003
105294,18062.192000000003
105295,17682.190000000002
105296,18854.190000000002
105297,19244.189000000002
105298,19817.191000000003
105299,20229.188000000002
105300,20804.188000000002
105301,21169.188000000002
105302,20597.185
105303,20382.187
105304,21142.188000000002
105305,23112.184
105306,24077.185
105307,23437.192
105308,21877.191
105309,21687.192
105310,21717.188
105311,21147.186999999998
105312,21917.189
105313,22322.19
105314,23512.189
105315,22972.183
105316,21997.183
105317,22012.18
105318,22551.181
105319,21986.178
105320,20383.182
105321,20578.18
105322,19813.177
105323,19441.174
105324,18633.175
105325,18248.175000000003
105326,18819.175
105327,19027.174
105328,19992.175
105329,19987.173000000003
105330,21002.167
105331,21387.167
105332,21192.168
105333,20762.172000000002
105334,20902.178000000004
105335,22637.179000000004
105336,23004.180000000004
105337,23379.181000000004
105338,21664.180000000004
105339,21499.177000000003
105340,21139.171000000002
105341,20752.169
105342,21517.169
105343,22487.169
105344,23840.172000000002
105345,22877.171000000002
105346,22087.172000000002
105347,21952.167
105348,21922.171000000002
105349,21114.173000000003
105350,20529.173000000003
105351,20552.171
105352,19967.17
105353,19747.171
105354,19355.168999999998
105355,19930.167999999998
105356,21085.168999999998
105357,20446.174
105358,21274.173
105359,21279.175
105360,22469.174
105361,22626.179
105362,22663.173
105363,22544.172
105364,23291.175
105365,24317.175
105366,24657.182
105367,25844.179
105368,24669.179
105369,25486.175
105370,23916.178
105371,22945.18
105372,23707.184
105373,23907.185
105374,24712.183
105375,24122.184
105376,23771.183
105377,23570.186
105378,23758.188000000002
105379,22386.187
105380,21820.187
105381,21772.192000000003
105382,21556.193000000003
105383,21781.192000000003
105384,21003.192000000003
105385,21020.191000000003
105386,21185.198000000004
105387,20988.2
105388,21555.203
105389,21578.205
105390,23108.206000000002
105391,23676.206000000002
105392,23368.201000000005
105393,22787.205000000005
105394,24008.203000000005
105395,25201.205
105396,25991.208000000002
105397,25984.206000000002
105398,24636.209000000003
105399,25905.207
105400,24754.208
105401,25040.205
105402,26214.205
105403,27008.204000000005
105404,28381.206
105405,27779.205
105406,26459.204
105407,26468.204999999998
105408,26667.207
105409,24746.208000000002
105410,23581.210000000003
105411,23190.210000000003
105412,23214.210000000003
105413,24564.204999999998
105414,23541.207
105415,23532.213000000003
105416,23501.219
105417,24136.215
105418,24499.217
105419,24555.212
105420,25935.212
105421,26332.212
105422,25737.212
105423,25947.214
105424,27390.211
105425,28398.213
105426,29051.209
105427,28154.208
105428,26439.211
105429,27654.21
105430,25723.212
105431,25928.212
105432,26999.21
105433,27021.208
105434,27623.209
105435,27801.213
105436,27240.218
105437,28259.216
105438,27557.215
105439,25777.216
105440,25251.213
105441,25283.214
105442,25135.21
105443,26123.21
105444,25315.211
105445,26646.211
105446,27001.209
105447,27579.209
105448,28636.200999999997
105449,28605.201999999997
105450,28815.206
105451,29237.201999999997
105452,27705.204999999998
105453,27741.206
105454,28554.201999999997
105455,29144.206
105456,29802.203999999998
105457,29838.202999999998
105458,28853.203999999998
105459,29675.197999999997
105460,27869.199
105461,26712.202999999998
105462,27649.203
105463,27297.198000000004
105464,27761.193000000003
105465,28226.190000000002
105466,26876.193000000003
105467,27429.192000000003
105468,27460.189000000002
105469,25829.197000000004
105470,26229.198
105471,26262.194000000003
105472,26440.196000000004
105473,26590.199
105474,25999.199
105475,26379.2
105476,27702.198000000004
105477,28015.193000000003
105478,29424.192000000003
105479,29787.191000000003
105480,30388.192000000003
105481,31620.190000000002
105482,30105.190000000002
105483,30297.192000000003
105484,31265.190000000002
105485,31320.193000000003
105486,31454.194000000003
105487,31378.192000000003
105488,30423.191000000003
105489,30444.192000000003
105490,28047.204000000005
105491,26760.205000000005
105492,27808.205000000005
105493,27584.211000000003
105494,27967.215000000004
105495,28135.212
105496,26598.216
105497,27374.221000000005
105498,26425.220000000005
105499,25243.220999999998
105500,25733.218
105501,25782.216000000004
105502,25827.217000000004
105503,26157.219000000005
105504,25614.219
105505,26380.227000000003
105506,27836.222
105507,27835.225
105508,29109.225
105509,29313.232
105510,30298.238
105511,31483.24
105512,30002.234
105513,29735.237000000005
105514,30302.24
105515,30523.240000000005
105516,30901.243000000002
105517,30914.250000000004
105518,30775.250000000004
105519,31811.245000000003
105520,30854.243000000006
105521,30351.238000000005
105522,31376.233000000004
105523,31485.238000000005
105524,31297.239000000005
105525,30482.249
105526,28688.258
105527,29606.257000000005
105528,29004.273000000005
105529,28037.282000000003
105530,28063.285000000003
105531,27704.287000000004
105532,27589.280000000006
105533,27382.277000000006
105534,26439.271000000004
105535,27084.281000000006
105536,27649.287000000004
105537,27814.285000000007
105538,29025.282000000007
105539,28985.278000000006
105540,30854.277000000006
105541,31051.276000000005
105542,29691.271000000004
105543,29622.277000000006
105544,30516.269000000004
105545,30718.263000000006
105546,31534.264000000003
105547,31862.262000000002
105548,31091.261000000006
105549,31664.252000000004
105550,29746.241000000005
105551,29667.243000000006
105552,30046.237000000005
105553,30646.233000000004
105554,31217.234000000004
105555,30247.228000000006
105556,29518.220000000005
105557,29772.219000000005
105558,29031.211000000003
105559,28529.220000000005
105560,28847.222000000005
105561,29082.216000000004
105562,29255.216000000004
105563,29477.210000000006
105564,28003.213000000007
105565,28757.204000000005
105566,29664.199000000004
105567,30074.201000000005
105568,37005.205
105569,36646.201
105570,38676.199
105571,38395.201
105572,30698.202000000005
105573,30038.209000000006
105574,30959.207000000006
105575,30844.20100000001
105576,31430.196000000007
105577,31965.192000000006
105578,31175.186
105579,31387.181000000008
105580,29598.180000000004
105581,29259.165000000005
105582,29982.161
105583,30589.162000000004
105584,32420.156000000003
105585,31383.157000000003
105586,31370.154000000002
105587,31135.149
105588,30420.149
105589,29449.148
105590,30054.142000000003
105591,30230.135000000002
105592,30657.132
105593,30279.132
105594,29329.131
105595,29572.131
105596,30330.127
105597,31090.125
105598,32383.126
105599,32654.124000000003
105600,33996.123
105601,34428.119999999995
105602,32670.121000000003
105603,32884.119
105604,32134.121000000003
105605,32612.117000000006
105606,32398.119000000006
105607,32361.119000000006
105608,31343.123000000007
105609,31319.124000000003
105610,29973.121000000006
105611,28628.123000000007
105612,28973.128000000004
105613,29732.128000000004
105614,30091.132000000005
105615,29881.128000000004
105616,28830.131000000005
105617,28368.131000000005
105618,28019.126000000004
105619,28197.127000000004
105620,28401.129000000004
105621,29404.125000000004
105622,30010.122000000003
105623,29568.125000000004
105624,29180.118000000002
105625,29310.118000000006
105626,30069.116000000005
105627,30496.112000000005
105628,31648.112000000005
105629,31660.115000000005
105630,32788.117000000006
105631,33599.111999999994
105632,31437.114000000005
105633,32184.112000000005
105634,32379.110000000004
105635,32997.105
105636,32422.103000000003
105637,33155.106
105638,32155.104000000003
105639,31981.102000000003
105640,30372.103000000003
105641,29607.097
105642,30213.097
105643,30171.097000000005
105644,30379.097000000005
105645,29995.098000000005
105646,30028.093000000004
105647,29613.091000000004
105648,28784.096000000005
105649,28421.095000000005
105650,28957.090000000004
105651,29732.089000000004
105652,30742.086000000003
105653,29762.086000000003
105654,28234.087000000003
105655,28244.081000000002
105656,29674.078000000005
105657,29669.078000000005
105658,31590.076000000005
105659,31810.075000000004
105660,34185.06799999999
105661,34740.066999999995
105662,32525.071000000004
105663,33255.077
105664,33070.075000000004
105665,34630.073
105666,33245.072
105667,34220.07199999999
105668,33865.07
105669,33870.068999999996
105670,31710.072000000004
105671,29955.072000000004
105672,31000.068000000003
105673,30735.074000000004
105674,31870.077000000005
105675,31120.078000000005
105676,32095.076000000005
105677,31620.075000000004
105678,30285.075000000004
105679,30320.073000000004
105680,29695.077000000005
105681,30715.073000000004
105682,31360.071000000004
105683,30645.068000000007
105684,30140.068000000007
105685,29740.071000000007
105686,33040.066000000006
105687,33265.065
105688,34595.068
105689,34600.067
105690,36010.068
105691,37375.068999999996
105692,35280.068999999996
105693,36480.068
105694,35570.067
105695,41225.069
105696,40285.066999999995
105697,40435.072
105698,39870.073000000004
105699,40530.069
105700,39205.066000000006
105701,32370.066000000006
105702,32960.066000000006
105703,32730.068000000007
105704,33835.071
105705,33645.07000000001
105706,33290.06800000001
105707,32455.069000000007
105708,37000.07000000001
105709,37875.066000000006
105710,37310.06800000001
105711,37340.069
105712,38510.069
105713,37925.069
105714,38160.066000000006
105715,37840.067
105716,38755.069
105717,39930.068
105718,41320.068
105719,41180.066999999995
105720,43280.06699999999
105721,44645.06699999999
105722,41345.06699999998
105723,41565.06699999998
105724,40400.06599999999
105725,40255.068999999996
105726,39200.076
105727,40715.077
105728,40140.075000000004
105729,39760.07400000001
105730,38165.077000000005
105731,37975.07400000001
105732,38785.07400000001
105733,39240.071
105734,40230.068
105735,39470.069
105736,39030.069
105737,38085.069
105738,36970.06800000001
105739,37120.07200000001
105740,36540.071
105741,37015.069
105742,37985.07000000001
105743,37985.071
105744,38640.067
105745,38255.066000000006
105746,39625.065
105747,40805.06399999999
105748,41330.066
105749,41215.066999999995
105750,42965.06799999999
105751,43915.06799999999
105752,40625.068
105753,41275.065
105754,40878.066999999995
105755,42083.065
105756,41943.064000000006
105757,42738.061
105758,42118.063
105759,35768.06800000001
105760,35223.066000000006
105761,34023.06800000001
105762,35228.066000000006
105763,34928.064000000006
105764,34398.06300000001
105765,34263.06100000001
105766,33453.062000000005
105767,32963.05900000001
105768,32373.06200000001
105769,33363.060000000005
105770,30393.06000000001
105771,30613.061000000005
105772,31343.06700000001
105773,31533.070000000007
105774,32588.066000000006
105775,31588.067000000006
105776,32573.065000000006
105777,33718.065
105778,33788.066
105779,33988.064999999995
105780,35838.06199999999
105781,36563.06399999999
105782,33823.066
105783,34248.064
105784,34288.066
105785,36043.06599999999
105786,37418.060999999994
105787,37473.06
105788,36853.062
105789,36460.062999999995
105790,35680.064
105791,34750.061
105792,35630.061
105793,35240.062
105794,33615.065
105795,33065.06300000001
105796,32445.06500000001
105797,31710.06600000001
105798,31480.06900000001
105799,31770.06500000001
105800,31325.06600000001
105801,32420.06200000001
105802,32680.05900000001
105803,33290.060000000005
105804,34735.054000000004
105805,33130.058000000005
105806,33545.05900000001
105807,35100.060000000005
105808,35580.057
105809,36545.057
105810,38470.058
105811,39035.057
105812,37095.05499999999
105813,37230.057
105814,37460.05699999999
105815,38005.06
105816,37645.059
105817,36060.06199999999
105818,35680.061
105819,35165.057
105820,33965.058000000005
105821,32730.052000000007
105822,34845.05400000001
105823,34480.05400000001
105824,33535.054000000004
105825,33570.05300000001
105826,33010.054000000004
105827,31820.053000000007
105828,31190.057000000008
105829,32175.055000000008
105830,31585.056000000008
105831,32950.058000000005
105832,32500.06300000001
105833,32895.06300000001
105834,32875.06700000001
105835,38200.062000000005
105836,39735.062000000005
105837,40470.066000000006
105838,40840.06700000001
105839,41125.065
105840,42820.066999999995
105841,43580.066999999995
105842,41200.06599999999
105843,40755.066999999995
105844,40745.069
105845,41875.06599999999
105846,41845.066999999995
105847,41700.068
105848,42230.06899999999
105849,41250.06999999999
105850,40135.07000000001
105851,38650.066000000006
105852,40690.069
105853,41395.069
105854,40925.066000000006
105855,40340.066000000006
105856,39170.066000000006
105857,38485.062000000005
105858,37910.06000000001
105859,38005.06000000001
105860,37845.05900000001
105861,38270.05700000001
105862,38240.05900000001
105863,44515.05500000001
105864,45330.05300000001
105865,45170.05700000001
105866,46595.055
105867,47385.05799999999
105868,46925.063
105869,46370.066000000006
105870,49110.062
105871,50255.062
105872,48665.064
105873,47915.067
105874,47310.071
105875,47180.072
105876,47415.068999999996
105877,47035.069
105878,47460.067
105879,47125.065
105880,46195.061
105881,44610.06100000001
105882,45585.06100000001
105883,46170.05900000001
105884,46920.057
105885,46000.06000000001
105886,46260.057
105887,45035.058000000005
105888,38610.05900000001
105889,38970.06000000001
105890,38775.06000000001
105891,39130.06100000001
105892,39855.062000000005
105893,40755.062000000005
105894,40640.062000000005
105895,41395.062000000005
105896,42390.058000000005
105897,44175.056
105898,44835.05099999999
105899,39750.05199999999
105900,40545.05399999999
105901,41655.05599999999
105902,39705.05599999999
105903,39510.05599999999
105904,38780.05599999999
105905,38885.05899999999
105906,44005.06099999999
105907,44370.06099999999
105908,44820.058999999994
105909,44320.057
105910,43175.057
105911,41165.058999999994
105912,42085.05499999999
105913,41140.054000000004
105914,40945.054000000004
105915,40360.054000000004
105916,39390.05300000001
105917,38355.05500000001
105918,37990.05600000001
105919,38075.06000000001
105920,37685.05900000001
105921,37470.06500000001
105922,38210.07000000001
105923,39802.065
105924,40762.064
105925,40332.06700000001
105926,41112.068
105927,41532.06700000001
105928,42052.07000000001
105929,42442.07000000001
105930,43322.07400000001
105931,44747.073000000004
105932,43022.073000000004
105933,42917.07000000001
105934,43482.069
105935,43867.069
105936,43627.07399999999
105937,44359.076
105938,45021.072
105939,44906.06599999999
105940,43573.06599999999
105941,42268.065
105942,42674.066000000006
105943,41569.06300000001
105944,39354.061
105945,39549.061
105946,32659.062000000005
105947,32044.063000000006
105948,31649.064000000006
105949,32434.064000000006
105950,32629.064000000006
105951,32836.062000000005
105952,33330.06800000001
105953,34615.071
105954,34870.069
105955,34645.07
105956,35580.073000000004
105957,35606.072
105958,35996.073000000004
105959,35371.075000000004
105960,36494.079
105961,37209.082
105962,35682.079999999994
105963,36227.075999999994
105964,37017.07499999999
105965,37756.07499999999
105966,37917.075
105967,38523.075
105968,38539.075999999994
105969,37515.07999999999
105970,36375.08
105971,35010.081000000006
105972,36405.079999999994
105973,36230.081999999995
105974,35432.081
105975,34987.08200000001
105976,34191.08200000001
105977,33906.083000000006
105978,32766.08500000001
105979,33660.088
105980,33240.09000000001
105981,33461.08700000001
105982,33466.08600000001
105983,34111.08400000001
105984,34601.08500000001
105985,34436.08500000001
105986,34866.08700000001
105987,34671.088
105988,34650.09100000001
105989,34184.09300000001
105990,35700.096
105991,37040.09599999999
105992,35800.093
105993,35234.092
105994,35465.093
105995,36445.096999999994
105996,36824.09799999999
105997,38050.09699999999
105998,38642.09599999999
105999,37722.09499999999
106000,37002.09499999999
106001,35672.099
106002,37012.10699999999
106003,36572.11299999999
106004,36252.116
106005,35978.116
106006,34941.12100000001
106007,34502.12900000001
106008,34389.128000000004
106009,35694.13
106010,34785.126000000004
106011,34540.12700000001
106012,34355.132000000005
106013,35015.124
106014,35143.124
106015,35145.125
106016,35612.127
106017,36502.131
106018,36140.136999999995
106019,35660.136
106020,38195.136999999995
106021,39663.134999999995
106022,38978.13399999999
106023,38561.13599999999
106024,38602.13699999999
106025,38997.14399999999
106026,39291.147999999994
106027,40511.151999999995
106028,40371.16099999999
106029,39699.16599999999
106030,38414.16499999999
106031,37019.168
106032,37929.173999999985
106033,37971.173999999985
106034,37429.17799999999
106035,36478.187
106036,35453.193
106037,36149.192
106038,36249.193
106039,37366.19099999999
106040,36436.191
106041,36044.193
106042,35933.191
106043,36647.191
106044,37254.193999999996
106045,37216.195
106046,38122.196
106047,36861.204000000005
106048,36878.204
106049,35453.203
106050,37208.205
106051,38130.206999999995
106052,37785.206
106053,37537.205
106054,37161.205
106055,37932.206
106056,38517.21199999999
106057,39023.20999999999
106058,39544.214
106059,40103.219
106060,39454.21399999999
106061,37992.21799999999
106062,39518.221
106063,39617.223999999995
106064,38619.231
106065,38396.227
106066,37510.227
106067,37351.227000000006
106068,37322.229
106069,37347.23
106070,36837.228
106071,36993.22899999999
106072,37085.225999999995
106073,37652.228
106074,38267.227
106075,38130.229
106076,39450.229999999996
106077,39207.23099999999
106078,39137.23099999999
106079,38902.229
106080,40303.236
106081,41677.236999999994
106082,40067.236
106083,39275.242
106084,38844.25
106085,39600.255
106086,40076.257999999994
106087,40604.259999999995
106088,40454.259999999995
106089,41101.26299999999
106090,40231.26399999999
106091,38641.26299999999
106092,39962.25699999999
106093,40537.26199999999
106094,40371.257999999994
106095,39791.259999999995
106096,37716.26699999999
106097,38008.26299999999
106098,38249.26399999999
106099,37698.27299999999
106100,37763.26699999999
106101,37842.27199999999
106102,37851.27799999999
106103,38751.28399999999
106104,39166.28999999999
106105,38739.29299999999
106106,39748.29299999999
106107,39341.301999999996
106108,39105.30299999999
106109,39673.30799999999
106110,40751.310999999994
106111,41759.315999999984
106112,39487.320999999996
106113,38970.323
106114,38083.329
106115,38998.337
106116,39206.33
106117,39872.333999999995
106118,39685.333
106119,39985.331999999995
106120,39230.331999999995
106121,38128.336
106122,38921.343
106123,39617.34100000001
106124,40120.34000000001
106125,40344.343
106126,40019.348999999995
106127,39506.353
106128,39503.351
106129,38753.353
106130,39034.35400000001
106131,39076.35400000001
106132,39417.35000000001
106133,39948.34700000001
106134,41232.34200000001
106135,40389.35100000001
106136,39694.35000000001
106137,39920.35000000001
106138,40623.35500000002
106139,41163.360000000015
106140,42217.36700000001
106141,43973.36700000001
106142,42595.371000000014
106143,42975.37600000002
106144,42080.38200000002
106145,42723.38200000002
106146,44097.38600000002
106147,44420.39900000001
106148,44095.39900000001
106149,44959.40300000001
106150,44278.41000000002
106151,43473.40900000002
106152,44218.40400000002
106153,44287.41400000002
106154,44474.41400000002
106155,44590.415000000015
106156,44288.41200000001
106157,44001.413000000015
106158,42779.42400000002
106159,41788.423000000024
106160,40993.42500000002
106161,40394.42900000002
106162,40397.42800000002
106163,40477.432000000015
106164,41257.426000000014
106165,39961.430000000015
106166,39388.43300000001
106167,39076.439000000006
106168,40453.443000000014
106169,40785.447000000015
106170,41914.44800000002
106171,43107.45400000002
106172,42269.45700000001
106173,42904.45600000001
106174,40649.45800000001
106175,41339.46700000001
106176,42596.47400000001
106177,43498.47400000002
106178,43612.468000000015
106179,44360.47600000002
106180,44164.47800000002
106181,43082.486000000004
106182,43725.494000000006
106183,43655.49200000002
106184,45011.48700000001
106185,44882.492000000006
106186,44912.497
106187,44851.503000000004
106188,43632.503000000004
106189,42914.507000000005
106190,42270.51500000001
106191,42341.506
106192,41781.511000000006
106193,42462.512
106194,42828.518000000004
106195,41883.521
106196,41406.52400000001
106197,40673.52100000001
106198,41881.520000000004
106199,41079.523
106200,42562.524000000005
106201,43625.536
106202,43265.54
106203,43587.54200000001
106204,42060.549000000006
106205,43421.54600000001
106206,44464.54800000002
106207,44769.55400000001
106208,43904.566
106209,44996.568
106210,44466.571
106211,43340.57600000001
106212,44091.578
106213,44070.573000000004
106214,45649.57800000001
106215,44874.58400000001
106216,44861.579000000005
106217,45161.58500000001
106218,44766.591
106219,45358.591
106220,44576.58500000001
106221,43727.59400000001
106222,42930.59500000001
106223,42978.60700000001
106224,43230.61100000001
106225,42724.60900000002
106226,41842.606000000014
106227,41378.60800000001
106228,42291.609000000004
106229,41401.61800000001
106230,42921.617000000006
106231,44005.619000000006
106232,44633.61600000001
106233,44231.615000000005
106234,43078.623999999996
106235,43406.63
106236,45762.61800000001
106237,45702.61400000001
106238,44398.61400000001
106239,44329.626000000004
106240,43762.638
106241,43808.62600000001
106242,43744.624
106243,43785.625
106244,45106.613000000005
106245,44500.614
106246,44928.609000000004
106247,45336.615999999995
106248,44868.62100000001
106249,44303.62500000001
106250,43586.625
106251,43426.637
106252,42636.63700000001
106253,43237.63300000001
106254,43671.63400000001
106255,43685.634000000005
106256,41815.624
106257,41680.62200000001
106258,42449.627
106259,41746.649
106260,43095.64600000001
106261,43642.63900000001
106262,43875.64100000001
106263,44301.63200000001
106264,43197.64100000001
106265,43254.646000000015
106266,45116.64700000002
106267,45148.648000000016
106268,43643.667000000016
106269,44652.657000000014
106270,44207.64700000001
106271,42818.650000000016
106272,44006.63900000001
106273,43042.646000000015
106274,43239.650000000016
106275,42470.64800000001
106276,42100.63700000002
106277,43287.63400000001
106278,42775.646000000015
106279,42681.63700000001
106280,43308.626000000004
106281,43582.622
106282,43226.62100000001
106283,44093.621
106284,43870.634
106285,43654.638000000006
106286,41030.637
106287,41001.638000000006
106288,41854.632000000005
106289,41968.63100000001
106290,42186.635
106291,41975.632999999994
106292,41384.626000000004
106293,41052.62700000001
106294,40285.629
106295,40741.63200000001
106296,42664.634000000005
106297,41833.63200000001
106298,41163.62800000001
106299,41203.63600000002
106300,41609.63200000002
106301,41129.62800000001
106302,41210.63000000002
106303,39978.64200000002
106304,41231.63700000002
106305,40970.639000000025
106306,41214.63400000001
106307,42186.64200000002
106308,41584.639000000025
106309,40068.64400000001
106310,40284.644000000015
106311,41059.64300000001
106312,40318.64900000001
106313,42000.659000000014
106314,42796.65600000001
106315,43190.64300000001
106316,41204.65000000001
106317,41025.645
106318,41047.64800000001
106319,41323.640000000014
106320,41146.645000000004
106321,40904.647000000004
106322,40405.645000000004
106323,39947.63400000001
106324,39271.63300000001
106325,39497.63500000001
106326,41534.62500000001
106327,41877.61
106328,41722.617000000006
106329,42455.617000000006
106330,42383.61900000001
106331,41539.61300000001
106332,41906.60900000002
106333,40801.608000000015
106334,39708.61100000001
106335,38317.614
106336,37954.61000000001
106337,37794.62000000001
106338,36988.61500000001
106339,35605.62500000001
106340,35820.617000000006
106341,35684.62200000001
106342,35896.618
106343,37288.62200000001
106344,38762.618
106345,38783.61400000001
106346,37657.61000000002
106347,37697.60500000001
106348,37498.60100000002
106349,37743.59500000002
106350,37312.59600000001
106351,37261.60900000001
106352,36682.60500000001
106353,36298.59900000001
106354,35312.59900000002
106355,35421.595
106356,37398.585
106357,37352.585000000014
106358,37262.583000000006
106359,37374.59700000001
106360,37626.597
106361,37885.593
106362,37648.583000000006
106363,36361.58400000001
106364,36763.58100000001
106365,36666.57600000001
106366,35266.583000000006
106367,35994.573000000004
106368,34632.570999999996
106369,34081.57400000001
106370,32543.57600000002
106371,32069.585000000017
106372,32629.578000000016
106373,34563.578
106374,34929.578
106375,34055.57000000001
106376,33645.565
106377,32876.573000000004
106378,33668.56200000001
106379,33777.562000000005
106380,33832.55700000001
106381,33706.55300000001
106382,31849.547000000017
106383,30966.551000000018
106384,30949.552000000018
106385,31493.547000000017
106386,32973.54700000001
106387,32312.55400000002
106388,32783.55600000001
106389,32159.55700000002
106390,32638.56100000002
106391,32854.56300000001
106392,32911.56100000001
106393,31531.552000000018
106394,31607.55800000002
106395,31891.560000000016
106396,31187.567000000017
106397,31733.55800000002
106398,30263.55800000002
106399,29621.552000000018
106400,29750.539000000015
106401,29821.534000000018
106402,30054.531000000017
106403,31966.531000000017
106404,31723.534000000018
106405,30491.52700000002
106406,29043.541000000016
106407,29854.547000000017
106408,29888.55000000002
106409,30561.529000000017
106410,30117.531000000017
106411,30841.523000000016
106412,30292.531000000017
106413,29959.52300000002
106414,29536.517000000018
106415,30091.51800000002
106416,30888.51900000002
106417,30357.50900000002
106418,31284.513000000017
106419,31922.50600000002
106420,32008.509000000016
106421,30854.498000000018
106422,30820.495000000017
106423,29117.493000000017
106424,30057.483000000015
106425,30482.474000000017
106426,30247.46800000001
106427,30067.47600000001
106428,29198.47000000001
106429,28327.46600000001
106430,28388.46700000001
106431,28396.462000000014
106432,28469.454000000012
106433,29714.456000000013
106434,30262.453000000012
106435,29217.44900000001
106436,28803.453000000012
106437,29225.460000000014
106438,28765.452000000012
106439,28808.456000000013
106440,28457.44900000001
106441,29042.459000000013
106442,27991.455000000016
106443,27889.453000000016
106444,25982.456000000013
106445,26196.464000000014
106446,26693.469000000012
106447,25153.47700000001
106448,25760.47600000001
106449,25128.47700000001
106450,25679.47400000001
106451,25387.46600000001
106452,26356.46200000001
106453,25031.457000000013
106454,25389.454000000012
106455,25314.457000000013
106456,24851.455000000013
106457,26399.457000000013
106458,25073.460000000014
106459,24988.45400000001
106460,24836.451000000012
106461,24350.45100000001
106462,24431.45500000001
106463,26398.448000000008
106464,26066.448000000008
106465,24402.449000000004
106466,23521.453000000005
106467,23189.454000000005
106468,22857.445000000007
106469,23114.449000000004
106470,22983.443000000007
106471,23867.444000000007
106472,22348.451000000005
106473,21462.456000000002
106474,21390.452000000005
106475,21977.449000000004
106476,23302.448000000004
106477,23014.444000000003
106478,23019.443000000007
106479,23480.437000000005
106480,24205.432000000004
106481,24362.429000000004
106482,24484.441000000006
106483,23698.429000000007
106484,25365.427000000003
106485,24807.425000000003
106486,24852.418000000005
106487,25386.420000000002
106488,25181.411000000004
106489,24344.415000000005
106490,23574.419000000005
106491,23003.413000000004
106492,22799.408000000003
106493,23612.415
106494,22182.414
106495,22133.405
106496,20607.412
106497,19979.407
106498,19535.413
106499,19788.416
106500,19588.418
106501,20455.417
106502,19828.412
106503,19113.415
106504,19379.409
106505,19802.402000000002
106506,21221.404
106507,20808.394
106508,20567.393
106509,20629.4
106510,20982.402000000002
106511,20220.400000000005
106512,21016.403000000002
106513,20621.4
106514,22605.391
106515,21512.389
106516,21050.391000000003
106517,22238.389
106518,21452.398999999998
106519,19968.395
106520,20145.388
106521,19122.382999999998
106522,18742.38
106523,19233.377
106524,17726.374000000003
106525,17970.375
106526,16777.37
106527,15329.369
106528,15430.368000000002
106529,16211.357
106530,17193.341999999997
106531,17390.348999999995
106532,16491.354
106533,16107.366000000002
106534,16668.365
106535,16576.366
106536,16537.367000000002
106537,16231.373000000003
106538,16162.370000000004
106539,16235.376000000004
106540,15377.377000000002
106541,15800.387000000008
106542,16566.391000000007
106543,15867.392000000009
106544,16366.391000000009
106545,14920.39600000001
106546,15285.39900000001
106547,15911.407000000012
106548,15362.414000000015
106549,14318.419000000016
106550,15276.421000000018
106551,13749.428000000018
106552,12247.441000000019
106553,11323.460000000023
106554,9485.476000000022
106555,9081.485000000024
106556,7539.49800000002
106557,6141.515000000019
106558,3979.5540000000115
106559,2205.592999999996
106560,1515.4449999999963
106561,3190.432000000006
106562,4942.419000000013
106563,6252.412000000014
106564,7482.407000000015
106565,8547.40200000002
106566,10047.392000000018
106567,11407.38400000002
106568,12237.38400000002
106569,13173.376000000017
106570,16203.362000000012
106571,15353.355000000012
106572,14297.354000000012
106573,13598.353000000014
106574,12845.352000000012
106575,13030.35300000001
106576,12498.347000000009
106577,11983.345000000008
106578,11503.344000000008
106579,11460.342000000008
106580,9977.340000000006
106581,11930.336000000005
106582,13932.329000000003
106583,15757.326000000001
106584,16876.321
106585,16786.316000000003
106586,17861.299
106587,18569.288999999997
106588,19709.285999999996
106589,19914.291999999994
106590,18854.298999999995
106591,18094.304999999997
106592,17224.313000000002
106593,17004.315
106594,18344.308999999997
106595,17534.315
106596,17934.318
106597,18562.314
106598,19127.313
106599,19443.311999999998
106600,20123.296000000002
106601,19503.297000000002
106602,18660.298
106603,16947.3
106604,16087.299
106605,17162.301
106606,15727.303000000002
106607,15437.307000000003
106608,13262.310000000003
106609,14125.295000000004
106610,14485.293000000003
106611,14540.290000000003
106612,14370.285000000003
106613,15675.284000000003
106614,16080.271000000002
106615,15070.262000000004
106616,15073.256000000003
106617,14780.260000000004
106618,15605.248000000003
106619,15330.242000000004
106620,15675.241000000002
106621,15310.239000000003
106622,15245.236000000003
106623,17175.235
106624,17300.237000000005
106625,17245.235000000004
106626,17532.23700000001
106627,17517.233000000007
106628,18352.22400000001
106629,18753.218000000008
106630,17758.216000000008
106631,17718.213000000007
106632,17959.209000000006
106633,16564.207000000006
106634,16116.205000000005
106635,16706.203000000005
106636,16344.194000000005
106637,16544.190000000006
106638,15349.185000000005
106639,15329.185000000005
106640,15504.182000000004
106641,15684.178000000005
106642,15089.180000000004
106643,15459.183000000003
106644,15241.184000000005
106645,14841.189000000004
106646,14896.187000000004
106647,15516.182000000003
106648,16676.184000000005
106649,16286.187000000005
106650,17635.187000000005
106651,16445.189000000006
106652,16627.193000000003
106653,17030.193000000003
106654,18195.194000000007
106655,18218.195000000007
106656,17833.196000000007
106657,17823.195000000007
106658,18416.197000000007
106659,19201.198000000008
106660,18011.201000000005
106661,19586.199000000008
106662,20581.199000000004
106663,20001.200000000004
106664,18841.199000000004
106665,18846.199000000004
106666,19431.198000000004
106667,19661.197000000007
106668,18081.202000000005
106669,17704.201000000005
106670,17704.201000000005
106671,17367.195000000003
106672,15947.198000000002
106673,16902.199000000004
106674,16299.201000000003
106675,16269.205000000004
106676,15884.204000000003
106677,15697.204000000003
106678,15892.204000000003
106679,15882.203000000003
106680,15859.205000000004
106681,15879.202000000003
106682,15689.201000000003
106683,15887.202000000003
106684,17052.203000000005
106685,17672.200000000004
106686,17667.202000000005
106687,17422.208000000006
106688,17624.207000000006
106689,18219.206000000006
106690,17629.207000000006
106691,18654.203000000005
106692,20042.200000000004
106693,19047.205000000005
106694,18229.211000000007
106695,18024.21200000001
106696,23904.21300000001
106697,24694.21100000001
106698,24689.211000000007
106699,25074.212000000007
106700,25894.204000000005
106701,19827.203000000005
106702,18657.20400000001
106703,20047.20200000001
106704,19672.200000000008
106705,19897.196000000004
106706,19497.198000000004
106707,20037.20200000001
106708,20052.199000000004
106709,19832.199000000004
106710,18652.201000000005
106711,19237.201000000005
106712,18437.204000000005
106713,17477.202000000005
106714,18042.203000000005
106715,18642.201000000005
106716,18442.203000000005
106717,17632.206000000006
106718,16667.204000000005
106719,16857.205000000005
106720,17267.202000000005
106721,17857.203000000005
106722,19617.202000000005
106723,20007.199000000004
106724,18832.199000000004
106725,19052.198000000004
106726,19232.199000000004
106727,19397.204000000005
106728,20537.206000000006
106729,21707.206000000006
106730,21332.206000000006
106731,20372.204000000005
106732,19242.203000000005
106733,20427.199000000004
106734,21182.198000000004
106735,20982.198000000004
106736,20782.199000000004
106737,21977.195000000003
106738,21387.197000000004
106739,20442.195000000003
106740,21242.190000000002
106741,22007.191000000003
106742,21397.191000000003
106743,19807.195000000003
106744,20372.196000000004
106745,21222.189000000006
106746,20627.191000000006
106747,19632.193000000007
106748,19052.192000000006
106749,19607.195000000007
106750,19027.193000000003
106751,18847.190000000002
106752,19627.188000000006
106753,19427.189000000006
106754,18442.190000000002
106755,19620.190000000006
106756,20960.192000000006
106757,21732.192000000006
106758,22492.195000000007
106759,23247.195000000007
106760,23249.195000000007
106761,22459.197000000007
106762,22074.193000000007
106763,23072.190000000006
106764,22087.192000000006
106765,20747.192000000006
106766,19952.196000000004
106767,20737.195000000003
106768,20727.196000000007
106769,19927.197000000007
106770,19327.196000000007
106771,20337.190000000006
106772,19382.187000000005
106773,18627.185000000005
106774,19597.190000000006
106775,19785.190000000006
106776,19372.192000000006
106777,19007.189000000006
106778,18847.184000000005
106779,19607.187000000005
106780,20382.18600000001
106781,19602.184000000005
106782,20197.180000000008
106783,20402.182000000008
106784,19412.182000000004
106785,20802.178000000007
106786,21952.179000000007
106787,22172.178000000007
106788,23187.173000000006
106789,23949.172000000006
106790,23589.172000000006
106791,23537.176000000007
106792,23932.176000000007
106793,24172.170000000006
106794,23192.170000000006
106795,22622.168000000005
106796,22957.168000000005
106797,23487.170000000006
106798,23707.167000000005
106799,22927.165000000008
106800,22329.169000000005
106801,22101.171000000002
106802,21944.170000000002
106803,21554.170000000002
106804,22319.174000000003
106805,22699.176000000003
106806,22139.173000000003
106807,21799.177000000003
106808,21444.173000000006
106809,21779.181000000008
106810,22001.179000000007
106811,21206.183000000005
106812,20839.183000000005
106813,21244.183000000005
106814,20074.185000000005
106815,20889.184000000005
106816,21476.186000000005
106817,22521.185000000005
106818,23511.186000000005
106819,23916.187000000005
106820,23382.183000000005
106821,24012.181000000004
106822,23794.183000000005
106823,24220.179000000004
106824,24608.179000000004
106825,24229.179000000004
106826,25229.181000000004
106827,25179.189000000006
106828,25582.192000000006
106829,25549.193000000007
106830,25782.192000000006
106831,24838.189000000006
106832,25218.192000000006
106833,24439.196000000004
106834,23855.200000000004
106835,23840.205000000005
106836,23260.207000000006
106837,22710.208000000006
106838,22530.207000000006
106839,23733.202000000005
106840,23896.207000000006
106841,23921.203000000005
106842,23349.205000000005
106843,23803.204000000005
106844,23056.206000000006
106845,24444.207000000006
106846,25391.210000000006
106847,26414.209000000006
106848,27609.211000000007
106849,27605.213000000007
106850,27393.211000000007
106851,27424.208000000006
106852,27122.206000000006
106853,26977.205000000005
106854,27246.204000000005
106855,27055.205000000005
106856,28693.199000000004
106857,29294.198000000004
106858,28195.194000000003
106859,27869.194000000007
106860,26550.188000000006
106861,26328.189000000006
106862,25698.195000000007
106863,25886.193000000007
106864,24978.191000000006
106865,25607.190000000006
106866,25586.188000000006
106867,24576.192000000006
106868,24802.190000000006
106869,26149.192000000003
106870,27482.195000000003
106871,27141.194000000003
106872,27160.194000000003
106873,27745.193
106874,27441.192
106875,28322.192
106876,28745.193
106877,30106.193
106878,31238.199
106879,30909.201
106880,30280.203
106881,29695.203
106882,29810.2
106883,28595.203
106884,27427.203
106885,26309.204
106886,27000.212000000003
106887,27068.208000000002
106888,25967.214000000004
106889,25789.209000000003
106890,24179.215000000004
106891,24218.211000000003
106892,24193.213000000003
106893,24209.209000000003
106894,23368.210000000003
106895,23756.204000000005
106896,23978.205000000005
106897,23545.206000000002
106898,24239.204
106899,26016.199000000004
106900,26812.199000000004
106901,26456.197000000004
106902,27095.191000000003
106903,26377.189000000002
106904,26200.186
106905,26977.188000000002
106906,27580.190000000002
106907,27460.191000000003
106908,34147.189
106909,34737.189999999995
106910,34946.197
106911,34324.197
106912,33672.199
106913,32496.2
106914,31905.204999999998
106915,31665.203
106916,32287.203
106917,32090.202
106918,32350.204
106919,32041.2
106920,30668.2
106921,30650.202
106922,31274.204
106923,32070.203000000005
106924,31705.202000000005
106925,31791.196000000004
106926,31837.193000000003
106927,31909.188000000002
106928,32326.188000000002
106929,33506.192
106930,33883.197
106931,33816.197
106932,34915.200000000004
106933,34336.204
106934,34579.202
106935,34243.204
106936,34827.21
106937,34395.211
106938,34390.217000000004
106939,34186.22
106940,34980.225
106941,33825.224
106942,33262.224
106943,31800.229000000003
106944,25181.231000000003
106945,25708.237000000005
106946,26367.239
106947,25867.233000000004
106948,25884.239
106949,25761.239
106950,25789.239
106951,25975.244000000002
106952,25791.24
106953,26549.243000000002
106954,26828.241
106955,27261.239
106956,27973.238
106957,27750.243000000002
106958,29186.241
106959,30833.253000000004
106960,30398.252000000004
106961,30239.254000000004
106962,30787.258000000005
106963,29949.249000000003
106964,30137.254000000004
106965,29350.256000000005
106966,29710.254000000004
106967,29856.265000000003
106968,31275.264000000006
106969,31287.259000000005
106970,32320.259000000002
106971,31130.273000000005
106972,30807.271000000004
106973,29383.275000000005
106974,28229.272000000004
106975,28869.270000000008
106976,29802.27400000001
106977,29424.271000000004
106978,28711.272000000004
106979,29056.272000000004
106980,31269.272000000004
106981,31668.267000000003
106982,36945.262
106983,37736.258
106984,36377.253000000004
106985,36112.253000000004
106986,35510.258
106987,35408.264
106988,34023.272000000004
106989,35626.265
106990,35184.266
106991,34759.263000000006
106992,35553.26
106993,35097.253000000004
106994,36110.24800000001
106995,36150.236000000004
106996,35405.23300000001
106997,36161.232
106998,36296.225000000006
106999,36503.23000000001
107000,31426.229000000007
107001,30325.231000000007
107002,29885.22200000001
107003,30227.215000000007
107004,29421.22000000001
107005,29612.215000000007
107006,30555.215000000007
107007,30154.212000000003
107008,29334.215000000004
107009,29692.212000000003
107010,28343.208000000002
107011,29624.206000000002
107012,29261.206000000006
107013,30123.193000000003
107014,29179.194000000007
107015,29236.190000000006
107016,29596.190000000002
107017,29993.185000000005
107018,30300.183000000005
107019,31289.179000000004
107020,32051.173000000003
107021,37385.167
107022,38610.16100000001
107023,38047.158
107024,38062.153000000006
107025,38155.143000000004
107026,37376.13900000001
107027,37399.141
107028,37570.136000000006
107029,37603.128000000004
107030,37938.12700000001
107031,36712.124
107032,36089.12700000001
107033,36548.133
107034,37621.126000000004
107035,38062.122
107036,38865.12100000001
107037,38553.114
107038,37138.11600000001
107039,37585.11600000001
107040,36993.11600000001
107041,37736.11600000001
107042,37527.115000000005
107043,37896.115000000005
107044,37133.11
107045,37170.109000000004
107046,37674.111000000004
107047,38074.10800000001
107048,38512.107
107049,38737.105
107050,38779.102
107051,39116.102
107052,39659.103
107053,39059.105
107054,39972.102
107055,39585.102000000006
107056,38951.10400000001
107057,39062.114
107058,39566.115000000005
107059,39431.114
107060,40801.113
107061,39858.109
107062,39240.11200000001
107063,38980.11600000001
107064,39389.111000000004
107065,40804.10399999999
107066,40266.102
107067,39222.102
107068,38821.097
107069,38628.10100000001
107070,38155.10100000001
107071,37888.103
107072,38719.100000000006
107073,39116.098999999995
107074,38027.102
107075,37625.10400000001
107076,38162.10400000001
107077,38589.101
107078,39204.099
107079,38979.100000000006
107080,32680.105000000003
107081,32722.09800000001
107082,33339.09700000001
107083,32921.095
107084,33401.090000000004
107085,32088.088000000007
107086,32118.088000000007
107087,32703.088000000007
107088,33035.083000000006
107089,33200.083000000006
107090,34340.081999999995
107091,34259.083999999995
107092,32913.08700000001
107093,32383.085000000006
107094,32198.081000000006
107095,32991.082
107096,33046.08
107097,32672.079000000005
107098,32117.076000000005
107099,31905.07700000001
107100,31875.07700000001
107101,31790.07700000001
107102,32440.071000000007
107103,33025.071
107104,32875.073000000004
107105,32880.07200000001
107106,33310.071
107107,34085.068
107108,34260.067
107109,33845.068
107110,33255.069
107111,33065.06800000001
107112,33450.07000000001
107113,33280.07000000001
107114,32895.069
107115,32930.067
107116,32340.068000000007
107117,32885.071
107118,33590.077
107119,33555.079
107120,33710.082
107121,34130.083000000006
107122,32830.081000000006
107123,30895.086000000007
107124,31505.08600000001
107125,31510.08500000001
107126,31610.08000000001
107127,30075.08000000001
107128,34735.081000000006
107129,34705.08200000001
107130,34740.08000000001
107131,39865.081000000006
107132,41520.077000000005
107133,42750.07500000001
107134,42585.07500000001
107135,42030.07400000001
107136,43180.07400000001
107137,43580.077000000005
107138,43840.07400000001
107139,44430.073000000004
107140,44795.07400000001
107141,44315.069
107142,43985.06700000001
107143,38525.065
107144,37745.065
107145,37420.06400000001
107146,36820.06700000001
107147,37735.06700000001
107148,38555.065
107149,38740.06800000001
107150,38925.07100000001
107151,39940.068
107152,39095.072
107153,38560.06700000001
107154,39145.067
107155,39270.071
107156,39210.073000000004
107157,37450.07500000001
107158,37540.07200000001
107159,37875.073000000004
107160,37450.07500000001
107161,37255.07500000001
107162,38130.07100000001
107163,39695.07
107164,39050.072
107165,38770.07400000001
107166,39710.076
107167,40350.076
107168,38925.07800000001
107169,38965.081000000006
107170,39340.08
107171,38390.08000000001
107172,38355.08200000001
107173,38035.08000000001
107174,37850.07800000001
107175,32090.082000000006
107176,31000.081000000006
107177,31825.07700000001
107178,32625.07800000001
107179,32020.077000000005
107180,32245.07600000001
107181,32830.077000000005
107182,32300.07600000001
107183,32290.07800000001
107184,33350.07600000001
107185,34345.073
107186,34835.068
107187,34220.068999999996
107188,34560.068999999996
107189,34730.07
107190,34090.073
107191,33635.077
107192,34175.081
107193,35255.077
107194,33850.08
107195,33560.076
107196,34500.078
107197,34895.078
107198,33950.077
107199,34750.074
107200,35255.072
107201,34500.072
107202,34175.069
107203,34275.064
107204,34175.061
107205,36215.064000000006
107206,35205.066
107207,35795.064999999995
107208,36030.06800000001
107209,37195.068999999996
107210,37720.072
107211,38120.06999999999
107212,38325.068999999996
107213,37770.06800000001
107214,38585.066
107215,37595.071
107216,37770.07
107217,37445.067
107218,37250.066999999995
107219,36490.068999999996
107220,35735.069
107221,35425.068
107222,36385.066000000006
107223,37580.066
107224,36400.068
107225,36175.069
107226,37185.067
107227,36630.066000000006
107228,35515.065
107229,36475.061
107230,36890.061
107231,37345.058
107232,36790.057
107233,36205.057
107234,36340.06
107235,35910.063
107236,35580.062
107237,36555.063
107238,37110.064000000006
107239,38000.072
107240,38220.072
107241,37600.074
107242,37625.074
107243,37070.073000000004
107244,37720.07
107245,37510.073
107246,36790.072
107247,36990.072
107248,37285.066999999995
107249,36110.068
107250,34965.068
107251,34975.066
107252,35735.06599999999
107253,36425.06999999999
107254,34885.070999999996
107255,35095.068
107256,36725.064
107257,35870.068999999996
107258,35140.06999999999
107259,36220.065
107260,36645.064
107261,37980.066999999995
107262,37370.066999999995
107263,36990.065
107264,37580.064999999995
107265,37585.06399999999
107266,37155.067
107267,36495.07299999999
107268,37890.071
107269,39065.07
107270,39755.073
107271,39040.07
107272,39685.06799999999
107273,39740.068
107274,39930.07
107275,40140.068
107276,38705.073
107277,38675.074
107278,38815.075
107279,37805.077
107280,37090.074
107281,36775.074
107282,36355.075999999994
107283,37170.074
107284,36540.075
107285,36975.07200000001
107286,37915.07500000001
107287,37720.07500000001
107288,37490.077000000005
107289,37375.07600000001
107290,37565.077000000005
107291,39140.075000000004
107292,38945.076
107293,37505.082
107294,37935.08
107295,37555.08
107296,37870.078
107297,37690.08
107298,37885.08
107299,38855.081000000006
107300,38705.083000000006
107301,38850.083000000006
107302,40025.078
107303,40060.07600000001
107304,40435.079000000005
107305,40295.073000000004
107306,39650.07600000001
107307,39410.07100000001
107308,39285.07200000001
107309,38350.073000000004
107310,37745.07100000001
107311,36830.069
107312,36640.069
107313,37785.07000000001
107314,36460.06700000001
107315,35650.07100000001
107316,36400.07100000001
107317,36230.067
107318,34900.069
107319,35780.069
107320,37325.068
107321,37885.068
107322,37395.068
107323,36245.068999999996
107324,37240.07
107325,37225.068
107326,36785.066999999995
107327,37750.065
107328,38280.066000000006
107329,38855.066000000006
107330,38830.065
107331,39235.066999999995
107332,39195.07
107333,38015.072
107334,38365.075000000004
107335,37835.07400000001
107336,37085.073
107337,37305.073
107338,37725.07199999999
107339,36965.073
107340,37250.065
107341,36180.069
107342,36435.067
107343,37540.07000000001
107344,36160.073000000004
107345,36620.069
107346,38005.066000000006
107347,36795.06900000001
107348,36390.066000000006
107349,36655.062000000005
107350,37615.06000000001
107351,37230.05900000001
107352,37235.058000000005
107353,35580.066000000006
107354,35770.066000000006
107355,36290.06900000001
107356,36155.06900000001
107357,35955.07000000001
107358,36290.072000000015
107359,36705.072000000015
107360,36120.07400000001
107361,37225.069
107362,36795.073000000004
107363,36765.07400000001
107364,37334.07400000001
107365,37357.074
107366,36772.074
107367,36762.076
107368,36737.076
107369,35947.078
107370,35192.079000000005
107371,35422.07800000001
107372,35094.076
107373,36187.077000000005
107374,36222.075000000004
107375,35189.07800000001
107376,36644.077000000005
107377,36009.077000000005
107378,35818.079
107379,36213.079000000005
107380,37398.082
107381,37058.078
107382,37435.077000000005
107383,36825.077000000005
107384,36725.073000000004
107385,36725.074
107386,36360.075000000004
107387,36940.077000000005
107388,37080.079000000005
107389,37267.08200000001
107390,36452.08500000001
107391,37892.08100000001
107392,37687.08400000001
107393,37889.08300000001
107394,37874.08600000001
107395,38629.086
107396,37219.08900000001
107397,38214.085
107398,38039.08700000001
107399,37209.08700000001
107400,36736.08900000001
107401,36001.090000000004
107402,34421.09500000001
107403,34911.09900000001
107404,34175.09800000001
107405,34136.10000000001
107406,35246.10300000001
107407,35056.102000000006
107408,34644.10100000001
107409,35448.09900000001
107410,36869.09700000001
107411,35894.098000000005
107412,36545.094000000005
107413,36090.09700000001
107414,37896.09300000001
107415,37146.09300000001
107416,37131.097
107417,36496.098000000005
107418,36181.097
107419,37257.099
107420,36862.101
107421,37922.098999999995
107422,39092.098999999995
107423,38210.105
107424,38240.10399999999
107425,39105.103
107426,37545.10500000001
107427,37810.11100000001
107428,37795.11000000001
107429,37182.112
107430,36592.113
107431,35842.11200000001
107432,34885.113000000005
107433,35720.11400000001
107434,35150.11100000001
107435,34165.11500000001
107436,34779.12400000001
107437,35059.12300000001
107438,34939.12200000001
107439,35750.12100000001
107440,36340.12200000001
107441,36705.12200000001
107442,37295.12300000001
107443,37110.12200000001
107444,37210.128000000004
107445,37044.12900000001
107446,36796.13300000001
107447,36056.133
107448,36701.136000000006
107449,36659.14000000001
107450,36792.14600000001
107451,37416.14600000001
107452,37820.149000000005
107453,37200.15400000001
107454,37008.15800000001
107455,37468.15500000001
107456,37485.153999999995
107457,37067.156
107458,36881.16200000001
107459,36000.16
107460,36001.16
107461,35151.159999999996
107462,34345.162000000004
107463,35329.165
107464,35197.166
107465,35067.165
107466,36091.165
107467,36023.16299999999
107468,35408.166
107469,36164.17
107470,36177.172999999995
107471,36237.17199999999
107472,36697.169
107473,36401.168
107474,36991.168
107475,37633.164000000004
107476,36660.166
107477,36368.163
107478,37549.163
107479,37892.167
107480,38233.16499999999
107481,38653.166
107482,39584.17199999999
107483,38897.17
107484,38115.17
107485,37837.172000000006
107486,38309.17599999999
107487,38346.18299999999
107488,38148.186
107489,37591.189999999995
107490,37313.19699999999
107491,37079.199
107492,36735.207
107493,36722.212
107494,36179.214
107495,35163.218
107496,35892.223
107497,36099.225
107498,35710.224
107499,35710.227
107500,35816.227
107501,35848.229
107502,35209.234000000004
107503,35617.229
107504,37018.227999999996
107505,37984.22299999999
107506,37811.223999999995
107507,38484.221999999994
107508,38943.219
107509,40168.219999999994
107510,40244.221999999994
107511,40092.221999999994
107512,40238.22699999999
107513,39678.22999999999
107514,40109.23099999999
107515,40804.22499999999
107516,41023.231999999996
107517,41263.23299999999
107518,40972.24199999999
107519,40230.24399999999
107520,39729.24999999999
107521,40094.25299999999
107522,40082.25799999999
107523,41476.25699999999
107524,40522.25999999999
107525,39494.26399999999
107526,40383.26099999999
107527,40784.26499999999
107528,40553.27399999999
107529,40884.27099999999
107530,40833.272999999994
107531,40974.26899999999
107532,41032.263999999996
107533,40412.268
107534,40219.276
107535,40730.28
107536,40639.280999999995
107537,39709.288
107538,39188.288
107539,40539.299
107540,40929.299
107541,41016.302
107542,39942.304
107543,39144.30999999999
107544,39601.316
107545,39687.327
107546,39917.322
107547,39341.325
107548,39271.333
107549,38597.329
107550,39027.32800000001
107551,38907.335
107552,38611.335
107553,39623.337999999996
107554,39694.332
107555,39284.331000000006
107556,40115.322
107557,40238.331
107558,40420.333999999995
107559,39645.33900000001
107560,38607.345
107561,38500.354
107562,38612.350999999995
107563,38721.354
107564,38377.350999999995
107565,39079.352
107566,39384.352
107567,38938.356
107568,37743.35399999999
107569,39443.35799999999
107570,39589.36
107571,39527.358
107572,40503.365999999995
107573,39881.369999999995
107574,40471.371
107575,39658.376
107576,39530.382
107577,39279.38
107578,40686.382
107579,39731.386999999995
107580,39807.393000000004
107581,39039.397000000004
107582,38559.401000000005
107583,39541.40200000001
107584,39890.40400000001
107585,39768.41000000002
107586,39776.407000000014
107587,40384.417000000016
107588,41016.415000000015
107589,40867.42100000001
107590,40025.428000000014
107591,40948.42900000002
107592,41808.428000000014
107593,41615.43000000002
107594,41632.43400000002
107595,42350.43500000002
107596,41960.43200000002
107597,41075.43700000002
107598,40241.43900000001
107599,40198.443000000014
107600,40828.44200000001
107601,41587.44300000001
107602,42925.44300000001
107603,42749.447
107604,42377.443000000014
107605,38653.448000000004
107606,39170.442
107607,38181.445
107608,38943.447
107609,39835.45000000001
107610,40208.45400000001
107611,40269.45100000001
107612,38885.463
107613,40224.458000000006
107614,40464.454
107615,40274.463
107616,42292.46200000001
107617,43849.46000000001
107618,43778.45900000001
107619,42910.458000000006
107620,42028.46300000001
107621,44302.46700000001
107622,44670.47100000001
107623,44879.47700000001
107624,45922.47000000001
107625,46530.47400000001
107626,45629.478
107627,45006.48500000001
107628,44480.48200000001
107629,44591.48200000001
107630,45298.48400000001
107631,44802.49700000001
107632,45540.494000000006
107633,43838.508000000016
107634,43946.50700000001
107635,42977.515000000014
107636,42035.507
107637,40769.51200000001
107638,42252.509000000005
107639,42944.515
107640,44410.509
107641,44173.50800000001
107642,43416.50900000001
107643,44407.50400000001
107644,45159.50900000001
107645,44908.51000000002
107646,46892.50700000002
107647,47889.515000000014
107648,47533.52100000001
107649,46230.52900000002
107650,45406.53100000001
107651,46009.53300000002
107652,46419.54100000002
107653,46521.54500000001
107654,46703.54500000002
107655,47270.54400000002
107656,46626.54300000003
107657,46677.54400000002
107658,45534.55100000003
107659,46153.54600000002
107660,46161.54600000002
107661,45776.55000000002
107662,46579.54600000002
107663,46781.541000000005
107664,47602.542000000016
107665,47268.55700000001
107666,47107.56000000001
107667,46411.56100000001
107668,47743.567
107669,48149.577000000005
107670,48286.587000000014
107671,48240.593
107672,47895.60100000001
107673,48345.605
107674,48043.60700000001
107675,49132.60500000002
107676,49602.59900000001
107677,49855.60000000001
107678,48844.60200000001
107679,48628.596000000005
107680,47852.59600000001
107681,47735.60300000001
107682,48172.59600000001
107683,48212.59000000002
107684,47192.589000000014
107685,47138.580000000016
107686,46591.57800000001
107687,44076.58000000001
107688,44199.58100000001
107689,45072.58400000002
107690,45282.58800000002
107691,45012.591000000015
107692,44966.59100000001
107693,44478.597
107694,45563.585
107695,45732.589
107696,46288.59100000001
107697,46096.594000000005
107698,46641.59900000001
107699,46191.608
107700,46917.617000000006
107701,47150.61
107702,46694.617999999995
107703,46582.62200000001
107704,46950.625000000015
107705,46857.62500000001
107706,47234.630000000005
107707,47406.630000000005
107708,46742.63700000001
107709,46011.63200000001
107710,45499.63100000001
107711,45493.63300000001
107712,45326.640000000014
107713,44360.640000000014
107714,43463.63900000001
107715,43336.630000000005
107716,41250.62500000001
107717,41629.61600000001
107718,41352.61300000001
107719,42185.62500000001
107720,41750.61800000001
107721,41500.63000000001
107722,41069.63300000001
107723,41919.63600000002
107724,42003.633
107725,41897.638
107726,43400.63900000001
107727,42653.636000000006
107728,42739.63500000001
107729,42628.63100000001
107730,43119.637
107731,43367.632000000005
107732,43471.63700000001
107733,43985.63800000001
107734,44982.63100000002
107735,46100.62700000002
107736,46521.623000000014
107737,46599.62400000001
107738,46573.63600000001
107739,46274.63500000001
107740,44852.63600000001
107741,44046.651000000005
107742,44047.645000000004
107743,43615.645
107744,42875.639
107745,42738.643000000004
107746,41255.641
107747,41925.639
107748,41216.645
107749,41733.645
107750,42132.646
107751,43329.643
107752,43114.64500000001
107753,43060.642
107754,43268.649000000005
107755,42325.641
107756,43380.649000000005
107757,42660.65500000001
107758,41712.66000000002
107759,42539.64200000002
107760,43304.64000000002
107761,43999.645000000026
107762,43973.63800000002
107763,44098.64300000002
107764,44365.63400000002
107765,45255.637000000024
107766,45409.63300000002
107767,45268.63000000003
107768,45929.625000000015
107769,45284.62600000001
107770,43438.62
107771,41765.62500000001
107772,42124.625000000015
107773,41388.633000000016
107774,40841.61800000002
107775,40500.61300000003
107776,38781.61100000002
107777,38393.612000000016
107778,37916.61100000002
107779,37537.61100000002
107780,38386.607000000025
107781,38044.61500000002
107782,37433.62000000001
107783,37263.619000000006
107784,38271.61200000001
107785,37642.604000000014
107786,39233.596000000005
107787,39174.59800000001
107788,38944.602
107789,39806.60400000001
107790,40128.596000000005
107791,41005.600000000006
107792,41339.598000000005
107793,41267.59900000001
107794,40797.598999999995
107795,41154.596000000005
107796,40266.594000000005
107797,39186.606
107798,39273.6
107799,38684.605
107800,37368.597
107801,35766.597
107802,35891.6
107803,35209.604999999996
107804,34709.590000000004
107805,35920.579999999994
107806,34796.579
107807,35003.578
107808,35268.575
107809,34642.57400000001
107810,34975.57500000001
107811,35658.573
107812,34584.57400000001
107813,34916.57800000001
107814,36057.57300000001
107815,34579.58200000001
107816,35779.58
107817,35349.567
107818,34708.57100000001
107819,34547.56600000001
107820,35021.57500000001
107821,36317.564000000006
107822,37046.562000000005
107823,37166.56400000001
107824,36586.55700000001
107825,36943.55900000001
107826,36721.55900000001
107827,36262.55700000001
107828,35988.557
107829,36962.558000000005
107830,35457.562
107831,34069.557000000015
107832,33832.55200000002
107833,32869.56200000002
107834,31486.55900000002
107835,31969.557000000023
107836,30916.552000000018
107837,31326.550000000014
107838,31548.550000000017
107839,31017.542000000012
107840,31300.53800000001
107841,31739.531000000014
107842,31579.518000000015
107843,32415.50700000002
107844,33704.506000000016
107845,32295.520000000015
107846,33723.517000000014
107847,34172.51400000002
107848,33862.50900000002
107849,33123.50900000001
107850,33696.502000000015
107851,33828.502000000015
107852,33022.50100000001
107853,33135.50100000001
107854,32907.496000000014
107855,33177.498000000014
107856,32903.49700000001
107857,32024.488000000012
107858,31587.494000000013
107859,32928.49400000001
107860,32961.48800000001
107861,31383.48500000001
107862,33006.47700000001
107863,32327.478000000014
107864,31061.476000000013
107865,31333.482000000015
107866,29836.492000000013
107867,30587.480000000014
107868,30120.480000000014
107869,28824.48100000001
107870,28610.490000000013
107871,29434.489000000012
107872,28140.494000000013
107873,28151.48400000001
107874,30169.473000000013
107875,29135.470000000012
107876,29646.472000000012
107877,29938.473000000013
107878,29612.471000000012
107879,28812.473000000013
107880,29106.472000000012
107881,29749.472000000012
107882,29164.462000000014
107883,29326.460000000014
107884,27995.465000000015
107885,26627.466000000015
107886,26908.462000000014
107887,26229.46100000001
107888,26092.46600000001
107889,27777.458000000013
107890,27163.450000000008
107891,25890.454000000012
107892,26768.45500000001
107893,26576.45000000001
107894,25771.444000000007
107895,27062.43100000001
107896,26409.42800000001
107897,26351.42000000001
107898,25811.43600000001
107899,24748.434000000012
107900,24451.441000000013
107901,24642.437000000013
107902,23728.43900000001
107903,22808.445000000007
107904,23523.443000000007
107905,22974.43400000001
107906,22447.43700000001
107907,23505.43500000001
107908,23499.434000000012
107909,22636.43700000001
107910,23388.43500000001
107911,24193.433000000008
107912,24205.42300000001
107913,25055.41600000001
107914,25002.407000000007
107915,25748.400000000005
107916,25676.40200000001
107917,25089.410000000007
107918,24356.41800000001
107919,25540.412000000008
107920,24828.413000000004
107921,24285.410000000007
107922,24725.410000000007
107923,24446.408000000007
107924,24319.405000000006
107925,24885.404000000006
107926,24159.403000000006
107927,23804.398000000005
107928,24190.389000000003
107929,23165.389000000003
107930,23502.392
107931,23193.394
107932,22700.393
107933,22169.388000000003
107934,21663.390000000003
107935,19788.393
107936,20618.397000000004
107937,21501.4
107938,21341.407000000003
107939,21147.405
107940,20318.4
107941,21425.401
107942,21374.396
107943,21653.399
107944,21244.389
107945,22714.39
107946,21375.395
107947,21366.392
107948,21032.392
107949,22665.383
107950,23189.385
107951,22757.384
107952,22611.385
107953,22337.383999999995
107954,22612.380999999994
107955,22325.379999999997
107956,21954.37
107957,21465.369000000002
107958,20844.373000000003
107959,19441.374000000003
107960,18071.381
107961,17488.379
107962,17538.368
107963,17263.365
107964,17113.365
107965,17414.358
107966,18653.349000000002
107967,19762.349000000002
107968,21374.34
107969,21257.328
107970,21695.321999999996
107971,21608.325999999997
107972,21088.331
107973,20702.338
107974,20305.341
107975,19338.334000000003
107976,18294.340000000004
107977,17268.353000000003
107978,16105.353000000003
107979,15825.351000000004
107980,15606.352000000004
107981,14801.352000000006
107982,14476.358000000004
107983,15340.361000000006
107984,15198.366000000005
107985,15532.373000000007
107986,14675.37400000001
107987,14857.373000000007
107988,14934.383000000013
107989,14669.39200000001
107990,14291.398000000012
107991,13762.403000000013
107992,11896.424000000015
107993,10604.430000000013
107994,9555.450000000013
107995,8433.476000000013
107996,7773.496000000013
107997,5981.521000000016
107998,3695.5560000000137
107999,627.5899999999984
108000,2806.4270000000106
108001,5141.412000000017
108002,7039.400000000024
108003,8294.393000000022
108004,9504.389000000021
108005,10157.389000000021
108006,11200.385000000018
108007,12075.387000000017
108008,12898.383000000016
108009,13998.379000000017
108010,17983.373000000018
108011,16980.368000000013
108012,16002.358000000011
108013,16330.35100000001
108014,16060.353000000008
108015,16070.354000000007
108016,15830.350000000006
108017,15627.352000000004
108018,14877.355000000003
108019,14242.358000000002
108020,11587.352000000006
108021,12904.343000000003
108022,13376.341000000002
108023,13619.338000000005
108024,13629.333000000004
108025,14834.326000000003
108026,15274.319000000001
108027,15912.313999999998
108028,16142.312999999998
108029,16807.305999999997
108030,17472.306999999997
108031,17338.313
108032,18468.320999999996
108033,19753.314999999995
108034,20098.318999999996
108035,20223.317999999996
108036,19510.324999999997
108037,19305.329999999998
108038,20010.334000000003
108039,20682.325
108040,21144.321000000004
108041,20914.325000000004
108042,19674.322000000004
108043,18402.317000000003
108044,18532.315
108045,18375.31
108046,18778.295
108047,18108.308
108048,16848.298000000003
108049,16753.29
108050,14893.289000000002
108051,14718.284000000001
108052,13668.282000000003
108053,14123.267000000002
108054,13643.268000000002
108055,14080.272000000003
108056,13315.270000000002
108057,13627.274000000003
108058,14170.272000000004
108059,14127.274000000005
108060,15620.265000000005
108061,16195.262000000004
108062,17775.255
108063,17772.259000000002
108064,18272.255
108065,17419.252000000004
108066,18754.248000000003
108067,18575.246000000003
108068,18968.239
108069,18983.232000000004
108070,18833.229000000003
108071,19390.226000000002
108072,18762.226000000002
108073,18262.231000000003
108074,17285.227000000003
108075,16885.227000000006
108076,17115.217000000004
108077,16690.217000000004
108078,15110.213000000005
108079,15131.206000000004
108080,15121.197000000004
108081,14936.194000000005
108082,15134.195000000003
108083,14934.196000000004
108084,14959.195000000003
108085,17109.195000000003
108086,16314.198000000004
108087,16319.199000000004
108088,17494.199
108089,17694.198
108090,18089.199
108091,17504.201
108092,17476.205000000005
108093,18499.199
108094,19684.197
108095,17919.199
108096,17544.201
108097,17174.199
108098,18156.197
108099,18136.2
108100,18521.204
108101,19466.207
108102,19271.206
108103,18521.205
108104,17531.207000000002
108105,17379.204
108106,17171.204
108107,17561.202
108108,15376.207000000004
108109,15596.205000000004
108110,16001.202000000003
108111,16196.202000000003
108112,15614.202000000003
108113,15804.203000000003
108114,15979.205000000004
108115,17129.205000000005
108116,16511.211000000003
108117,16713.211000000003
108118,17691.211000000003
108119,17506.209000000003
108120,17716.209000000003
108121,17341.208000000002
108122,17949.205
108123,18194.202
108124,17391.203
108125,17366.208000000002
108126,17194.205
108127,17599.204
108128,18227.199
108129,18797.2
108130,18812.198
108131,19974.198
108132,19999.196
108133,19387.198
108134,18997.198
108135,18397.198
108136,19397.195
108137,19007.195
108138,17642.194
108139,17784.2
108140,17772.201
108141,16612.202000000005
108142,17202.203
108143,17774.203
108144,17592.202
108145,17977.202
108146,18157.204
108147,17974.203
108148,18957.202
108149,18792.198
108150,18962.203
108151,18952.204
108152,19344.202
108153,18949.203
108154,18559.204
108155,18754.204
108156,17979.203
108157,18946.202
108158,18956.202
108159,19586.197
108160,18814.199
108161,19429.196
108162,18632.199
108163,18222.201
108164,18022.201000000005
108165,17834.197000000004
108166,18419.197
108167,17624.199000000004
108168,17449.195000000003
108169,18049.192
108170,18452.19
108171,18034.193
108172,18852.188
108173,19212.191000000003
108174,19034.191
108175,19452.187
108176,20042.188
108177,20467.184
108178,20459.184
108179,20084.184
108180,20486.18
108181,20494.181
108182,20261.184
108183,19466.185
108184,18894.184
108185,19872.183
108186,18497.185
108187,19262.187
108188,19642.19
108189,20437.186999999998
108190,20272.184999999998
108191,21072.183
108192,20312.179
108193,20887.18
108194,20317.179
108195,19362.178
108196,19562.177
108197,19364.178
108198,19181.176
108199,20554.175
108200,20521.179
108201,19879.186
108202,20852.185
108203,20487.18
108204,19686.182
108205,20261.178000000004
108206,20491.176000000003
108207,20699.173000000003
108208,20299.171000000002
108209,20286.171000000002
108210,20299.171000000002
108211,20251.174000000003
108212,20426.174000000003
108213,20586.176000000003
108214,20586.177000000003
108215,21551.176000000003
108216,20341.178000000004
108217,20753.175000000003
108218,21756.173000000003
108219,22903.173000000003
108220,22693.174
108221,23286.172
108222,22096.175
108223,22881.174
108224,21511.176
108225,20731.174
108226,21506.174
108227,21521.168999999998
108228,21576.163999999997
108229,21736.163
108230,22116.162
108231,22316.163999999997
108232,23478.165999999997
108233,23093.160000000003
108234,22685.161000000004
108235,22480.164
108236,22850.169
108237,21500.169
108238,21308.172000000002
108239,21488.175
108240,20940.173000000003
108241,21325.173000000003
108242,20355.178
108243,21105.188000000002
108244,20727.187
108245,21917.188000000002
108246,20160.189000000002
108247,21975.186
108248,22155.188000000002
108249,22917.188000000002
108250,23132.189000000002
108251,22990.190000000002
108252,22980.190000000002
108253,23374.190000000002
108254,23072.190000000002
108255,22489.193000000003
108256,22899.198000000004
108257,23106.197000000004
108258,22316.197000000004
108259,22914.199000000004
108260,22762.198
108261,22752.202
108262,23353.201
108263,22808.201
108264,22238.2
108265,22570.204
108266,23402.201
108267,22578.205
108268,22767.204
108269,22342.209000000003
108270,21378.210000000003
108271,22209.211000000003
108272,21476.212000000003
108273,22636.215000000004
108274,22846.213000000003
108275,23852.213000000003
108276,22703.213000000003
108277,23687.211
108278,23717.21
108279,24879.214
108280,25060.212
108281,25295.213
108282,25870.215
108283,25843.216
108284,25072.216
108285,25490.215
108286,25883.215
108287,26682.214
108288,26322.209
108289,26115.214
108290,25767.212
108291,26585.208
108292,26946.212
108293,26392.214
108294,25605.214
108295,26034.212
108296,26180.217
108297,26008.216
108298,26217.214
108299,26382.217
108300,25409.217
108301,25630.22
108302,24061.22
108303,25021.219
108304,25450.215
108305,26222.21
108306,25019.21
108307,25224.208000000002
108308,25088.205
108309,26626.206
108310,25694.207
108311,25986.199
108312,26392.198
108313,25621.199
108314,25304.2
108315,26748.198
108316,26594.198
108317,27153.198
108318,27195.196
108319,26626.198
108320,26318.195
108321,26130.194
108322,26660.202
108323,27048.203
108324,26221.205
108325,26238.208000000002
108326,27144.201
108327,27366.199
108328,27518.202
108329,27282.209000000003
108330,26885.210000000003
108331,26949.207000000002
108332,25847.203
108333,26262.203
108334,26500.203
108335,26910.205
108336,26546.205
108337,25783.207000000002
108338,24806.205
108339,25989.206000000002
108340,25259.207000000002
108341,25427.201
108342,25488.202
108343,25421.199
108344,25406.204
108345,26248.197
108346,27109.194
108347,26756.189
108348,27000.186999999998
108349,26382.189
108350,25942.194
108351,26316.194
108352,26946.194
108353,27082.199
108354,26946.197
108355,27434.194
108356,27501.194
108357,29192.183999999997
108358,29639.180999999997
108359,29462.182999999997
108360,29525.179999999997
108361,29959.182999999997
108362,28959.186999999998
108363,29247.174999999996
108364,28890.175999999996
108365,29338.17
108366,28908.17
108367,28651.174
108368,28314.173
108369,29333.173
108370,28995.174000000003
108371,29274.182000000004
108372,28068.190000000002
108373,27863.196
108374,27337.202999999998
108375,27352.209
108376,27494.206000000006
108377,26640.215000000004
108378,27539.225000000006
108379,27398.226000000006
108380,26973.228000000006
108381,27594.225000000002
108382,29659.219
108383,28892.221000000005
108384,28310.225000000002
108385,28408.221
108386,27968.229
108387,28341.232000000004
108388,28727.234000000004
108389,29266.241
108390,29122.241
108391,29314.236
108392,29131.237
108393,29376.245
108394,29315.243000000002
108395,29605.233
108396,28484.237
108397,28249.237
108398,27827.239
108399,29384.241
108400,29624.238
108401,28822.237
108402,28745.238
108403,28317.24
108404,27767.248000000003
108405,28624.258000000005
108406,29067.259000000002
108407,28440.263000000003
108408,29275.262000000002
108409,28339.259000000002
108410,27829.262000000002
108411,28457.267000000003
108412,29454.275
108413,28642.281000000003
108414,28251.280000000002
108415,27870.284000000003
108416,29234.283000000003
108417,28829.29
108418,29063.288000000004
108419,29704.284000000003
108420,28856.280000000002
108421,29598.282000000003
108422,29388.282
108423,28988.286
108424,29346.285
108425,29960.283000000007
108426,28961.289
108427,29891.286000000004
108428,28498.287000000004
108429,28989.288000000004
108430,28878.290000000005
108431,27817.287000000004
108432,28018.286000000004
108433,28355.284
108434,27997.280000000002
108435,29173.274000000005
108436,29217.27
108437,29211.264
108438,30207.262
108439,28879.256
108440,28150.248
108441,28998.239000000005
108442,28948.242000000002
108443,28769.236
108444,29092.234
108445,28872.229000000003
108446,29987.229
108447,30158.228000000003
108448,30946.219
108449,31534.217
108450,30538.222
108451,30781.211
108452,30118.199
108453,30611.194
108454,29796.202
108455,29596.196000000004
108456,28806.190000000002
108457,29511.176
108458,29056.172000000002
108459,29649.172000000002
108460,29557.178000000004
108461,29554.164
108462,29699.159
108463,29512.154000000002
108464,29139.148
108465,30988.141
108466,30985.136000000002
108467,30405.129
108468,31112.129
108469,30636.127
108470,31165.127
108471,31960.12
108472,32053.114999999998
108473,30403.122
108474,30348.125
108475,28732.131
108476,30125.128
108477,30770.126
108478,31087.122000000003
108479,31054.123000000003
108480,30583.117000000002
108481,30942.113
108482,31516.111000000004
108483,31250.115000000005
108484,31011.113
108485,29802.113
108486,29051.112
108487,30212.11
108488,28958.111
108489,30099.114000000005
108490,29930.115000000005
108491,29594.110000000004
108492,29194.109000000004
108493,29568.108000000004
108494,29906.110000000004
108495,31496.108000000004
108496,31087.110000000004
108497,30749.101000000002
108498,31585.102000000003
108499,30540.105000000003
108500,31483.105000000003
108501,32821.098
108502,32144.097000000005
108503,31934.097000000005
108504,31724.098000000005
108505,31755.094000000005
108506,32361.095000000005
108507,32953.091
108508,33391.08900000001
108509,33224.086
108510,32859.086
108511,33224.082
108512,33478.090000000004
108513,33306.08900000001
108514,32740.086000000003
108515,31110.089000000004
108516,29756.086000000003
108517,29494.087000000003
108518,28379.084000000003
108519,30319.087000000003
108520,29413.085000000003
108521,29028.082000000006
108522,28604.081000000002
108523,29184.082000000002
108524,29289.084000000003
108525,30652.081000000002
108526,30796.080000000005
108527,30387.077000000005
108528,30607.075000000004
108529,30047.074000000004
108530,31275.071000000004
108531,31435.070000000003
108532,30845.070000000003
108533,30455.067000000006
108534,30235.066000000003
108535,30230.066000000003
108536,31335.070000000003
108537,31795.063000000006
108538,32340.066000000006
108539,32520.064000000006
108540,32725.060000000005
108541,32400.054000000004
108542,32980.05500000001
108543,32185.058000000005
108544,31825.058000000005
108545,30095.059000000005
108546,28550.061000000005
108547,29650.061000000005
108548,29455.061000000005
108549,31025.060000000005
108550,30670.059000000005
108551,30500.059000000005
108552,30675.058000000005
108553,30875.057000000004
108554,30270.061000000005
108555,31385.063000000002
108556,31580.063000000002
108557,30990.064000000006
108558,30750.063000000006
108559,30075.066000000003
108560,30650.068000000003
108561,31040.068000000003
108562,29900.072000000004
108563,29830.076000000005
108564,29315.074000000004
108565,29535.075000000004
108566,30545.073000000004
108567,31005.069000000003
108568,31965.068000000003
108569,32200.065000000002
108570,31470.066000000003
108571,32095.063000000002
108572,32065.064000000002
108573,31295.062
108574,31585.058000000005
108575,30055.057000000004
108576,29660.058000000005
108577,30275.057000000004
108578,30165.055000000004
108579,31510.054000000004
108580,31255.056000000004
108581,30740.052000000003
108582,30555.056000000004
108583,31530.057000000004
108584,31325.060000000005
108585,32305.060000000005
108586,32075.062000000005
108587,31695.060000000005
108588,30780.058000000005
108589,31155.061000000005
108590,32160.060000000005
108591,31935.061000000005
108592,31715.061000000005
108593,31125.067000000006
108594,30795.066000000006
108595,31410.065000000006
108596,31440.064000000006
108597,31840.062000000005
108598,32640.064000000006
108599,32310.062000000005
108600,32510.061000000005
108601,33045.061
108602,33445.05900000001
108603,32330.058000000005
108604,31630.052000000003
108605,30230.054000000004
108606,29860.055000000004
108607,29660.056000000004
108608,29470.056000000004
108609,30140.054000000004
108610,28920.059000000005
108611,28915.061000000005
108612,28940.06200000001
108613,29295.064000000006
108614,30530.061000000005
108615,30855.064000000006
108616,31255.063000000006
108617,30320.061000000005
108618,29665.060000000005
108619,29830.061000000005
108620,30020.062000000005
108621,29820.066000000006
108622,29225.069000000007
108623,29785.070000000007
108624,29730.071000000007
108625,30510.071000000007
108626,30870.068000000007
108627,32070.067000000006
108628,33660.066
108629,34040.063
108630,33930.061
108631,33985.061
108632,33955.063
108633,33125.063
108634,31570.063000000006
108635,30760.064000000006
108636,30075.060000000005
108637,30695.058000000005
108638,30470.062000000005
108639,31480.060000000005
108640,31510.059000000005
108641,30895.060000000005
108642,31315.059000000005
108643,31275.062000000005
108644,31670.061000000005
108645,32060.061000000005
108646,32640.063000000006
108647,31305.062000000005
108648,29995.061000000005
108649,29490.061000000005
108650,29650.064000000006
108651,30075.062000000005
108652,29715.061000000005
108653,30165.060000000005
108654,30600.056000000008
108655,31275.057000000004
108656,31265.059000000005
108657,31795.061000000005
108658,34150.058000000005
108659,34205.057
108660,33445.060000000005
108661,33765.064000000006
108662,34500.05900000001
108663,33685.062000000005
108664,32115.066000000006
108665,31115.067000000006
108666,30730.067000000006
108667,31200.066000000006
108668,30970.069000000007
108669,31585.068000000007
108670,31675.065000000006
108671,31260.06500000001
108672,30470.06700000001
108673,31310.06700000001
108674,31675.06700000001
108675,31675.070000000007
108676,31855.073000000008
108677,30795.07200000001
108678,29405.073000000008
108679,29910.074000000008
108680,30335.073000000008
108681,30740.070000000007
108682,30690.071000000007
108683,31145.068000000007
108684,30980.067000000006
108685,31785.067000000006
108686,32245.063000000006
108687,31885.062000000005
108688,34130.058000000005
108689,34365.055
108690,34335.056000000004
108691,34515.060000000005
108692,35290.061
108693,34910.05900000001
108694,34180.060000000005
108695,33035.06000000001
108696,32680.058000000008
108697,33410.055
108698,33215.05500000001
108699,33065.056000000004
108700,33240.055
108701,32175.055000000008
108702,31185.05900000001
108703,31445.057000000008
108704,31250.057000000008
108705,30740.06300000001
108706,31480.06600000001
108707,31230.067000000006
108708,30075.06500000001
108709,29780.069000000007
108710,30370.070000000007
108711,30365.072000000007
108712,30630.068000000007
108713,31720.06600000001
108714,31705.06400000001
108715,32830.05900000001
108716,31955.06400000001
108717,31555.06600000001
108718,34165.061
108719,34275.064000000006
108720,33780.062000000005
108721,33975.062000000005
108722,34980.06300000001
108723,34000.06400000001
108724,34200.064000000006
108725,32615.06300000001
108726,32395.06300000001
108727,33215.06300000001
108728,33580.059
108729,33805.059
108730,34005.061
108731,33985.06
108732,32515.06200000001
108733,32880.062000000005
108734,32490.06200000001
108735,33280.06000000001
108736,34425.061
108737,33830.063
108738,33180.062000000005
108739,33770.06100000001
108740,34580.06100000001
108741,34105.06300000001
108742,33490.06500000001
108743,33775.061
108744,33770.062000000005
108745,34410.061
108746,33495.06400000001
108747,32875.068000000014
108748,34560.06800000001
108749,34260.06700000001
108750,33660.06500000001
108751,33685.06500000001
108752,35515.06
108753,34365.062000000005
108754,34655.06300000001
108755,33645.06500000001
108756,33075.062000000005
108757,33720.06900000001
108758,33135.06900000001
108759,33125.07100000001
108760,33605.06800000001
108761,33020.07200000001
108762,32055.07300000001
108763,33340.07000000001
108764,33020.066000000006
108765,33020.066000000006
108766,33430.06700000001
108767,33080.064000000006
108768,32070.06600000001
108769,31675.06700000001
108770,32390.07000000001
108771,31930.07400000001
108772,31320.07200000001
108773,31115.07400000001
108774,31535.07300000001
108775,32770.07000000001
108776,33400.06500000001
108777,33595.06500000001
108778,34760.065
108779,34965.06300000001
108780,33970.06100000001
108781,33155.06300000001
108782,34750.06100000001
108783,33600.06200000001
108784,33625.062000000005
108785,33010.06300000001
108786,32635.05900000001
108787,32790.062000000005
108788,32455.06100000001
108789,32710.05900000001
108790,33565.054000000004
108791,34660.054000000004
108792,34245.055
108793,35055.055
108794,33950.06000000001
108795,33575.06300000001
108796,33620.06400000001
108797,32855.06700000001
108798,31105.06700000001
108799,31370.06300000001
108800,31580.06600000001
108801,31445.06400000001
108802,31050.06600000001
108803,30550.06500000001
108804,31152.06300000001
108805,32067.06600000001
108806,32652.06600000001
108807,32802.07000000001
108808,34977.064000000006
108809,35062.06500000001
108810,33977.063
108811,33757.064000000006
108812,33672.06700000001
108813,33337.066000000006
108814,33953.063
108815,32973.064000000006
108816,31898.069000000007
108817,32208.070000000007
108818,33473.06700000001
108819,33723.06800000001
108820,33808.066000000006
108821,33928.07200000001
108822,34878.073000000004
108823,35283.075000000004
108824,34483.07600000001
108825,34348.074
108826,34263.07600000001
108827,33879.073000000004
108828,31019.070000000007
108829,30624.072000000007
108830,31799.071000000004
108831,31604.071000000004
108832,30949.077000000005
108833,31029.07700000001
108834,31974.07800000001
108835,32608.07600000001
108836,33088.073000000004
108837,33310.07500000001
108838,34840.077000000005
108839,34850.07600000001
108840,34485.07100000001
108841,33846.07600000001
108842,33161.07200000001
108843,32751.073000000008
108844,32581.073000000008
108845,32386.073000000008
108846,31863.071000000007
108847,31938.07600000001
108848,32948.07400000001
108849,33393.073000000004
108850,33788.07200000001
108851,34003.073000000004
108852,35267.07500000001
108853,35322.07600000001
108854,34377.07600000001
108855,34024.07400000001
108856,34449.07200000001
108857,33659.076
108858,31752.078000000005
108859,31387.079000000005
108860,32082.082000000006
108861,32054.085000000006
108862,31339.082000000006
108863,31462.084000000006
108864,32642.082000000006
108865,33057.08500000001
108866,32842.086
108867,33782.089
108868,34784.090000000004
108869,34769.088
108870,33529.092000000004
108871,33709.09000000001
108872,33684.09000000001
108873,33525.08600000001
108874,32565.090000000004
108875,32030.092000000008
108876,31413.09700000001
108877,31278.09700000001
108878,32058.09900000001
108879,33122.096000000005
108880,34293.095
108881,34892.096999999994
108882,35497.099
108883,35852.104999999996
108884,35230.111000000004
108885,34603.116
108886,35663.119000000006
108887,34488.122
108888,32754.126000000007
108889,32694.128000000008
108890,32933.12700000001
108891,33158.13200000001
108892,31894.13200000001
108893,32181.13300000001
108894,32577.13700000001
108895,32927.14300000001
108896,31982.143000000007
108897,33667.14600000001
108898,34426.149000000005
108899,33962.149000000005
108900,32622.15100000001
108901,32558.16000000001
108902,33164.15900000001
108903,32874.16300000001
108904,32854.162000000004
108905,32683.163000000008
108906,31609.16600000001
108907,31816.16700000001
108908,32284.17100000001
108909,33559.172000000006
108910,34590.173
108911,33739.173
108912,33639.171
108913,33904.172000000006
108914,33514.17300000001
108915,34239.172000000006
108916,35623.171
108917,34117.169
108918,32769.170000000006
108919,32525.174000000006
108920,32441.182000000008
108921,33324.17800000001
108922,33124.17300000001
108923,33844.17600000001
108924,33971.177
108925,34106.184
108926,33697.191000000006
108927,35148.195
108928,36341.2
108929,35851.202
108930,34867.208000000006
108931,36336.207
108932,37503.207
108933,36167.211
108934,35962.215000000004
108935,35101.212999999996
108936,33885.216
108937,33739.21800000001
108938,33974.22200000001
108939,34456.225
108940,34835.224
108941,33639.229
108942,33790.227000000006
108943,33382.22900000001
108944,32839.227000000006
108945,33274.227000000006
108946,34364.22900000001
108947,33271.22900000001
108948,32062.233000000004
108949,32243.23700000001
108950,32347.239000000005
108951,32382.239000000005
108952,31603.239000000005
108953,33043.23800000001
108954,33788.24200000001
108955,34382.244000000006
108956,34647.247
108957,35597.24800000001
108958,37184.249
108959,36954.253000000004
108960,36759.252
108961,37687.256
108962,38632.251000000004
108963,38238.258
108964,38343.258
108965,37870.258
108966,37495.255000000005
108967,37267.263
108968,36942.27300000001
108969,37036.276000000005
108970,37051.276000000005
108971,37961.275
108972,38451.273
108973,37573.274000000005
108974,36662.279
108975,36558.286
108976,37400.280000000006
108977,36295.287000000004
108978,34720.28600000001
108979,34770.29000000001
108980,34455.298
108981,33507.297000000006
108982,32015.30300000001
108983,31859.306000000008
108984,32948.30900000001
108985,33440.31500000001
108986,34004.32100000001
108987,35535.31900000001
108988,37446.32000000001
108989,37328.32400000001
108990,37988.32700000001
108991,38753.32000000001
108992,38857.323000000004
108993,39182.323000000004
108994,40563.32000000001
108995,39861.325000000004
108996,39391.329000000005
108997,38896.34000000001
108998,39363.335000000014
108999,39061.339000000014
109000,38999.34700000001
109001,38599.356
109002,38609.358
109003,38403.36100000001
109004,37830.36200000001
109005,38038.35700000001
109006,37328.357
109007,36690.355
109008,35787.357
109009,35157.356
109010,34846.361000000004
109011,34809.361000000004
109012,34134.35900000001
109013,34844.362
109014,35053.367000000006
109015,36086.366
109016,36923.364
109017,38955.358
109018,39902.361000000004
109019,40417.363000000005
109020,40167.366
109021,40460.367
109022,41778.372
109023,41878.378000000004
109024,42254.386000000006
109025,42051.391
109026,41325.38900000001
109027,41564.384000000005
109028,41853.388000000006
109029,41822.397000000004
109030,42140.40400000001
109031,41820.41000000001
109032,41712.416000000005
109033,41776.42500000001
109034,40584.42800000001
109035,40124.43000000001
109036,39738.43600000001
109037,38163.43700000001
109038,36657.44300000001
109039,36015.44300000001
109040,35862.43700000001
109041,35448.443000000014
109042,34179.445000000014
109043,34973.44400000002
109044,35994.44800000001
109045,36450.45000000001
109046,37483.45500000001
109047,39686.45600000001
109048,40271.45000000001
109049,41043.456000000006
109050,40699.45900000001
109051,40775.463
109052,42773.455
109053,42733.45600000001
109054,43616.456000000006
109055,42910.46200000001
109056,42802.46200000001
109057,42158.47000000001
109058,42424.47700000001
109059,42779.48200000001
109060,43431.484000000026
109061,42819.496000000014
109062,42360.50300000001
109063,42704.50700000001
109064,41819.50900000001
109065,41162.52200000002
109066,41689.51200000002
109067,39037.50900000002
109068,38451.51500000002
109069,37692.52500000002
109070,37937.518000000025
109071,38484.50800000002
109072,37065.50500000002
109073,36927.50200000002
109074,37605.49800000002
109075,38104.50300000002
109076,38947.510000000024
109077,40783.51000000002
109078,40833.52000000002
109079,41699.525000000016
109080,41014.53200000002
109081,41201.53700000001
109082,43367.534000000014
109083,43176.53100000001
109084,43609.53200000002
109085,43465.53800000002
109086,43083.54300000001
109087,43603.55200000002
109088,44119.55400000002
109089,44359.559000000016
109090,44883.54400000001
109091,44705.55000000001
109092,45479.55400000001
109093,45539.55900000001
109094,44507.54400000001
109095,44373.54500000002
109096,43656.54600000002
109097,41079.54200000002
109098,41004.54500000002
109099,40490.54700000003
109100,39884.551000000014
109101,39238.54900000002
109102,37452.540000000015
109103,38427.53400000002
109104,38793.53500000002
109105,38966.54000000002
109106,39599.54700000002
109107,40779.55500000003
109108,41266.56000000003
109109,41407.565000000024
109110,41784.56600000002
109111,42200.57400000002
109112,43708.587000000014
109113,43109.59100000002
109114,44006.59200000002
109115,43807.604000000014
109116,43356.604
109117,44131.60900000001
109118,45360.59800000001
109119,44955.602000000006
109120,45116.607000000025
109121,44558.59400000003
109122,45282.60000000002
109123,45127.60900000002
109124,44342.60000000001
109125,43943.60100000001
109126,44047.609000000004
109127,42132.61600000001
109128,41742.62800000001
109129,41577.637
109130,40659.635
109131,40661.62700000001
109132,38221.63700000002
109133,38388.633000000016
109134,39089.63900000002
109135,40416.627000000015
109136,40780.625000000015
109137,42404.633000000016
109138,42117.62100000002
109139,42591.61500000003
109140,43646.60200000002
109141,45002.599000000024
109142,46140.61500000003
109143,45161.618000000024
109144,44630.627000000015
109145,44397.63400000002
109146,43719.63000000002
109147,44124.629000000015
109148,45445.62500000002
109149,44939.62500000002
109150,44925.62800000002
109151,44424.632000000005
109152,45777.63300000001
109153,46399.631000000016
109154,44898.640000000014
109155,44627.63400000001
109156,44927.637000000024
109157,43057.622000000025
109158,41882.62200000002
109159,41703.63400000002
109160,41127.624000000025
109161,40567.62500000003
109162,38994.63000000003
109163,38898.63400000002
109164,39241.62100000003
109165,40219.63100000002
109166,40620.624000000025
109167,42269.61400000003
109168,42067.61100000002
109169,41963.61300000003
109170,43171.61200000003
109171,43646.61100000002
109172,44340.603000000025
109173,44269.59700000002
109174,43781.59400000002
109175,43826.58700000002
109176,42397.589000000014
109177,41640.601000000024
109178,43849.60100000003
109179,43273.59600000003
109180,43437.60000000002
109181,43464.608000000015
109182,44068.604000000014
109183,44924.61200000002
109184,45203.60100000001
109185,43798.606000000014
109186,44732.59700000002
109187,42549.59000000001
109188,41003.60000000001
109189,41287.590000000004
109190,41305.58900000001
109191,41167.59500000001
109192,39643.61100000001
109193,39143.60700000001
109194,39313.610000000015
109195,39649.611000000004
109196,40257.611000000004
109197,41445.611000000004
109198,41738.59100000001
109199,42552.59000000001
109200,42697.58700000001
109201,42119.595
109202,43161.59500000001
109203,42977.59299999999
109204,43054.591
109205,43481.602
109206,41940.607
109207,42717.60300000001
109208,43914.61200000001
109209,43147.612000000016
109210,42498.61300000001
109211,42149.625000000015
109212,42362.61700000001
109213,42661.61500000001
109214,42046.61700000002
109215,41417.60800000001
109216,41812.60500000002
109217,39597.600000000006
109218,37138.60600000001
109219,36438.60600000001
109220,36822.59500000001
109221,37228.595000000016
109222,36643.585000000014
109223,36315.58000000001
109224,36558.57500000001
109225,35930.57300000002
109226,35730.56900000002
109227,36338.56700000001
109228,37002.57100000001
109229,38074.563
109230,37089.57100000002
109231,36557.56300000002
109232,36508.55900000001
109233,36228.56600000001
109234,36716.56300000001
109235,37516.55800000001
109236,36636.551000000014
109237,37894.55400000002
109238,38612.56500000002
109239,37612.56100000001
109240,38049.554000000004
109241,38489.548
109242,38318.54600000001
109243,38414.546
109244,38276.53600000001
109245,37693.53700000001
109246,37788.54400000001
109247,36186.548
109248,34050.55700000001
109249,34353.549000000006
109250,33596.56000000002
109251,33624.56600000001
109252,33351.57100000002
109253,32742.575000000023
109254,32369.565000000024
109255,32813.56200000002
109256,32903.54900000002
109257,32914.556000000026
109258,33841.555000000015
109259,34643.55200000001
109260,33813.54900000001
109261,34249.540000000015
109262,34186.52800000001
109263,33643.525000000016
109264,33154.53300000002
109265,32589.54000000002
109266,31402.533000000018
109267,32202.530000000017
109268,32586.525000000016
109269,31790.528000000017
109270,32113.52500000002
109271,31692.523000000016
109272,31554.528000000017
109273,31598.52000000002
109274,31154.525000000016
109275,31453.525000000016
109276,33556.51400000001
109277,31768.526000000016
109278,29661.534000000018
109279,29733.526000000016
109280,30407.523000000016
109281,31548.51800000002
109282,31103.51500000002
109283,31104.52500000002
109284,30900.524000000023
109285,30446.51800000002
109286,29627.50900000002
109287,29773.50600000002
109288,30498.505000000016
109289,31705.50400000002
109290,30835.50100000002
109291,31271.50500000002
109292,30772.50200000002
109293,30165.50500000002
109294,29773.502000000015
109295,29045.510000000017
109296,28724.50300000002
109297,29140.50000000002
109298,28804.50000000002
109299,27827.51000000002
109300,28372.50500000002
109301,26451.499000000018
109302,27000.490000000016
109303,27520.478000000017
109304,26830.46500000002
109305,27345.480000000018
109306,27469.481000000018
109307,27257.479000000018
109308,27510.46900000002
109309,27538.460000000017
109310,27239.472000000016
109311,28217.46800000002
109312,28847.468000000015
109313,29061.461000000014
109314,29283.465000000015
109315,28379.460000000014
109316,28595.463000000014
109317,28478.460000000014
109318,28556.458000000013
109319,28784.455000000016
109320,27977.450000000015
109321,28732.44700000002
109322,27566.452000000016
109323,27433.455000000016
109324,28004.447000000015
109325,27781.448000000015
109326,26939.45000000001
109327,27170.44200000001
109328,27067.44000000001
109329,26631.438000000013
109330,27184.43700000001
109331,25272.43900000001
109332,24975.43300000001
109333,24694.42800000001
109334,23440.42800000001
109335,23843.43400000001
109336,24487.41800000001
109337,24031.42700000001
109338,24204.425000000007
109339,23146.431000000008
109340,23466.431000000008
109341,24426.427000000007
109342,25102.42300000001
109343,24377.42600000001
109344,24654.427000000007
109345,24970.426000000007
109346,25774.419000000005
109347,26679.416000000005
109348,26388.417000000005
109349,27307.415000000005
109350,26261.416000000005
109351,26696.422000000006
109352,25662.422000000006
109353,25686.429000000004
109354,25627.427000000003
109355,25193.416000000005
109356,23682.417000000005
109357,22873.409000000007
109358,23468.408000000003
109359,23965.402000000002
109360,24092.406000000006
109361,23301.402000000006
109362,23703.393000000004
109363,23373.402000000006
109364,22760.402000000002
109365,22869.405000000002
109366,23189.407
109367,22890.409
109368,22211.413
109369,20134.408000000003
109370,20919.404000000002
109371,21654.406000000003
109372,22219.404000000006
109373,22567.402000000002
109374,22972.406000000003
109375,23394.403000000002
109376,23378.402000000002
109377,23844.403
109378,23917.405
109379,24897.4
109380,23076.399
109381,23430.402000000002
109382,22960.406000000003
109383,22390.399
109384,21410.401000000005
109385,21157.4
109386,20955.395
109387,20086.391000000003
109388,19746.39
109389,18918.401
109390,19114.397
109391,18026.400000000005
109392,18140.404000000002
109393,18190.404000000002
109394,18795.403000000002
109395,17257.408000000007
109396,16824.410000000003
109397,18340.404000000002
109398,19392.393000000004
109399,18450.383
109400,20064.382
109401,20362.384000000002
109402,20248.384000000002
109403,20421.382999999998
109404,21188.377
109405,21837.368
109406,22398.360999999997
109407,22205.358999999997
109408,21316.358999999997
109409,23083.348999999995
109410,22075.347999999994
109411,21959.344999999994
109412,21625.339999999997
109413,21802.336999999996
109414,19370.344999999998
109415,19007.349
109416,17447.360999999997
109417,16014.363
109418,14619.359999999999
109419,14787.359
109420,13504.364000000001
109421,12838.374000000003
109422,12284.380000000005
109423,11897.383000000002
109424,12349.387000000002
109425,12029.386000000004
109426,12129.389000000005
109427,12705.398000000007
109428,13605.402000000006
109429,12818.41400000001
109430,13088.426000000014
109431,12483.430000000015
109432,11554.447000000016
109433,9636.461000000018
109434,9654.471000000021
109435,8458.48900000002
109436,6930.513000000019
109437,6554.532000000018
109438,4228.560000000018
109439,1077.6019999999971
109440,1551.456999999997
109441,3307.4460000000067
109442,5157.432000000007
109443,7812.423000000019
109444,9036.42200000002
109445,9886.421000000026
109446,10975.420000000022
109447,12126.40900000002
109448,13776.403000000018
109449,14316.393000000016
109450,18165.388000000017
109451,17266.386000000013
109452,16404.37900000001
109453,14510.37700000001
109454,14250.378000000006
109455,14356.371000000005
109456,14156.362000000003
109457,13821.363000000001
109458,12334.36
109459,13047.355
109460,10894.351999999997
109461,12292.344999999998
109462,12663.344999999998
109463,13378.34
109464,13483.339999999997
109465,14048.341999999997
109466,14618.333999999997
109467,15630.334999999997
109468,17032.331
109469,17202.329999999998
109470,15715.330999999996
109471,15483.326999999997
109472,16548.334
109473,18398.340999999997
109474,18608.342999999997
109475,18833.343999999997
109476,20051.337999999996
109477,20216.340999999997
109478,20861.341999999997
109479,19906.346999999998
109480,21801.340999999997
109481,21346.338
109482,21356.331
109483,19501.334
109484,18446.336
109485,17276.334000000003
109486,16091.330000000002
109487,15821.327000000001
109488,14780.324
109489,15488.313
109490,14596.31
109491,15576.304000000002
109492,14696.294000000002
109493,15308.287
109494,16048.285000000002
109495,16403.283000000003
109496,15968.282000000003
109497,15226.278000000004
109498,15876.270000000002
109499,15399.259000000002
109500,15779.256000000001
109501,14404.255000000003
109502,14429.249
109503,14419.243
109504,14714.239000000001
109505,14874.236
109506,14894.233000000002
109507,15774.236
109508,15856.230000000001
109509,16051.223
109510,16566.22
109511,16361.217000000002
109512,16726.211000000003
109513,16638.209000000003
109514,16088.200000000003
109515,14838.203000000003
109516,15808.195000000002
109517,15948.198000000004
109518,16533.192000000003
109519,16916.189000000002
109520,16871.188000000002
109521,17061.191000000003
109522,16646.196000000004
109523,17021.199000000004
109524,17024.202000000005
109525,18424.198000000008
109526,17636.200000000004
109527,16836.205000000005
109528,16276.201000000005
109529,15676.206000000006
109530,15706.206000000006
109531,15721.205000000005
109532,15524.205000000005
109533,15324.204000000003
109534,16704.202000000005
109535,16519.201000000005
109536,16347.199000000004
109537,16759.196000000004
109538,17564.192000000003
109539,17179.195000000003
109540,17797.194000000003
109541,17207.195000000003
109542,16817.195000000003
109543,17577.196000000004
109544,16422.195000000003
109545,15272.194000000003
109546,15244.195000000003
109547,15431.197000000004
109548,16049.193000000003
109549,16037.192000000003
109550,16442.189000000002
109551,16652.186
109552,17252.184
109553,16467.187
109554,16892.182
109555,18472.180000000004
109556,19672.177000000003
109557,19902.172000000002
109558,18282.179000000004
109559,18102.177000000003
109560,17137.178000000004
109561,17294.181000000004
109562,16727.181
109563,16512.185
109564,17882.184
109565,18472.183000000005
109566,18112.181
109567,17904.182
109568,17889.185
109569,18089.185
109570,18469.185
109571,18459.184
109572,18044.189000000002
109573,18398.193000000003
109574,18391.192000000003
109575,16842.192000000003
109576,16432.195
109577,17822.191000000003
109578,19207.189000000002
109579,18422.190000000002
109580,19547.192000000003
109581,18537.196000000004
109582,19337.193000000003
109583,19552.190000000002
109584,18172.192000000003
109585,18572.193000000003
109586,19742.193000000003
109587,18587.191000000003
109588,17427.189
109589,17637.189000000002
109590,16619.191
109591,16999.190000000002
109592,17009.187
109593,17034.185
109594,18419.183000000005
109595,19209.184000000005
109596,18629.185000000005
109597,18619.187000000005
109598,18424.187
109599,18019.190000000002
109600,18379.192000000003
109601,18394.191000000006
109602,17789.193000000003
109603,17999.190000000002
109604,18766.191000000003
109605,18416.187
109606,17859.186
109607,18824.188000000002
109608,20404.186000000005
109609,19614.187000000005
109610,20199.187000000005
109611,19432.186000000005
109612,20072.181000000004
109613,20449.183000000005
109614,19646.186000000005
109615,19811.189000000006
109616,21404.188000000006
109617,20779.193000000007
109618,19264.189000000006
109619,18851.190000000002
109620,18281.192000000003
109621,18466.190000000006
109622,17704.188000000002
109623,17491.190000000002
109624,18678.186000000005
109625,19063.187000000005
109626,18283.186000000005
109627,19109.180000000004
109628,19081.182000000004
109629,19208.188000000006
109630,20408.182000000004
109631,20381.185000000005
109632,19599.186000000005
109633,19412.186000000005
109634,19227.185000000005
109635,18827.185
109636,18027.186000000005
109637,18802.187
109638,19774.185000000005
109639,19197.180000000004
109640,19184.180000000004
109641,19404.176000000003
109642,20374.177000000003
109643,20984.171000000002
109644,21179.168
109645,20587.169
109646,22087.174000000003
109647,22062.176000000003
109648,20662.180000000004
109649,20264.177000000003
109650,19689.176000000003
109651,18881.175000000003
109652,18099.175000000003
109653,17851.179000000004
109654,18821.182000000004
109655,20026.178000000004
109656,20006.179000000004
109657,20381.179000000004
109658,20546.185000000005
109659,21311.184000000005
109660,21706.185000000005
109661,21314.185000000005
109662,21739.176000000003
109663,21919.176000000007
109664,20557.177000000007
109665,20097.182000000004
109666,19779.175000000007
109667,20374.174000000006
109668,21359.172000000006
109669,20991.171000000006
109670,21158.174000000006
109671,21158.171000000006
109672,21163.169000000005
109673,21173.169000000005
109674,20386.171000000006
109675,20361.172000000006
109676,22136.168000000005
109677,22541.165000000005
109678,21596.163000000004
109679,21411.161000000004
109680,20826.161000000004
109681,20616.167000000005
109682,19448.166000000005
109683,19686.164000000004
109684,20646.164000000004
109685,21445.162000000004
109686,21640.163000000004
109687,20855.166000000005
109688,21637.167000000005
109689,22253.167000000005
109690,22013.176000000007
109691,21560.182000000008
109692,21565.183000000008
109693,21575.18400000001
109694,20969.189000000006
109695,20364.191000000006
109696,19964.193000000007
109697,21314.194000000007
109698,20514.195000000007
109699,21136.190000000006
109700,21990.182000000008
109701,21605.18400000001
109702,21647.177000000007
109703,22037.183000000005
109704,21649.186000000005
109705,21525.180000000004
109706,23695.177000000003
109707,23523.175000000003
109708,22764.175000000003
109709,22172.175000000003
109710,20992.175000000003
109711,21019.168000000005
109712,20029.171000000006
109713,20078.169
109714,20858.168
109715,20817.171000000002
109716,21427.172000000002
109717,22357.174000000003
109718,22950.173000000003
109719,23540.172000000002
109720,24395.171000000002
109721,24609.169
109722,24444.169
109723,25605.171000000002
109724,25376.171000000002
109725,25963.171000000002
109726,24638.172000000002
109727,26002.171000000002
109728,25636.171000000006
109729,25267.174000000006
109730,25111.173000000006
109731,25133.175000000003
109732,24820.172000000006
109733,25483.167
109734,24127.170000000002
109735,23599.171000000002
109736,25333.178000000004
109737,24938.180000000004
109738,25189.180000000004
109739,25812.181000000004
109740,24849.185
109741,25257.185
109742,25176.190000000002
109743,24607.185
109744,24648.185
109745,24628.188000000002
109746,24293.184
109747,24514.180000000004
109748,24670.183000000005
109749,25232.186
109750,25840.184
109751,25064.185000000005
109752,25486.182000000004
109753,26103.176000000003
109754,26342.172000000002
109755,27310.177000000003
109756,27402.174
109757,28076.174000000003
109758,28803.177
109759,28508.173000000003
109760,28148.172000000002
109761,27801.176000000003
109762,26990.180000000004
109763,27626.178000000004
109764,27692.175000000003
109765,26345.173000000003
109766,27584.172000000002
109767,27028.168
109768,27418.169
109769,27546.175000000003
109770,26798.174000000003
109771,26809.172000000002
109772,26581.172000000002
109773,25323.173
109774,26174.165999999997
109775,26178.165
109776,25033.167
109777,24610.174
109778,24631.176
109779,24637.178
109780,26223.176
109781,26843.174
109782,26970.178
109783,27112.183
109784,26470.184
109785,27007.188000000002
109786,26590.193000000003
109787,27616.190000000002
109788,27605.191000000003
109789,27030.189000000002
109790,27277.185
109791,27311.183000000005
109792,26695.186
109793,28085.188000000002
109794,27473.190000000002
109795,25690.187
109796,26783.191
109797,25794.195
109798,25390.197
109799,26218.196
109800,25798.196
109801,25082.194
109802,25357.188
109803,23760.188
109804,24934.184999999998
109805,24510.190000000002
109806,23726.188000000002
109807,23944.188000000002
109808,24604.183
109809,25223.189000000002
109810,26786.195000000003
109811,27018.200000000004
109812,27389.202000000005
109813,27994.203
109814,27683.202
109815,28102.204
109816,28726.204
109817,29987.204000000005
109818,30057.204000000005
109819,28309.210000000003
109820,28050.214000000004
109821,28076.214000000004
109822,27196.210000000003
109823,27230.214000000004
109824,26268.21
109825,24904.208000000002
109826,26444.212000000003
109827,26093.212
109828,26108.208000000002
109829,27075.213
109830,26536.216
109831,26381.214
109832,26611.212
109833,25631.215
109834,27052.218
109835,27419.226
109836,26426.23
109837,26746.237
109838,28143.234
109839,28176.235
109840,29116.242000000002
109841,28937.24
109842,28549.243000000002
109843,28590.248000000003
109844,28039.252
109845,28808.257
109846,29156.254
109847,29932.259000000002
109848,30281.254
109849,29730.261000000002
109850,29567.262000000002
109851,29696.267000000003
109852,27749.273
109853,27402.275
109854,27881.270000000004
109855,26877.276
109856,28468.275
109857,27902.276
109858,27736.271000000004
109859,29108.262000000002
109860,28106.261000000002
109861,28749.255
109862,28746.254
109863,27541.251
109864,28545.247000000003
109865,28639.241
109866,27470.241
109867,27440.241
109868,28590.252
109869,27563.25
109870,28674.254
109871,28807.261000000002
109872,29028.252
109873,29554.251
109874,28141.246000000003
109875,29294.237
109876,29102.232
109877,30223.227000000003
109878,29812.224000000002
109879,29042.227000000003
109880,29434.224000000002
109881,29662.219000000005
109882,29671.215000000004
109883,29762.207000000002
109884,30326.199000000004
109885,29358.192000000003
109886,30733.196000000004
109887,30024.202
109888,29363.202000000005
109889,30685.208000000002
109890,30130.203000000005
109891,30591.202000000005
109892,29993.199000000004
109893,28389.207000000006
109894,29353.199000000004
109895,27957.202000000005
109896,26955.198
109897,26592.195000000003
109898,28153.192000000006
109899,27974.184000000005
109900,28704.175000000003
109901,29044.174000000003
109902,28955.170000000002
109903,29286.168
109904,28557.162000000004
109905,30179.154000000006
109906,29519.150000000005
109907,30718.137000000002
109908,31253.134000000002
109909,30870.123000000003
109910,31393.126000000004
109911,31089.124
109912,30632.119000000002
109913,31094.116
109914,30952.114000000005
109915,29779.114000000005
109916,31288.115000000005
109917,30493.114
109918,29956.113000000005
109919,31741.113000000005
109920,30920.114
109921,30188.111000000004
109922,30661.109000000004
109923,29064.115000000005
109924,30081.112000000005
109925,29684.112000000005
109926,29000.106000000003
109927,29225.106000000003
109928,29550.111000000004
109929,28185.110000000004
109930,29613.104000000003
109931,30228.103000000003
109932,29582.106000000003
109933,29710.106000000003
109934,28739.105000000003
109935,30471.106000000003
109936,30132.102000000003
109937,30890.104000000003
109938,31078.104000000003
109939,30953.100000000002
109940,31190.096
109941,31570.099000000002
109942,31199.095
109943,31552.093000000004
109944,30862.099000000002
109945,30236.097000000005
109946,31190.096000000005
109947,29689.094000000005
109948,30319.085000000003
109949,32313.082000000002
109950,31935.079
109951,30939.079
109952,31099.082000000002
109953,30273.083000000002
109954,31301.081000000002
109955,30706.083000000002
109956,29883.086000000003
109957,30317.082000000002
109958,30105.083000000002
109959,28724.079000000005
109960,28924.078000000005
109961,28738.076000000005
109962,28928.078000000005
109963,29123.076000000005
109964,28368.074000000004
109965,29734.071000000004
109966,28557.070000000003
109967,30312.071000000004
109968,30582.065000000002
109969,30524.067000000003
109970,31699.065000000002
109971,31826.068000000003
109972,31096.067000000003
109973,31447.067000000003
109974,30887.066000000003
109975,30607.056000000004
109976,31795.056000000004
109977,30250.056000000004
109978,30979.058000000005
109979,32295.058000000008
109980,31375.053000000007
109981,31010.051000000007
109982,31850.048000000006
109983,31005.051000000003
109984,31820.049000000003
109985,31205.051000000003
109986,30220.053000000004
109987,31035.052000000007
109988,31205.053000000004
109989,30040.052000000003
109990,30080.049000000003
109991,30050.050000000003
109992,30055.050000000003
109993,29405.053000000004
109994,28580.058000000005
109995,30220.058000000005
109996,29210.060000000005
109997,30815.056000000004
109998,30230.056000000004
109999,30880.053000000004
110000,31880.053000000007
110001,32475.052000000003
110002,31335.051000000007
110003,31865.051000000007
110004,31700.052000000003
110005,30915.053000000007
110006,31830.056000000004
110007,29610.061000000005
110008,30360.063000000006
110009,31235.059000000005
110010,30650.059000000005
110011,30445.062000000005
110012,30590.067000000006
110013,29480.065000000006
110014,30530.06000000001
110015,29925.059000000005
110016,29435.056000000008
110017,30120.061000000005
110018,30220.06100000001
110019,29705.058000000008
110020,30080.05900000001
110021,29495.05900000001
110022,30345.055000000008
110023,30355.053000000007
110024,29765.055000000008
110025,30965.054000000007
110026,30605.054000000007
110027,31390.053000000007
110028,30220.053000000007
110029,30575.054000000007
110030,31490.056000000004
110031,31650.058000000005
110032,30710.056000000004
110033,31680.057000000008
110034,30995.054000000007
110035,30825.054000000007
110036,31995.054000000007
110037,29685.054000000007
110038,30350.053000000007
110039,30545.055000000008
110040,28795.058000000008
110041,29580.057000000004
110042,30025.056000000004
110043,28930.051000000007
110044,30085.055000000008
110045,29305.055000000008
110046,28870.054000000007
110047,29830.059000000005
110048,30805.059000000005
110049,30060.057000000004
110050,31075.055000000004
110051,30630.056000000004
110052,30565.059000000005
110053,31685.059000000005
110054,30715.058000000005
110055,32080.059000000005
110056,31945.059000000005
110057,32750.059000000005
110058,31790.056000000004
110059,32385.056000000004
110060,33025.05500000001
110061,33300.054000000004
110062,33380.04800000001
110063,33770.04800000001
110064,32590.052000000003
110065,31865.052000000003
110066,32355.047000000006
110067,29185.052000000007
110068,30140.052000000007
110069,31155.054000000007
110070,29785.056000000008
110071,30045.053000000007
110072,30870.049000000006
110073,29000.048000000006
110074,29980.047000000006
110075,29135.051000000007
110076,29570.047000000006
110077,31195.044000000005
110078,32170.044000000005
110079,31230.042000000005
110080,32135.046000000006
110081,31965.046000000006
110082,32380.047000000006
110083,33360.04800000001
110084,32325.051000000007
110085,33885.051
110086,33530.049000000006
110087,34765.049999999996
110088,34155.05100000001
110089,34420.047000000006
110090,34460.04400000001
110091,35190.045000000006
110092,34380.049000000006
110093,34765.05
110094,34550.049
110095,33375.05
110096,34145.05200000001
110097,31235.055000000008
110098,31405.055000000008
110099,32625.056000000008
110100,31880.054000000007
110101,31690.058000000008
110102,32245.06000000001
110103,30050.06000000001
110104,31440.06000000001
110105,31055.05900000001
110106,30535.056000000008
110107,31610.051000000007
110108,32210.048000000006
110109,31215.048000000006
110110,31470.046000000006
110111,30885.046000000006
110112,31225.045000000006
110113,32585.047000000006
110114,31445.046000000006
110115,33495.041000000005
110116,33255.045000000006
110117,34650.044
110118,34190.05
110119,35265.045
110120,35075.045
110121,35680.045999999995
110122,35155.045999999995
110123,35370.047
110124,34920.049999999996
110125,34345.048
110126,35090.049999999996
110127,32780.051
110128,33120.051
110129,34280.053
110130,34090.052
110131,34255.053
110132,34510.051
110133,32170.051000000003
110134,33375.049000000006
110135,32025.051000000007
110136,31405.053000000007
110137,32285.057000000008
110138,32520.054000000004
110139,30695.051000000007
110140,30905.055000000004
110141,30190.052000000007
110142,30180.054000000007
110143,31750.052000000007
110144,30315.057000000008
110145,32295.057000000008
110146,31830.055000000008
110147,32050.055000000008
110148,31880.055000000008
110149,32815.05900000001
110150,32395.06000000001
110151,34185.059
110152,33780.063
110153,34535.064000000006
110154,34535.065
110155,33395.064000000006
110156,34565.064
110157,32745.058000000008
110158,32515.06000000001
110159,33465.06
110160,33280.058000000005
110161,33415.06
110162,34100.060000000005
110163,32325.06100000001
110164,32760.064000000006
110165,31845.06300000001
110166,31975.058000000005
110167,33315.058000000005
110168,34130.056000000004
110169,32535.058000000005
110170,33345.05700000001
110171,31560.058000000005
110172,31505.058000000005
110173,32510.057000000008
110174,30555.058000000005
110175,32350.055000000008
110176,31830.053000000004
110177,32700.051000000003
110178,32700.052000000003
110179,34145.05300000001
110180,33975.05300000001
110181,35115.058000000005
110182,35985.055
110183,36225.057
110184,37030.053
110185,37580.051999999996
110186,38280.053
110187,36200.05100000001
110188,34880.052
110189,35400.05
110190,34795.049
110191,34715.056000000004
110192,33785.056000000004
110193,32090.054000000007
110194,33505.05
110195,32525.050000000007
110196,32095.053000000007
110197,33075.05200000001
110198,33280.05500000001
110199,32935.05100000001
110200,33760.05100000001
110201,32740.046000000006
110202,32330.049000000006
110203,32505.052000000007
110204,31135.053000000007
110205,31885.054000000007
110206,30965.053000000007
110207,32395.054000000007
110208,32710.054000000007
110209,33290.05500000001
110210,33115.05600000001
110211,34990.057
110212,35400.058
110213,36090.051999999996
110214,35955.049999999996
110215,35955.049999999996
110216,36180.053
110217,34990.052
110218,35325.053
110219,35670.047
110220,34860.047999999995
110221,35335.047
110222,35045.051
110223,33650.052
110224,35050.05
110225,34595.048
110226,34225.049
110227,33650.05100000001
110228,34025.049000000006
110229,33335.046
110230,33320.049000000006
110231,32125.048000000006
110232,31835.053000000007
110233,31895.055000000008
110234,30400.052000000007
110235,31385.052000000007
110236,31065.048000000006
110237,31780.051000000007
110238,31010.054000000007
110239,31585.057000000008
110240,31560.057000000008
110241,33060.05900000001
110242,33840.05900000001
110243,34430.057
110244,34830.05499999999
110245,35420.05499999999
110246,35985.059
110247,34880.056
110248,34922.054
110249,35252.056
110250,34291.055
110251,34126.054
110252,34096.056
110253,33141.05700000001
110254,34081.060000000005
110255,33111.05900000001
110256,32581.058000000008
110257,32781.059
110258,32806.059
110259,32336.056000000004
110260,32956.054000000004
110261,32234.052000000003
110262,32134.052000000003
110263,32239.055000000004
110264,30984.048000000006
110265,32179.048000000006
110266,32384.047000000002
110267,33412.045000000006
110268,32822.046
110269,33807.045000000006
110270,32947.052
110271,34533.05500000001
110272,35443.058000000005
110273,35908.055
110274,36323.056
110275,35463.063
110276,35248.067
110277,34428.061
110278,34788.062
110279,35173.063
110280,34098.059
110281,33336.060000000005
110282,32941.061
110283,33216.056000000004
110284,33346.059
110285,32531.061000000005
110286,30772.065000000006
110287,31147.063000000006
110288,31589.058000000005
110289,30566.064000000006
110290,32262.065000000006
110291,31143.064000000006
110292,31132.063000000006
110293,31537.066000000006
110294,30167.067000000006
110295,31172.067000000006
110296,31987.065000000006
110297,32571.06800000001
110298,33388.06700000001
110299,34123.066
110300,34713.065
110301,35853.067
110302,36103.067
110303,36129.067
110304,36728.067
110305,36910.067
110306,37265.072
110307,36404.077000000005
110308,35810.077000000005
110309,37493.073000000004
110310,36733.069
110311,36124.072
110312,35534.073000000004
110313,34578.073000000004
110314,33939.07800000001
110315,33414.07800000001
110316,31841.082000000006
110317,31646.08300000001
110318,31486.082000000006
110319,30304.086000000007
110320,31011.092000000008
110321,30816.09400000001
110322,30837.096000000005
110323,31087.09800000001
110324,29738.100000000006
110325,30383.101000000006
110326,30798.104000000007
110327,30981.110000000008
110328,32036.11600000001
110329,31971.122000000007
110330,32589.123000000007
110331,33124.12500000001
110332,33590.126000000004
110333,33974.12400000001
110334,34594.126000000004
110335,34153.128000000004
110336,34209.126000000004
110337,34235.127
110338,34155.128000000004
110339,35355.129
110340,34375.134000000005
110341,34020.135
110342,33790.14000000001
110343,33695.138000000006
110344,34160.143000000004
110345,34020.146
110346,34264.147
110347,34095.147000000004
110348,33740.148
110349,32895.153000000006
110350,33585.15700000001
110351,34080.162000000004
110352,34497.16300000001
110353,35414.166000000005
110354,33160.167
110355,33494.170000000006
110356,34104.173
110357,34505.175
110358,35632.17600000001
110359,35492.17700000001
110360,36075.181000000004
110361,35851.18800000001
110362,35489.18800000001
110363,34793.191000000006
110364,36570.19400000001
110365,35612.19500000001
110366,34677.200000000004
110367,34787.19600000001
110368,34834.19400000001
110369,35123.19300000001
110370,34573.192
110371,34328.196
110372,34684.197
110373,33409.198000000004
110374,34234.198000000004
110375,34774.195999999996
110376,34026.199
110377,33576.201
110378,33522.201
110379,33913.201
110380,34423.206000000006
110381,34413.211
110382,34812.215000000004
110383,36585.213
110384,33376.21800000001
110385,34109.22600000001
110386,35121.221000000005
110387,35924.22000000001
110388,36485.217000000004
110389,36615.221000000005
110390,36769.223000000005
110391,37496.225000000006
110392,36564.22400000001
110393,36879.221000000005
110394,37953.226
110395,37772.22900000001
110396,37606.228
110397,37356.229
110398,36651.22400000001
110399,36742.224
110400,34652.229999999996
110401,35078.233
110402,35539.234000000004
110403,34094.237
110404,35017.242000000006
110405,34147.241
110406,33592.24
110407,33124.246
110408,33307.246
110409,33856.243
110410,34650.246999999996
110411,33703.25
110412,34273.256
110413,35350.255
110414,34485.256
110415,35366.255000000005
110416,35907.255000000005
110417,36953.255
110418,37429.258
110419,38310.263
110420,39277.258
110421,39697.255
110422,38744.256
110423,38437.262
110424,39247.258
110425,39676.262
110426,39563.265
110427,39041.269
110428,38429.281
110429,38868.283
110430,37837.286
110431,38088.28800000001
110432,38714.285
110433,38224.28800000001
110434,38503.28600000001
110435,37412.295000000006
110436,36384.29400000001
110437,36688.29000000001
110438,35759.28900000001
110439,34991.28900000001
110440,36028.292000000016
110441,35590.294000000016
110442,36431.29700000001
110443,37102.30100000001
110444,36546.304000000004
110445,36953.30400000002
110446,37625.305000000015
110447,38676.30400000001
110448,39986.31400000001
110449,40336.31700000002
110450,40927.31700000001
110451,41687.324000000015
110452,40892.330000000016
110453,40706.33100000001
110454,40215.33300000002
110455,40625.33300000002
110456,40166.33100000001
110457,39241.33200000002
110458,39170.337000000014
110459,40008.33900000001
110460,38745.34500000001
110461,39623.34800000002
110462,40197.354000000014
110463,39951.360000000015
110464,41393.35600000002
110465,40365.35700000002
110466,39480.361000000026
110467,38900.36000000002
110468,37972.35400000002
110469,38108.353000000025
110470,39069.36000000002
110471,38167.36400000002
110472,38716.368000000024
110473,38790.372000000025
110474,38342.378000000026
110475,39310.38100000003
110476,40361.38400000003
110477,41119.38400000003
110478,42645.38600000002
110479,42974.38200000002
110480,43330.38500000002
110481,43354.39000000002
110482,42136.39500000002
110483,42129.40200000002
110484,40847.41100000002
110485,41306.40600000002
110486,41296.407000000014
110487,42207.40300000001
110488,42141.415000000015
110489,42208.41700000001
110490,41524.41600000001
110491,42199.422000000006
110492,42045.420000000006
110493,40949.432
110494,42436.429000000004
110495,42061.43800000001
110496,41558.43500000001
110497,40164.44600000001
110498,38553.46100000001
110499,37722.462000000014
110500,38611.467000000004
110501,37293.475000000006
110502,38599.469000000005
110503,38705.468000000015
110504,38373.468000000015
110505,39050.46700000002
110506,39352.48200000002
110507,39640.48700000001
110508,40517.48200000001
110509,41364.492000000006
110510,40985.50200000001
110511,41117.505000000005
110512,41191.506
110513,41641.513
110514,41066.514
110515,40807.509000000005
110516,41850.511
110517,42550.511
110518,43586.509
110519,44966.511999999995
110520,44160.515999999996
110521,43961.524
110522,43390.531
110523,43183.534
110524,43580.54200000001
110525,43379.55500000001
110526,41570.56000000001
110527,40454.56200000001
110528,39910.555000000015
110529,38647.554000000026
110530,39635.56000000001
110531,39274.56300000002
110532,40078.56400000001
110533,40054.572000000015
110534,39941.56700000001
110535,41131.563000000024
110536,41850.56500000002
110537,41485.56400000001
110538,41837.55800000002
110539,42217.55800000002
110540,41899.56700000002
110541,42436.576000000015
110542,42338.58700000002
110543,41833.596000000005
110544,41777.59500000001
110545,41063.60600000001
110546,41897.61000000001
110547,43158.593000000015
110548,43299.598000000005
110549,45038.60700000001
110550,44161.60000000002
110551,43395.621000000014
110552,42916.61100000002
110553,42464.610000000015
110554,42091.60800000001
110555,41525.611000000004
110556,40432.607
110557,41216.60500000001
110558,41685.59500000001
110559,40290.600000000006
110560,41096.60500000001
110561,40481.608000000015
110562,40977.60900000001
110563,41700.61500000002
110564,42925.60000000003
110565,43411.60600000002
110566,44125.60900000001
110567,44277.59600000002
110568,44399.607000000025
110569,44272.60800000002
110570,43777.60800000002
110571,44659.60600000002
110572,44339.601000000024
110573,44218.60400000002
110574,43305.614000000016
110575,43423.60800000001
110576,43648.610000000015
110577,43177.62300000001
110578,43040.626
110579,44562.62300000001
110580,43562.62000000002
110581,43908.61700000002
110582,45219.610000000015
110583,44908.61000000002
110584,44339.61200000002
110585,43465.62500000002
110586,42677.62400000002
110587,42073.63000000001
110588,41728.62900000001
110589,41600.62900000001
110590,42284.64100000001
110591,42290.63600000001
110592,41982.63000000002
110593,42443.624
110594,42311.63400000001
110595,43268.62200000002
110596,43209.62200000001
110597,42994.631000000016
110598,44244.629000000015
110599,43951.63300000003
110600,43457.64100000002
110601,44104.63500000002
110602,43040.624000000025
110603,42972.62500000002
110604,43474.63100000002
110605,43639.628000000026
110606,43784.64000000002
110607,43418.64200000002
110608,43488.637000000024
110609,43733.643000000025
110610,42872.64400000002
110611,42325.64500000002
110612,43051.65200000001
110613,41609.648000000016
110614,41485.64100000002
110615,41552.629000000015
110616,41131.631000000016
110617,41033.63400000001
110618,40055.64300000001
110619,39822.646000000015
110620,39976.65200000002
110621,39997.63500000003
110622,40458.63400000003
110623,40251.64800000002
110624,40274.65300000003
110625,40900.66100000002
110626,41117.66300000002
110627,40864.66400000002
110628,42241.65300000002
110629,42412.65100000002
110630,42187.654000000024
110631,42616.646000000015
110632,42120.63900000003
110633,42593.641000000025
110634,43286.65400000003
110635,42405.65700000003
110636,42652.660000000025
110637,43115.656000000025
110638,42438.65300000002
110639,42960.661000000015
110640,42081.669000000016
110641,42489.67900000001
110642,42219.67500000002
110643,41261.678000000014
110644,39772.67200000001
110645,40365.66800000001
110646,40060.66600000001
110647,41108.661000000015
110648,40456.65300000001
110649,40007.64700000002
110650,40066.64400000002
110651,39257.64600000001
110652,38886.63900000002
110653,38598.640000000014
110654,38262.63800000001
110655,38625.63000000002
110656,39520.618000000024
110657,38347.61300000003
110658,38389.612000000016
110659,38300.61300000002
110660,38276.614000000016
110661,38259.60500000002
110662,37322.618000000024
110663,37719.61900000002
110664,38060.61300000002
110665,37622.62800000001
110666,37658.61500000001
110667,37997.616
110668,38325.61000000001
110669,38532.603
110670,37815.59600000001
110671,38219.592000000004
110672,38141.59800000001
110673,37628.59600000001
110674,36056.59500000001
110675,34964.59900000001
110676,35796.595000000016
110677,35781.60000000001
110678,34600.60900000001
110679,34215.60500000001
110680,34515.59400000001
110681,33693.597000000016
110682,33681.59900000002
110683,33132.58700000002
110684,32917.595000000016
110685,33436.60400000002
110686,32058.608000000022
110687,31528.60000000002
110688,31298.59600000002
110689,31412.591000000022
110690,31692.58900000002
110691,31566.585000000025
110692,31701.59200000002
110693,32656.59400000002
110694,33279.595000000016
110695,33369.58600000002
110696,33470.58800000002
110697,33716.58700000002
110698,33906.57500000001
110699,33904.580000000016
110700,33319.576000000015
110701,33602.57200000002
110702,33480.56900000002
110703,32630.561000000016
110704,32374.55600000002
110705,31853.552000000018
110706,31337.552000000018
110707,32262.54600000002
110708,31398.533000000018
110709,31725.53100000002
110710,31925.530000000017
110711,31057.52500000002
110712,31136.53600000002
110713,31315.53500000002
110714,30473.53300000002
110715,30680.526000000016
110716,30294.533000000018
110717,29726.526000000016
110718,30245.516000000018
110719,30934.515000000014
110720,30435.516000000014
110721,30059.526000000016
110722,29246.527000000016
110723,29944.523000000016
110724,30172.521000000015
110725,30640.519000000015
110726,30433.529000000017
110727,31173.52100000002
110728,31192.518000000015
110729,30264.512000000017
110730,30465.501000000022
110731,30994.50100000002
110732,30752.50800000002
110733,30345.507000000016
110734,30890.50100000002
110735,30025.51000000002
110736,28953.516000000014
110737,28490.516000000018
110738,27843.521000000015
110739,28394.52100000001
110740,28816.516000000014
110741,28538.50000000002
110742,29328.500000000015
110743,29090.505000000016
110744,27747.508000000016
110745,28846.503000000015
110746,29318.505000000016
110747,30104.50100000001
110748,30600.500000000015
110749,30209.493000000013
110750,29764.483000000015
110751,29876.484000000015
110752,29433.474000000017
110753,29173.479000000014
110754,29222.478000000017
110755,28571.478000000017
110756,28543.486000000015
110757,28046.485000000015
110758,28090.475000000013
110759,27577.48000000001
110760,26920.478000000014
110761,26605.470000000012
110762,26456.467000000015
110763,25813.46600000001
110764,25841.47100000001
110765,25587.47400000001
110766,24801.46900000001
110767,25291.45900000001
110768,24011.468000000008
110769,24305.46300000001
110770,24676.46800000001
110771,24656.474000000013
110772,25585.470000000012
110773,25857.471000000012
110774,25030.48300000001
110775,25082.48200000001
110776,24208.48900000001
110777,25185.486000000008
110778,26166.47600000001
110779,25967.48300000001
110780,25824.477000000006
110781,26785.465000000007
110782,26153.46400000001
110783,25766.46300000001
110784,26033.46200000001
110785,26028.467000000008
110786,26461.45900000001
110787,25082.464000000007
110788,23764.468000000008
110789,23806.462000000007
110790,23031.456000000006
110791,22690.459000000006
110792,23340.456000000006
110793,23180.453000000005
110794,23249.444000000007
110795,23771.442000000006
110796,23399.435000000005
110797,23368.429000000004
110798,23375.433000000005
110799,22961.432
110800,22497.428000000004
110801,22838.425000000003
110802,23074.416000000005
110803,23439.413000000004
110804,22455.404000000006
110805,22308.402000000002
110806,21894.403000000006
110807,22248.403000000002
110808,21969.409000000003
110809,22635.413000000004
110810,22911.417000000005
110811,22617.412000000008
110812,21954.414000000008
110813,21643.412000000004
110814,22945.408000000007
110815,22843.412000000008
110816,23161.412000000004
110817,22311.413000000004
110818,22503.408000000003
110819,22619.401
110820,21916.402000000002
110821,21395.408000000003
110822,22074.395000000004
110823,20560.395
110824,19414.398000000005
110825,19547.406000000003
110826,19157.403000000002
110827,18552.403000000002
110828,18829.404000000002
110829,17975.397
110830,18762.395
110831,19201.387
110832,17486.395000000004
110833,18802.397000000004
110834,18995.392000000007
110835,17908.396000000004
110836,18144.391000000007
110837,18085.392000000003
110838,18167.383
110839,19708.378000000004
110840,19616.378000000004
110841,19832.373000000003
110842,19888.377
110843,19702.372000000003
110844,20644.365
110845,20671.366
110846,20927.371000000003
110847,22220.359
110848,22688.356
110849,22538.357999999997
110850,22795.344999999998
110851,21391.351
110852,21527.353
110853,20605.344999999998
110854,19189.347999999998
110855,18740.353
110856,18134.349
110857,16521.354
110858,15310.354000000001
110859,13856.363000000001
110860,12273.362000000003
110861,12936.363000000003
110862,12541.363000000007
110863,13606.373000000005
110864,14458.377000000004
110865,13309.383000000005
110866,13264.386000000008
110867,13433.39700000001
110868,12675.40700000001
110869,13101.411000000011
110870,14833.40900000001
110871,12695.423000000012
110872,11883.439000000015
110873,10570.454000000014
110874,8608.47300000001
110875,7504.493000000015
110876,7245.512000000014
110877,5117.536000000015
110878,3347.5690000000127
110879,933.603999999998
110880,1097.4539999999988
110881,3957.4420000000086
110882,5057.4320000000125
110883,5985.426000000013
110884,8840.411000000024
110885,9735.402000000022
110886,10243.39700000002
110887,10876.391000000018
110888,11366.391000000016
110889,12856.382000000018
110890,14323.379000000017
110891,11848.378000000013
110892,12348.373000000012
110893,11773.380000000014
110894,9655.381000000012
110895,10252.37400000001
110896,10917.37200000001
110897,11122.364000000009
110898,11377.364000000007
110899,10270.367000000006
110900,9345.366000000005
110901,11203.363000000005
110902,12303.352000000004
110903,14718.341000000004
110904,16009.334000000003
110905,16549.332000000002
110906,17404.328
110907,18984.324
110908,19407.318
110909,19695.316
110910,19980.315
110911,21005.315
110912,19700.322
110913,18950.322
110914,20317.326
110915,19397.328
110916,18572.328999999998
110917,17092.327999999998
110918,16795.325999999997
110919,18880.32
110920,18693.327999999998
110921,17865.323
110922,18580.313
110923,17750.312
110924,17190.307
110925,17275.302000000003
110926,16530.303000000004
110927,16705.293
110928,16677.293
110929,14733.292
110930,14168.283000000001
110931,15358.285000000003
110932,14758.292000000005
110933,15820.291000000003
110934,15720.293000000003
110935,15888.289000000006
110936,17141.290000000005
110937,17316.284000000003
110938,16843.286000000004
110939,17018.286000000004
110940,17701.281000000003
110941,16799.276000000005
110942,17039.267000000003
110943,16409.262000000006
110944,16354.263000000006
110945,16644.261000000006
110946,16006.261000000006
110947,15591.253000000006
110948,16806.243000000006
110949,16986.241000000005
110950,16649.238000000005
110951,16274.233000000006
110952,16599.232000000004
110953,16389.228000000003
110954,16314.224000000006
110955,15734.217000000006
110956,14934.213000000005
110957,14499.211000000007
110958,14524.202000000007
110959,13754.196000000005
110960,13714.195000000005
110961,15904.186000000005
110962,16139.187000000004
110963,16099.193000000007
110964,15649.199000000004
110965,15429.203000000007
110966,15819.201000000005
110967,16604.20200000001
110968,15844.202000000007
110969,16044.203000000007
110970,16614.206000000006
110971,16434.205000000005
110972,15839.208000000006
110973,15671.205000000005
110974,16646.205000000005
110975,17851.203000000005
110976,17881.203
110977,16916.202000000005
110978,17724.198
110979,18709.199000000004
110980,19489.201000000005
110981,18711.202000000005
110982,19121.201000000005
110983,18772.197
110984,18182.199
110985,16217.202000000005
110986,16387.204000000005
110987,16012.204000000005
110988,16022.204000000005
110989,14667.204000000005
110990,14467.205000000005
110991,15827.205000000004
110992,16607.205
110993,17552.207000000002
110994,16377.208000000004
110995,15597.209000000004
110996,15392.211000000005
110997,16567.210000000003
110998,16144.215000000006
110999,16149.212000000003
111000,17932.208000000002
111001,17727.210000000003
111002,17162.209000000003
111003,16952.213000000003
111004,18722.209000000003
111005,19889.209000000003
111006,20502.206000000002
111007,19722.204
111008,19332.205
111009,20097.206000000002
111010,19682.210000000003
111011,19122.208000000002
111012,19127.208000000002
111013,19132.206000000002
111014,19147.205
111015,17987.204
111016,17217.201000000005
111017,17007.203000000005
111018,17202.203000000005
111019,15607.207000000002
111020,15017.207000000002
111021,16007.204000000003
111022,16979.204
111023,16354.210000000005
111024,16349.207000000004
111025,16167.205000000004
111026,15572.207000000004
111027,16169.205000000004
111028,17159.202000000005
111029,17164.202000000005
111030,19306.203
111031,19356.200000000004
111032,18986.198000000004
111033,19381.199000000004
111034,21176.194000000003
111035,20956.199
111036,21964.196
111037,21369.197000000004
111038,21977.194000000003
111039,22122.199
111040,21737.2
111041,20977.199000000004
111042,20772.200000000004
111043,20182.201000000005
111044,19212.200000000004
111045,18462.196000000004
111046,17869.197000000004
111047,18059.195000000003
111048,17064.197000000004
111049,17239.200000000004
111050,17219.204000000005
111051,17599.206000000006
111052,17624.203
111053,17257.2
111054,17427.203
111055,17432.202
111056,17832.2
111057,18222.201
111058,19182.202
111059,17812.205
111060,19367.204
111061,19517.208000000002
111062,19314.207000000002
111063,20484.209000000003
111064,21034.212000000003
111065,21034.213000000003
111066,20669.209000000003
111067,20679.209000000003
111068,20112.209000000003
111069,20317.208000000002
111070,19537.208000000002
111071,19737.209000000003
111072,19942.207000000002
111073,19539.207000000002
111074,19364.206000000002
111075,19179.202
111076,19192.201
111077,20164.197
111078,20564.194
111079,20167.195
111080,20557.194000000003
111081,21127.194
111082,21099.196
111083,20494.197000000004
111084,20289.195000000003
111085,19687.193
111086,19089.194000000003
111087,19300.194000000003
111088,19875.195
111089,20260.193000000003
111090,21825.190000000002
111091,21415.191000000003
111092,19630.195000000003
111093,20580.195000000003
111094,20942.198000000004
111095,21872.200000000004
111096,21824.204000000005
111097,21246.204000000005
111098,20117.203000000005
111099,19932.203000000005
111100,19375.199000000004
111101,19750.201000000005
111102,19760.201000000005
111103,18934.202000000005
111104,19089.208000000006
111105,18522.205000000005
111106,17939.204
111107,19274.204
111108,20049.202
111109,20213.206000000002
111110,20493.203
111111,21268.203
111112,21698.200000000004
111113,22174.193000000003
111114,21789.195000000003
111115,26312.196000000004
111116,26887.192000000003
111117,28242.191000000003
111118,28832.189000000002
111119,28628.191000000003
111120,29808.192000000003
111121,28995.195000000003
111122,27815.194000000003
111123,28058.190000000002
111124,28469.189000000002
111125,29279.189000000002
111126,29077.192000000003
111127,27172.184000000005
111128,26195.188000000006
111129,26223.185
111130,25833.186
111131,25998.188000000002
111132,26788.188000000002
111133,26588.186
111134,26563.189000000002
111135,25598.191000000003
111136,25636.192000000003
111137,26810.197000000004
111138,27980.195000000003
111139,28365.194000000003
111140,27552.197000000004
111141,28518.200000000004
111142,28588.197000000004
111143,29365.199000000004
111144,28205.197000000004
111145,28205.198000000004
111146,27715.194000000003
111147,29283.198000000004
111148,29362.198000000004
111149,30934.197000000004
111150,32508.196000000004
111151,31750.200000000004
111152,30415.199000000004
111153,29458.201000000005
111154,23963.203000000005
111155,24953.204000000005
111156,25580.200000000004
111157,24003.200000000004
111158,22809.200000000004
111159,22151.208000000006
111160,22508.209000000006
111161,22923.207000000006
111162,23754.203
111163,23755.202
111164,23748.209000000003
111165,23064.208000000006
111166,23299.208000000002
111167,24330.206000000006
111168,25649.214000000004
111169,26295.210000000003
111170,25734.213000000003
111171,26731.212000000003
111172,26896.218000000004
111173,28283.214000000004
111174,27738.212
111175,27444.209000000003
111176,26834.213000000003
111177,28621.213000000003
111178,28857.210000000003
111179,29062.207000000002
111180,30650.211000000003
111181,29863.210000000003
111182,27322.216000000004
111183,26524.215
111184,25905.213
111185,26842.215
111186,26070.219
111187,25520.218000000004
111188,23722.219
111189,23710.22
111190,23135.221
111191,23721.218
111192,24351.219
111193,24724.219
111194,25575.214
111195,24036.213
111196,24874.216
111197,25872.219
111198,26320.219
111199,26170.217
111200,25618.213
111201,26224.21
111202,26452.205
111203,27244.206000000002
111204,26907.206000000002
111205,27905.209
111206,28152.204999999998
111207,29591.204
111208,29215.206000000002
111209,29662.203
111210,31637.207
111211,30751.203
111212,28543.21
111213,28553.209
111214,27811.209
111215,28431.21
111216,29307.201
111217,28129.202
111218,26367.203
111219,25949.205
111220,25126.206000000002
111221,25749.205
111222,26269.211000000003
111223,26282.215000000004
111224,27520.213000000003
111225,25681.216
111226,25728.213
111227,26179.211
111228,27358.206000000002
111229,27353.206000000006
111230,31895.2
111231,31942.194
111232,31789.196
111233,31790.202
111234,31527.203000000005
111235,32477.204000000005
111236,32441.203
111237,33553.206000000006
111238,33851.201
111239,33495.203
111240,35398.205
111241,35010.202000000005
111242,33078.20300000001
111243,32875.20300000001
111244,27650.198000000004
111245,28692.197000000004
111246,29486.195000000003
111247,28501.194000000003
111248,27375.192000000003
111249,26836.195000000003
111250,26662.200000000004
111251,26884.196000000004
111252,28069.201
111253,28458.209000000003
111254,29257.209000000003
111255,27465.218000000004
111256,27859.216000000004
111257,28256.220000000005
111258,28845.223
111259,29269.216000000004
111260,28405.216000000004
111261,28953.221000000005
111262,28567.217000000004
111263,29041.213000000003
111264,28915.218000000004
111265,29500.22
111266,29980.22
111267,31085.217000000004
111268,31048.222
111269,31480.221
111270,38123.215000000004
111271,37319.219
111272,35050.22
111273,34840.223
111274,33997.224
111275,34573.225999999995
111276,35325.225000000006
111277,35355.223
111278,34072.228
111279,33785.222
111280,33760.229999999996
111281,33407.229999999996
111282,35016.232
111283,35286.225000000006
111284,35841.234
111285,34222.252
111286,33098.256
111287,34534.254
111288,35882.26
111289,36508.257
111290,35957.261000000006
111291,35982.262
111292,35173.261
111293,35426.253
111294,35798.252
111295,36885.263000000006
111296,37119.252
111297,38116.254
111298,38273.257
111299,38422.257
111300,38088.263000000006
111301,36727.262
111302,34195.266
111303,34153.26400000001
111304,33886.271
111305,34726.265
111306,35866.26700000001
111307,35520.265
111308,34477.264
111309,33666.270000000004
111310,33837.269
111311,33986.264
111312,35759.262
111313,30179.260000000002
111314,30773.252000000004
111315,30367.244000000002
111316,29719.253000000004
111317,30908.247000000003
111318,30908.245000000003
111319,30292.245000000003
111320,30299.240000000005
111321,30166.230000000003
111322,30030.236000000004
111323,29193.240000000005
111324,28795.239000000005
111325,29416.247000000003
111326,28748.250000000004
111327,29985.239000000005
111328,29997.228000000003
111329,30954.228000000003
111330,31294.221000000005
111331,29819.220000000005
111332,28440.218000000004
111333,28461.215000000004
111334,28792.212000000003
111335,29185.208000000006
111336,30161.203000000005
111337,28768.198000000004
111338,30044.201
111339,28892.20200000001
111340,28726.197000000004
111341,28885.195000000007
111342,30687.186000000005
111343,30865.182000000004
111344,31562.176000000007
111345,31155.178000000007
111346,30943.177000000007
111347,31464.172000000006
111348,32311.162000000008
111349,31514.153000000006
111350,31374.145000000004
111351,32507.131000000005
111352,32105.132000000005
111353,31517.132000000005
111354,31532.129000000004
111355,31560.127000000004
111356,30889.130000000005
111357,30842.129000000004
111358,30835.129000000004
111359,32032.126000000007
111360,32359.128000000008
111361,31171.127000000008
111362,29804.129000000004
111363,29468.122000000007
111364,30209.123000000003
111365,30796.124000000007
111366,31980.122000000007
111367,30646.118000000006
111368,30873.119000000006
111369,30474.118000000006
111370,30807.115000000005
111371,31404.113000000005
111372,33187.109000000004
111373,33758.107
111374,33516.109000000004
111375,33166.102
111376,32181.100000000002
111377,32132.102000000003
111378,32115.102000000003
111379,32094.099000000006
111380,31325.099000000006
111381,32837.104
111382,31802.104000000003
111383,32027.102000000006
111384,31253.100000000006
111385,31673.100000000006
111386,31322.098000000005
111387,31914.095000000005
111388,31868.094000000005
111389,32423.092000000004
111390,32373.096000000005
111391,30804.091000000004
111392,30208.087000000007
111393,29415.089000000007
111394,29839.089000000007
111395,30574.087000000007
111396,30762.086000000007
111397,30538.084000000006
111398,30900.081000000006
111399,30525.083000000006
111400,31077.085000000006
111401,31085.082000000006
111402,32819.083000000006
111403,33632.079999999994
111404,33271.08000000001
111405,32658.081000000006
111406,31678.08000000001
111407,31488.074000000004
111408,31653.075000000004
111409,31472.071000000004
111410,30722.067000000003
111411,32653.068000000003
111412,32128.064000000002
111413,32153.06200000001
111414,31973.059000000005
111415,31793.061000000005
111416,32413.058000000008
111417,32621.061000000005
111418,32020.060000000005
111419,32515.063000000006
111420,32910.063
111421,31775.060000000005
111422,31035.061000000005
111423,29725.062000000005
111424,31065.063000000006
111425,31710.061000000005
111426,31550.061000000005
111427,30560.064000000006
111428,30555.066000000006
111429,29430.067000000006
111430,30185.067000000006
111431,30185.069000000007
111432,31160.069000000007
111433,31480.073000000008
111434,31125.071000000007
111435,30600.069000000007
111436,30320.062000000005
111437,30555.060000000005
111438,30720.063000000006
111439,30915.064000000006
111440,30200.061000000005
111441,31790.060000000005
111442,31800.059000000005
111443,32225.058000000005
111444,31410.062000000005
111445,31380.063000000006
111446,32160.063000000006
111447,32780.062
111448,31825.063000000006
111449,32385.064000000006
111450,32970.064000000006
111451,31630.064000000006
111452,31670.062000000005
111453,31895.06000000001
111454,33095.060000000005
111455,33685.059
111456,33295.059
111457,32935.059
111458,32475.063000000006
111459,31560.06100000001
111460,31750.062000000005
111461,32920.060000000005
111462,34315.060000000005
111463,34905.058999999994
111464,34705.060999999994
111465,34405.058
111466,34210.058
111467,34225.059
111468,34855.062000000005
111469,34685.063
111470,33715.062000000005
111471,35060.061
111472,34045.064000000006
111473,34050.063
111474,32025.070000000007
111475,31825.071000000007
111476,32280.068000000007
111477,31910.064000000006
111478,31520.064000000006
111479,32130.064000000006
111480,33500.064000000006
111481,31960.065000000006
111482,32195.063000000006
111483,31405.065000000006
111484,33105.066000000006
111485,33625.069
111486,33275.066000000006
111487,33635.067
111488,33875.064000000006
111489,33355.061
111490,33085.066000000006
111491,33930.063
111492,35515.064999999995
111493,36130.064
111494,36105.063
111495,35315.064999999995
111496,35180.063
111497,35400.063
111498,36185.062
111499,36345.064
111500,35150.064999999995
111501,35760.064999999995
111502,35165.067
111503,34970.067
111504,33970.06800000001
111505,34235.064000000006
111506,34580.064000000006
111507,33835.06300000001
111508,38585.06100000001
111509,38985.06000000001
111510,39895.06300000001
111511,39010.060000000005
111512,37865.060000000005
111513,37410.06300000001
111514,38795.065
111515,39370.06700000001
111516,39170.06800000001
111517,39190.07000000001
111518,39200.06800000001
111519,39180.06700000001
111520,39375.06800000001
111521,39960.068
111522,41195.066000000006
111523,42215.062000000005
111524,41065.064
111525,40480.064
111526,40280.066000000006
111527,39800.069
111528,41135.069
111529,41220.06800000001
111530,39885.069
111531,40655.072
111532,39860.076
111533,39705.073000000004
111534,39745.07000000001
111535,39550.07000000001
111536,39355.07000000001
111537,38735.07200000001
111538,37325.07600000001
111539,38110.07500000001
111540,39235.077000000005
111541,38290.07600000001
111542,32995.075000000004
111543,33610.07400000001
111544,35295.07
111545,35905.07
111546,36510.066
111547,36085.068
111548,36275.069
111549,35740.069
111550,36225.065
111551,36825.062
111552,37050.061
111553,37055.061
111554,35520.061
111555,35135.06
111556,35270.062000000005
111557,36265.06
111558,36630.062
111559,35445.066000000006
111560,34670.065
111561,35800.068
111562,35595.065
111563,35570.065
111564,34585.06800000001
111565,34745.07000000001
111566,34195.069
111567,33910.07200000001
111568,32905.07400000001
111569,33650.07600000001
111570,34175.07800000001
111571,33465.07600000001
111572,33905.07600000001
111573,34875.07800000001
111574,36840.075
111575,37480.075
111576,37885.079
111577,36590.08
111578,36635.076
111579,36930.071
111580,37520.07
111581,37065.073
111582,36910.06999999999
111583,36175.070999999996
111584,36180.070999999996
111585,35200.074
111586,34948.075000000004
111587,35663.078
111588,36923.075000000004
111589,35508.08
111590,34423.07800000001
111591,35193.071
111592,34968.07300000001
111593,35008.07000000001
111594,34028.06900000001
111595,34513.06100000001
111596,34448.06500000001
111597,33818.066000000006
111598,32753.06900000001
111599,33045.07400000001
111600,33990.075000000004
111601,33025.073000000004
111602,32795.07600000001
111603,33450.07200000001
111604,35075.069
111605,36690.073000000004
111606,36715.073
111607,36330.072
111608,36960.068
111609,37605.071
111610,37565.07400000001
111611,38610.071
111612,38410.07200000001
111613,38610.071
111614,38575.074
111615,37025.075999999994
111616,36410.079
111617,37535.077999999994
111618,38050.077999999994
111619,37855.077999999994
111620,36005.075
111621,36270.075999999994
111622,36835.077
111623,37125.073000000004
111624,35335.07600000001
111625,35040.077000000005
111626,34935.078
111627,35125.075000000004
111628,34015.07300000001
111629,33395.07500000001
111630,34655.07200000001
111631,33715.07000000001
111632,34170.06700000001
111633,33685.066000000006
111634,35245.066000000006
111635,36410.067
111636,36350.069
111637,36080.065
111638,36395.07
111639,36820.068
111640,36770.06800000001
111641,37085.073000000004
111642,36535.071
111643,37515.07
111644,37605.066999999995
111645,36820.067
111646,35890.066999999995
111647,36895.065
111648,37090.065
111649,36630.069
111650,35430.07000000001
111651,36070.069
111652,36325.067
111653,35455.069
111654,33630.07300000001
111655,33585.07200000001
111656,33290.07600000001
111657,38915.077000000005
111658,38420.07400000001
111659,37860.07400000001
111660,38845.072000000015
111661,38315.07000000001
111662,39215.06900000001
111663,39045.068000000014
111664,40975.067
111665,42140.068
111666,42035.07400000001
111667,41870.073000000004
111668,41645.074
111669,43385.072
111670,43615.07
111671,43780.071
111672,42735.076
111673,37640.079000000005
111674,37680.076
111675,37330.074
111676,35925.078
111677,36560.074
111678,37090.075
111679,37400.075999999994
111680,35205.083
111681,35295.081
111682,34740.079000000005
111683,34290.081000000006
111684,32583.083000000006
111685,32843.08000000001
111686,32823.079000000005
111687,33188.081000000006
111688,33428.07800000001
111689,31888.07600000001
111690,33178.07200000001
111691,33213.071
111692,34178.073000000004
111693,34388.07600000001
111694,35813.074
111695,36813.074
111696,37943.074
111697,37985.073
111698,37585.077
111699,38295.081999999995
111700,38370.081999999995
111701,39015.081
111702,38530.085
111703,37877.08899999999
111704,37861.09
111705,36675.09199999999
111706,36257.09299999999
111707,35952.092000000004
111708,35992.090000000004
111709,35885.089
111710,34107.08900000001
111711,33676.08900000001
111712,32721.09300000001
111713,32182.09300000001
111714,31011.09000000001
111715,31777.09200000001
111716,31564.09100000001
111717,30849.08800000001
111718,30449.09000000001
111719,29844.095000000012
111720,31031.09300000001
111721,30874.09000000001
111722,31371.094000000012
111723,31601.09200000001
111724,32370.09300000001
111725,33275.08800000001
111726,34055.09300000001
111727,35209.09300000001
111728,35989.09300000001
111729,35929.09500000001
111730,36558.09300000001
111731,38153.091
111732,37923.093
111733,38973.090000000004
111734,38394.092000000004
111735,37398.093
111736,37440.090000000004
111737,37849.091
111738,37234.092
111739,36824.098000000005
111740,35069.09900000001
111741,35099.098000000005
111742,34819.10100000001
111743,34459.10100000001
111744,33893.100000000006
111745,34253.101
111746,33665.102000000006
111747,32210.10600000001
111748,32046.10300000001
111749,32166.09900000001
111750,32556.10100000001
111751,31099.10100000001
111752,31614.09800000001
111753,30971.10400000001
111754,32421.10200000001
111755,33171.10300000001
111756,33548.10900000001
111757,34531.11100000001
111758,35376.10900000001
111759,35376.11400000001
111760,36221.117000000006
111761,37060.118
111762,37081.118
111763,38316.117000000006
111764,37364.12
111765,35782.12600000001
111766,34859.13100000001
111767,35459.128000000004
111768,34841.128000000004
111769,34958.13000000001
111770,33924.13100000001
111771,34204.128000000004
111772,34555.13100000001
111773,33685.133
111774,33065.13700000001
111775,33015.134000000005
111776,32602.13900000001
111777,32507.13700000001
111778,32042.14300000001
111779,31819.148000000012
111780,31871.15200000001
111781,32450.155000000006
111782,32629.157000000007
111783,32582.15400000001
111784,33982.159
111785,34682.165
111786,34604.170000000006
111787,34286.170000000006
111788,34416.172000000006
111789,35127.171
111790,36150.170999999995
111791,36224.17399999999
111792,35853.179
111793,35929.18
111794,35769.179
111795,35216.183000000005
111796,35797.185999999994
111797,35596.189
111798,34881.187000000005
111799,34580.181000000004
111800,34245.179000000004
111801,33797.177
111802,33481.183000000005
111803,33565.178
111804,33168.18000000001
111805,33650.181000000004
111806,33727.179000000004
111807,33419.18200000001
111808,33614.186
111809,34306.187
111810,33846.194
111811,34116.197
111812,34820.198
111813,35307.198
111814,36094.202
111815,36451.20399999999
111816,35975.20399999999
111817,36588.20799999999
111818,36691.20399999999
111819,36896.20799999999
111820,37556.20999999999
111821,37456.21399999999
111822,38061.20699999999
111823,38179.204999999994
111824,37718.20099999999
111825,36723.20399999999
111826,36740.209999999985
111827,36271.20899999999
111828,36590.20799999999
111829,36592.21099999999
111830,35426.21899999999
111831,35276.219999999994
111832,35431.21899999999
111833,34297.22
111834,34555.225
111835,34952.221999999994
111836,35270.227999999996
111837,34968.22899999999
111838,35389.22699999999
111839,36732.231
111840,36730.233
111841,36442.241
111842,36228.246
111843,36734.245
111844,37640.255
111845,38756.254
111846,39162.254
111847,40001.254
111848,38889.257
111849,39233.255
111850,39894.256
111851,40106.257
111852,39256.262
111853,39878.266
111854,37888.269
111855,37936.272
111856,36744.277
111857,36613.270000000004
111858,36426.280000000006
111859,36396.282
111860,35771.282
111861,36220.285
111862,37458.281
111863,37069.281
111864,38536.282999999996
111865,37225.295999999995
111866,38318.303
111867,37924.309
111868,37179.31800000001
111869,37155.311
111870,36963.314000000006
111871,36648.328
111872,37453.329000000005
111873,38082.33
111874,39330.325000000004
111875,39634.33200000001
111876,40131.333000000006
111877,40807.33800000001
111878,41316.341
111879,42237.338
111880,42243.341
111881,42128.34
111882,41243.340000000004
111883,41577.33500000001
111884,39992.34000000001
111885,40423.340000000004
111886,39577.345
111887,39438.351
111888,39137.352
111889,38896.353
111890,38864.36
111891,39928.35500000001
111892,40250.355
111893,39302.358
111894,40166.353
111895,39823.35300000001
111896,39737.355
111897,39531.35800000001
111898,40442.35400000001
111899,39278.35900000001
111900,39273.35900000001
111901,38316.365000000005
111902,38296.369000000006
111903,39131.37200000001
111904,40164.37400000001
111905,40208.37900000001
111906,41083.380000000005
111907,41134.38100000001
111908,40831.39300000001
111909,42768.38700000001
111910,41842.39700000001
111911,41340.40200000001
111912,41621.407000000014
111913,41994.41200000001
111914,41181.41000000001
111915,41168.42400000001
111916,40219.42900000001
111917,41399.43300000002
111918,41113.43500000002
111919,40758.43700000002
111920,41533.432000000015
111921,41999.434000000016
111922,41576.43700000001
111923,41174.43200000002
111924,42141.43100000002
111925,42024.43900000003
111926,41832.43900000003
111927,42140.43700000002
111928,42874.43200000002
111929,41769.43300000002
111930,41861.43200000002
111931,41924.43700000002
111932,42353.44000000002
111933,42080.44600000002
111934,42715.45200000001
111935,42277.46000000001
111936,43081.46500000001
111937,42401.468000000015
111938,41846.47400000001
111939,42897.48300000001
111940,42403.49100000001
111941,42197.494000000006
111942,42443.48900000001
111943,43028.49400000001
111944,42474.49400000001
111945,42496.50300000001
111946,42867.50500000001
111947,42982.51400000002
111948,42127.520000000026
111949,42437.514000000025
111950,42540.520000000026
111951,43322.51900000003
111952,42449.52800000003
111953,41181.535000000025
111954,41178.531000000025
111955,40953.52600000002
111956,41014.51700000002
111957,41208.51300000002
111958,42277.52300000002
111959,41748.532000000014
111960,42793.52500000002
111961,43231.53700000002
111962,43948.53900000001
111963,44410.53100000001
111964,44744.53700000002
111965,45529.53500000002
111966,45899.54800000002
111967,46152.552
111968,46121.56100000001
111969,46329.56100000001
111970,46262.55
111971,44684.55200000001
111972,44842.55
111973,45892.55100000001
111974,45804.55400000001
111975,45931.54400000001
111976,45276.549000000006
111977,45427.556000000004
111978,44949.55200000001
111979,44181.557000000015
111980,43378.565
111981,43612.57200000001
111982,43492.576000000015
111983,42420.58400000001
111984,42454.58400000002
111985,43188.58500000002
111986,42638.59000000001
111987,41549.58800000002
111988,42453.595000000016
111989,42036.60700000001
111990,43462.60900000001
111991,43960.61100000001
111992,44998.60000000001
111993,45162.59600000001
111994,46612.597000000016
111995,46283.58800000001
111996,47017.58800000002
111997,46876.59500000001
111998,46558.59500000001
111999,46977.59900000001
112000,46645.60500000002
112001,47738.59200000002
112002,47103.59100000003
112003,48374.59600000003
112004,48118.595000000016
112005,48065.593000000015
112006,47897.59100000001
112007,48264.59000000001
112008,46336.60700000002
112009,45788.61300000001
112010,44858.622
112011,44845.623
112012,44568.63200000001
112013,43062.635000000024
112014,43320.63500000002
112015,43188.62400000001
112016,42796.62300000001
112017,42316.628
112018,43366.62900000001
112019,43168.63200000001
112020,43991.62800000002
112021,43039.63400000001
112022,43076.62700000002
112023,42637.63300000002
112024,42855.635000000024
112025,42283.64300000002
112026,42886.64400000002
112027,42912.63800000002
112028,43233.64100000002
112029,43857.64200000002
112030,43804.65500000001
112031,44555.65500000001
112032,44502.65400000001
112033,45416.64500000002
112034,44554.65500000001
112035,45131.66100000001
112036,44697.65600000001
112037,45123.64900000002
112038,43884.64900000002
112039,43895.64700000001
112040,42974.65900000002
112041,42668.65500000001
112042,43006.657000000014
112043,42687.64700000002
112044,42888.64000000002
112045,42832.641000000025
112046,48319.64000000003
112047,48420.62900000003
112048,48605.63500000003
112049,47783.63400000002
112050,48079.63300000002
112051,49025.63700000002
112052,48010.642000000014
112053,47962.66100000002
112054,48514.664000000026
112055,47884.656000000025
112056,48455.645000000026
112057,47715.64100000001
112058,47932.64300000002
112059,48017.64700000001
112060,47926.64500000002
112061,47298.64800000001
112062,41729.663000000015
112063,42800.66500000002
112064,42305.663000000015
112065,42607.65600000002
112066,42454.66100000002
112067,42624.66800000001
112068,42287.66100000001
112069,42418.65400000002
112070,42132.655000000006
112071,41355.657000000014
112072,41427.65200000002
112073,40838.64900000001
112074,40699.64900000001
112075,40985.65400000001
112076,40419.65400000001
112077,39998.67100000002
112078,40914.66800000001
112079,40299.667000000016
112080,40944.66500000001
112081,42097.67500000001
112082,41237.672000000006
112083,42189.66
112084,43003.65500000001
112085,43388.64500000001
112086,43644.64600000001
112087,43145.642
112088,42334.64700000001
112089,43453.65000000001
112090,42852.656
112091,42473.645000000004
112092,42835.643000000004
112093,42350.646000000015
112094,40573.64200000001
112095,40400.645000000004
112096,41037.64900000001
112097,40583.649000000005
112098,38706.65700000001
112099,37775.648
112100,36574.655
112101,36233.649
112102,36036.649
112103,35664.636
112104,36064.637
112105,35777.64200000001
112106,34838.645000000004
112107,35010.65000000001
112108,35937.65100000001
112109,36048.649000000005
112110,36887.64400000001
112111,36695.65400000001
112112,37191.638000000006
112113,37335.645000000004
112114,37910.63200000001
112115,37102.62
112116,36724.61900000001
112117,36094.627000000015
112118,36235.623000000014
112119,37307.60800000001
112120,36788.61100000001
112121,36240.608000000015
112122,35536.610000000015
112123,34875.60300000001
112124,34527.602
112125,35430.600999999995
112126,35771.609000000004
112127,36063.609
112128,34193.60400000001
112129,33820.600000000006
112130,34435.597000000016
112131,34482.598000000005
112132,33628.593000000015
112133,34136.58800000001
112134,34646.585000000014
112135,33519.58300000001
112136,32400.59200000002
112137,32342.59200000002
112138,33572.577000000005
112139,33192.57100000001
112140,32651.570000000018
112141,32730.57500000002
112142,32690.580000000016
112143,32625.57600000002
112144,32379.55800000002
112145,32114.55400000002
112146,32573.545000000016
112147,31696.54800000002
112148,32092.54000000002
112149,33043.53700000001
112150,32543.530000000017
112151,32080.532000000017
112152,31763.52600000002
112153,32708.510000000017
112154,32693.49700000002
112155,32651.50200000002
112156,31670.500000000022
112157,32542.49100000002
112158,30662.500000000022
112159,30102.50000000002
112160,30362.505000000023
112161,28949.51700000002
112162,29363.51300000002
112163,29232.51500000002
112164,28867.518000000022
112165,28459.505000000016
112166,28493.500000000015
112167,28696.50000000002
112168,29782.496000000017
112169,29658.50300000002
112170,29973.48900000002
112171,30706.486000000015
112172,30653.48200000002
112173,31448.47600000002
112174,32134.477000000017
112175,31831.480000000018
112176,32474.47700000002
112177,32266.46900000002
112178,31300.464000000018
112179,32036.46700000002
112180,30955.47100000002
112181,30233.46200000002
112182,29691.46500000002
112183,28853.468000000015
112184,28615.472000000016
112185,28883.464000000018
112186,28688.460000000017
112187,29135.465000000015
112188,27627.467000000015
112189,27072.468000000015
112190,27824.477000000017
112191,27600.486000000015
112192,26516.492000000017
112193,26707.490000000016
112194,26830.489000000016
112195,27155.48500000002
112196,26491.482000000015
112197,25907.47600000002
112198,27178.47100000002
112199,26586.471000000016
112200,26422.459000000017
112201,27412.462000000014
112202,28074.461000000014
112203,28844.459000000013
112204,28541.448000000015
112205,27291.450000000015
112206,27050.454000000016
112207,26484.453000000012
112208,25253.46100000001
112209,26106.46700000001
112210,25618.45800000001
112211,24891.46300000001
112212,24751.46300000001
112213,24595.46000000001
112214,25461.458000000002
112215,25966.449000000004
112216,25937.463000000007
112217,25709.46500000001
112218,25031.45600000001
112219,24404.454000000012
112220,24935.44800000001
112221,24132.44900000001
112222,23509.44600000001
112223,23144.44500000001
112224,22580.44600000001
112225,23691.445000000007
112226,22897.44300000001
112227,21963.447000000007
112228,22723.443000000007
112229,23101.447000000007
112230,22688.453000000005
112231,22051.45200000001
112232,22139.458000000006
112233,22648.46000000001
112234,22488.45200000001
112235,21427.453000000005
112236,22796.441000000006
112237,23751.436
112238,23520.431000000004
112239,23469.423000000003
112240,23265.416
112241,24354.418000000005
112242,24537.412
112243,25278.4
112244,25799.397
112245,26153.396
112246,25132.393000000004
112247,24344.401000000005
112248,24130.4
112249,23451.401
112250,23715.399000000005
112251,22908.394000000004
112252,22384.387000000002
112253,21661.396
112254,21061.387
112255,21506.384000000002
112256,21397.381
112257,19901.382
112258,20611.386
112259,20823.379
112260,20081.376
112261,18953.38
112262,19585.387
112263,19016.394
112264,18881.396
112265,18029.396
112266,19369.393
112267,20685.392
112268,21114.386
112269,20972.388000000003
112270,21410.386000000002
112271,22466.392000000003
112272,21207.386000000002
112273,22905.386000000002
112274,23234.385000000002
112275,23649.389
112276,22104.390000000003
112277,21848.396000000004
112278,20869.389
112279,21484.388000000003
112280,21957.381999999998
112281,20855.385
112282,19966.384000000002
112283,18061.385
112284,17786.382999999998
112285,18375.373999999996
112286,18662.372
112287,17881.361999999997
112288,18193.355999999996
112289,18144.351999999995
112290,17775.342999999997
112291,17195.334999999995
112292,16674.340999999993
112293,16547.346999999994
112294,16219.352999999997
112295,15167.351999999997
112296,15792.355
112297,16755.354
112298,16169.367000000002
112299,15748.37
112300,15391.371000000001
112301,16281.370000000006
112302,16183.377000000008
112303,17008.383000000005
112304,16461.394000000008
112305,16247.40400000001
112306,15229.402000000011
112307,14957.406000000012
112308,14223.411000000013
112309,14025.423000000012
112310,14094.434000000016
112311,12456.438000000016
112312,11331.45400000002
112313,9891.46700000002
112314,9793.477000000023
112315,9311.486000000024
112316,7928.505000000023
112317,5634.533000000023
112318,3308.568
112319,1119.603999999996
112320,1973.4349999999968
112321,3863.425000000009
112322,5948.408000000016
112323,6916.397000000023
112324,7616.396000000021
112325,8513.39200000002
112326,9306.391000000021
112327,10051.386000000019
112328,11491.38100000002
112329,12241.371000000016
112330,15601.368000000017
112331,14881.366000000015
112332,13371.367000000015
112333,12880.365000000009
112334,12675.356000000007
112335,12340.364000000005
112336,12170.367000000004
112337,12478.364000000003
112338,12021.359000000004
112339,11701.362000000003
112340,10083.35
112341,10653.348
112342,13266.342000000002
112343,14797.343000000003
112344,16148.336000000001
112345,17858.336000000003
112346,18618.333
112347,18898.327
112348,19458.319
112349,21503.311999999998
112350,20545.315
112351,20560.32
112352,19155.327
112353,19290.326
112354,19747.324
112355,19145.328
112356,19648.324
112357,19426.324999999997
112358,19783.324999999997
112359,18706.318
112360,20086.316
112361,19213.319000000003
112362,18683.309
112363,17313.305
112364,16136.307000000003
112365,15074.307
112366,14889.303
112367,15474.301
112368,13936.293
112369,14241.286
112370,13509.277
112371,13704.273
112372,15809.265
112373,15334.264
112374,15409.265000000001
112375,16094.264000000001
112376,16306.268000000002
112377,16076.267000000002
112378,16181.268000000004
112379,17310.267000000003
112380,16563.261000000006
112381,16860.266000000003
112382,15915.267000000003
112383,16318.259000000004
112384,16283.250000000004
112385,17243.242000000006
112386,17028.243000000006
112387,16430.243000000006
112388,17276.235000000004
112389,17186.230000000003
112390,17316.230000000003
112391,17096.229000000007
112392,17238.226000000006
112393,17633.222000000005
112394,17291.213000000007
112395,16521.208000000006
112396,16146.204000000005
112397,16676.199000000008
112398,15451.200000000006
112399,14856.200000000006
112400,14426.197000000006
112401,14231.196000000004
112402,15621.191000000004
112403,16021.192000000005
112404,16588.195000000007
112405,16586.195000000007
112406,17946.198000000004
112407,17351.201000000005
112408,17571.199000000004
112409,17956.198000000004
112410,17556.201000000005
112411,16781.203000000005
112412,16206.201000000005
112413,16801.199000000004
112414,16401.203000000005
112415,17149.208000000006
112416,15789.210000000008
112417,16561.211000000007
112418,17741.211000000007
112419,18336.215000000007
112420,18326.217000000004
112421,18336.217000000004
112422,17986.217000000004
112423,17391.219000000005
112424,17606.217000000004
112425,17049.216000000004
112426,17264.214000000004
112427,16489.212000000003
112428,15334.210000000005
112429,15509.212000000005
112430,15724.211000000005
112431,17072.213000000003
112432,17857.212000000003
112433,17827.218000000004
112434,17237.21900000001
112435,17642.214000000004
112436,18627.215000000004
112437,17692.211000000003
112438,18097.208
112439,17876.210000000003
112440,17476.212000000003
112441,16084.217000000004
112442,15481.219000000006
112443,16481.218000000008
112444,16889.216000000004
112445,17299.215000000004
112446,17129.214000000004
112447,17922.214000000004
112448,18342.211
112449,18737.212000000003
112450,19150.206000000002
112451,18755.208000000002
112452,18962.204
112453,19122.209000000003
112454,19712.207000000002
112455,19525.207000000002
112456,19322.206000000002
112457,20130.202
112458,18535.203
112459,19080.205
112460,19267.207000000002
112461,20087.201
112462,20867.201
112463,21062.2
112464,20487.199
112465,19482.2
112466,19527.194
112467,18492.199
112468,18857.204
112469,17842.207000000006
112470,17670.204
112471,16715.202
112472,16555.201000000005
112473,16980.199000000004
112474,16985.199
112475,17352.201
112476,17147.203000000005
112477,18127.202
112478,17942.201
112479,18960.196
112480,19545.195
112481,19325.197
112482,19340.195
112483,19150.194
112484,19145.195
112485,18745.196
112486,19580.192000000003
112487,18990.193000000003
112488,17990.196000000004
112489,18177.196000000004
112490,19180.196
112491,20720.198
112492,20540.196
112493,21110.198
112494,20727.197
112495,19337.201
112496,18532.205
112497,18532.203
112498,19502.205
112499,19472.208000000002
112500,19067.206000000002
112501,18084.206000000006
112502,18332.2
112503,19489.199
112504,19859.2
112505,20462.201
112506,20257.201
112507,21232.201
112508,20632.202999999998
112509,21017.203999999998
112510,22007.202999999998
112511,22007.202999999998
112512,22017.201999999997
112513,21692.199
112514,22044.203999999998
112515,21854.202
112516,22079.2
112517,21271.201
112518,20506.2
112519,20294.2
112520,20864.201
112521,21274.197
112522,21291.194
112523,21491.193
112524,20679.195
112525,19331.191
112526,18736.192000000003
112527,19111.195
112528,19855.198
112529,20058.194000000003
112530,19494.193000000003
112531,19869.195000000003
112532,19069.199000000004
112533,20062.198000000004
112534,20077.197000000004
112535,20647.197000000004
112536,20806.199000000004
112537,21381.199000000004
112538,21401.199000000004
112539,21206.197000000004
112540,22158.199000000004
112541,22386.194
112542,22961.191
112543,22383.191
112544,23189.189
112545,22589.191
112546,22584.191000000003
112547,21989.192000000003
112548,21239.188000000002
112549,21224.191000000003
112550,21224.187
112551,21029.185
112552,20434.187
112553,20801.189000000002
112554,19658.186
112555,19397.194000000003
112556,18787.193000000003
112557,19385.190000000002
112558,20537.192000000003
112559,20198.187
112560,19808.187
112561,20616.187
112562,20251.182
112563,20441.183
112564,20831.182
112565,21791.181
112566,21978.184
112567,22408.184
112568,22816.182
112569,23051.181
112570,23457.182
112571,24028.186
112572,25827.189000000002
112573,25126.186
112574,25924.188000000002
112575,24761.189000000002
112576,24791.188000000002
112577,24631.185
112578,24052.186
112579,25627.183
112580,25628.186
112581,25185.192000000003
112582,25267.189000000002
112583,25276.188000000002
112584,24321.188000000002
112585,24339.184
112586,23775.184
112587,23971.187
112588,24766.187
112589,24161.191000000003
112590,23995.192000000003
112591,24805.193000000003
112592,23645.194000000003
112593,24200.195000000003
112594,24215.193000000003
112595,24631.193000000003
112596,24430.195
112597,24831.199
112598,24611.202
112599,24633.203
112600,25244.2
112601,25050.199
112602,27168.201
112603,26782.2
112604,26579.204
112605,26036.207000000002
112606,26222.205
112607,26482.203
112608,26282.202
112609,27095.203
112610,27326.204
112611,27746.206000000002
112612,26956.205
112613,26760.204999999998
112614,25878.203
112615,26127.202999999998
112616,25970.201
112617,25373.201999999997
112618,26006.201999999997
112619,26231.201999999997
112620,26154.199
112621,27108.201
112622,25555.202
112623,25542.204
112624,25097.212000000003
112625,25291.217
112626,24723.218
112627,26073.219
112628,25688.224000000002
112629,24914.224000000002
112630,25945.224000000002
112631,26394.222
112632,27980.224000000002
112633,27587.226000000002
112634,27774.227000000003
112635,27274.22
112636,27490.218
112637,27983.216
112638,28195.217
112639,29537.217
112640,29326.221
112641,29365.22
112642,28523.223
112643,28901.224000000002
112644,28071.229000000003
112645,27079.234000000004
112646,26608.228000000003
112647,25736.219
112648,26357.217000000004
112649,26151.219
112650,25603.218
112651,26611.214
112652,25680.211000000003
112653,26097.212000000003
112654,26247.210000000003
112655,26767.210000000003
112656,26603.204
112657,27184.208000000002
112658,26392.207000000002
112659,26162.204999999998
112660,26784.206000000002
112661,27239.202999999998
112662,28898.208
112663,28886.204999999998
112664,29274.204999999998
112665,28722.202999999998
112666,29274.208
112667,29083.207
112668,29480.207
112669,30895.208
112670,31589.195999999996
112671,31213.192
112672,30631.194999999996
112673,31023.197999999997
112674,30063.197999999997
112675,30279.199
112676,28848.205
112677,27959.201
112678,27947.202
112679,27759.203
112680,27196.203
112681,27669.203
112682,26097.204
112683,26155.199000000004
112684,25434.197000000004
112685,26602.195000000003
112686,32071.2
112687,32243.198
112688,31272.197
112689,31104.196000000004
112690,31922.203
112691,32135.204000000005
112692,33888.206000000006
112693,33480.208
112694,34306.208
112695,33711.214
112696,35378.216
112697,35355.219
112698,35855.214
112699,37210.219
112700,36463.21400000001
112701,35665.219000000005
112702,36400.223
112703,36235.223
112704,34443.224
112705,34691.225000000006
112706,33920.22
112707,33096.224
112708,35993.224
112709,35651.225000000006
112710,35220.226
112711,34985.23
112712,34159.236000000004
112713,35166.235
112714,34991.238000000005
112715,35585.239
112716,35462.240000000005
112717,35000.246
112718,34794.25
112719,34574.245
112720,34878.243
112721,34858.247
112722,36443.25200000001
112723,36472.25
112724,32341.253000000004
112725,32232.250000000004
112726,33238.258
112727,32635.262000000002
112728,31700.267000000003
112729,33229.271
112730,33122.270000000004
112731,33387.268000000004
112732,34087.255
112733,33624.257
112734,31952.263000000003
112735,32614.256
112736,32236.255
112737,32099.253
112738,32937.251
112739,31938.254
112740,31026.249
112741,31265.260000000002
112742,30651.263000000003
112743,32295.268000000004
112744,32136.267000000003
112745,32289.268000000004
112746,32129.269000000004
112747,31777.272000000004
112748,31161.282000000003
112749,31144.280000000002
112750,31376.273000000005
112751,31214.272000000004
112752,33131.269
112753,32731.266000000003
112754,33877.259999999995
112755,33708.25399999999
112756,33865.25899999999
112757,33027.253
112758,32018.250000000004
112759,33316.246
112760,33481.240000000005
112761,32576.236000000004
112762,31971.235000000004
112763,31880.240000000005
112764,30298.233000000004
112765,31319.226000000006
112766,32462.214000000004
112767,32820.211
112768,35079.21199999999
112769,34337.21199999999
112770,33467.204000000005
112771,33934.200999999994
112772,33407.197
112773,34998.198
112774,32510.196000000004
112775,33045.196
112776,35886.185999999994
112777,36996.185999999994
112778,36183.181
112779,35730.174999999996
112780,35539.168999999994
112781,35128.17399999999
112782,36295.179
112783,35190.17399999999
112784,35694.168
112785,35005.157999999996
112786,35447.15099999999
112787,35443.147
112788,34189.147000000004
112789,35321.143
112790,35127.141
112791,34809.123999999996
112792,34391.123
112793,34502.125
112794,33481.126
112795,34728.122
112796,34323.121999999996
112797,34192.12
112798,35708.123
112799,35737.117
112800,34759.116
112801,35937.115000000005
112802,34592.11400000001
112803,36149.113000000005
112804,36702.113000000005
112805,36528.11
112806,36066.112
112807,35187.111000000004
112808,35337.111000000004
112809,35188.111000000004
112810,35610.10999999999
112811,35516.11299999999
112812,37490.10399999999
112813,35946.10599999999
112814,36282.10699999999
112815,35732.10499999999
112816,36035.103999999985
112817,36537.10599999999
112818,34572.107
112819,35905.104
112820,36215.112
112821,36333.113
112822,36445.106
112823,35826.109
112824,33904.111000000004
112825,34614.114
112826,34961.114
112827,34936.115
112828,35706.113999999994
112829,34981.11
112830,33720.112
112831,34110.109000000004
112832,32884.114
112833,34671.111000000004
112834,35036.109
112835,34838.10800000001
112836,35384.106999999996
112837,34988.10400000001
112838,35143.10399999999
112839,35752.1
112840,36022.099
112841,36202.094999999994
112842,37478.098999999995
112843,36948.09599999999
112844,37833.094
112845,37113.09
112846,36710.083
112847,37172.081
112848,35802.07699999999
112849,36749.07899999999
112850,37315.08099999999
112851,37430.07799999999
112852,34875.079
112853,33282.081
112854,31896.08
112855,32541.076
112856,32002.077000000005
112857,32055.074000000004
112858,32330.071000000007
112859,31590.067000000006
112860,30405.069000000007
112861,30865.061000000005
112862,29685.063000000006
112863,30985.066000000006
112864,31180.066000000006
112865,31310.069000000007
112866,32395.063000000006
112867,32075.064000000006
112868,32220.061000000005
112869,32615.060000000005
112870,33035.061
112871,32275.062000000005
112872,34005.062000000005
112873,34195.063
112874,34970.065
112875,34000.064000000006
112876,32765.067000000006
112877,32590.063000000006
112878,32065.061000000005
112879,33028.058000000005
112880,33613.059
112881,33498.062000000005
112882,33563.059
112883,32228.059000000005
112884,30638.060000000005
112885,31608.061000000005
112886,30358.067000000006
112887,31198.065000000006
112888,34708.062000000005
112889,34968.059
112890,34188.059
112891,34773.059
112892,34198.057
112893,35418.05700000001
112894,36160.061
112895,36165.06
112896,37200.058
112897,36405.062
112898,36005.064
112899,37020.058999999994
112900,37155.062
112901,35585.065
112902,36980.066
112903,37375.065
112904,37760.066
112905,36725.068
112906,35935.070999999996
112907,34950.073000000004
112908,34525.075000000004
112909,34555.07400000001
112910,35535.074
112911,35500.077000000005
112912,34660.079000000005
112913,33750.07600000001
112914,32530.07600000001
112915,33730.075000000004
112916,33725.077000000005
112917,33495.079000000005
112918,34300.079000000005
112919,34010.075000000004
112920,33005.077000000005
112921,34625.075000000004
112922,34545.07200000001
112923,35660.075
112924,36475.074
112925,36215.077
112926,36640.075
112927,36920.075
112928,36740.07199999999
112929,36475.077
112930,36440.079
112931,35055.079
112932,42060.08
112933,42060.08
112934,43020.075
112935,41465.074
112936,40710.075000000004
112937,40725.07200000001
112938,40525.073000000004
112939,38250.073000000004
112940,39205.069
112941,39510.07100000001
112942,34250.069
112943,33280.06800000001
112944,31740.069000000007
112945,33560.066000000006
112946,33725.067
112947,33530.067
112948,34475.06800000001
112949,34870.067
112950,34040.067
112951,34810.069
112952,34060.06800000001
112953,35200.069
112954,35285.066999999995
112955,35250.069
112956,35575.072
112957,35945.070999999996
112958,34745.07200000001
112959,34490.07400000001
112960,34545.073000000004
112961,33005.075000000004
112962,33955.07600000001
112963,33750.08000000001
112964,34315.08500000001
112965,32920.08600000001
112966,31865.08400000001
112967,32410.08200000001
112968,32700.07800000001
112969,32370.07600000001
112970,32870.07800000001
112971,33940.07400000001
112972,33435.073000000004
112973,32300.07200000001
112974,30395.07300000001
112975,31340.074000000008
112976,31385.07500000001
112977,31185.07600000001
112978,32025.07400000001
112979,32425.07100000001
112980,32095.06900000001
112981,33295.07000000001
112982,33100.07000000001
112983,35000.07000000001
112984,34760.07400000001
112985,34775.07100000001
112986,35850.068
112987,35455.069
112988,34650.071
112989,34645.07200000001
112990,34785.073000000004
112991,32260.07700000001
112992,33015.077000000005
112993,34035.073000000004
112994,35895.067
112995,34695.06900000001
112996,33275.06800000001
112997,33630.07000000001
112998,33460.07000000001
112999,33295.07000000001
113000,33630.07200000001
113001,34570.07400000001
113002,34360.07300000001
113003,32315.07800000001
113004,31510.07900000001
113005,33140.075000000004
113006,33765.07200000001
113007,35610.075000000004
113008,36275.075000000004
113009,37035.074
113010,36280.075
113011,37295.072
113012,37395.068
113013,38005.068
113014,36855.07
113015,37690.068999999996
113016,38300.068999999996
113017,37885.068999999996
113018,37130.07
113019,36930.072
113020,37220.068
113021,35790.070999999996
113022,37165.07
113023,37775.07
113024,39085.067
113025,37365.065
113026,36430.062000000005
113027,37210.064000000006
113028,36425.066
113029,35670.066000000006
113030,35995.07
113031,36515.074
113032,36315.076
113033,35745.07400000001
113034,35245.07600000001
113035,36535.072
113036,37880.070999999996
113037,36535.072
113038,37415.076
113039,38345.070999999996
113040,37275.070999999996
113041,38235.069
113042,37355.065
113043,37940.064999999995
113044,37785.062
113045,38570.06199999999
113046,38595.06199999999
113047,38595.062
113048,37835.062999999995
113049,37805.067
113050,37765.071
113051,36760.07200000001
113052,37785.074
113053,37650.07200000001
113054,38095.07200000001
113055,36770.069
113056,35680.06900000001
113057,36455.071
113058,35730.075000000004
113059,35545.07400000001
113060,35960.075000000004
113061,36550.075000000004
113062,36890.077000000005
113063,37065.07700000001
113064,35040.07500000001
113065,36395.069
113066,37600.06800000001
113067,36250.07100000001
113068,37710.06700000001
113069,38895.064000000006
113070,37995.06800000001
113071,38945.069
113072,37790.07100000001
113073,38015.07100000001
113074,39110.072000000015
113075,39605.073000000004
113076,39900.06800000001
113077,39530.06900000001
113078,39465.068
113079,39600.069
113080,39835.066000000006
113081,39015.065
113082,39235.066000000006
113083,39890.062000000005
113084,45230.058000000005
113085,44125.05400000001
113086,42645.05500000001
113087,43160.058000000005
113088,42950.05700000001
113089,42590.056000000004
113090,43875.058000000005
113091,44875.058000000005
113092,45495.056000000004
113093,43635.05800000001
113094,42375.060000000005
113095,43775.05800000001
113096,44825.062000000005
113097,43970.06300000001
113098,45200.06100000001
113099,44725.05900000001
113100,44075.05300000001
113101,44470.056000000004
113102,43760.061
113103,43990.059
113104,44320.06
113105,44300.059
113106,43785.05900000001
113107,43695.060000000005
113108,43025.062000000005
113109,42625.064000000006
113110,43665.061
113111,41930.062000000005
113112,41525.066000000006
113113,42460.069
113114,42815.071
113115,42070.07000000001
113116,42150.065
113117,43370.06
113118,42630.057
113119,42405.059
113120,43865.056
113121,44286.05900000001
113122,38916.064999999995
113123,37756.062000000005
113124,37331.065
113125,37961.062000000005
113126,39306.062000000005
113127,38526.062999999995
113128,39891.064
113129,40193.06
113130,38068.061
113131,38268.06
113132,38077.061
113133,38237.06500000001
113134,37569.067
113135,38349.067
113136,37904.069
113137,37749.07200000001
113138,36659.071
113139,36989.073000000004
113140,37409.07200000001
113141,37279.069
113142,36834.071
113143,37971.066
113144,38551.067
113145,37946.06800000001
113146,37321.07200000001
113147,37246.077000000005
113148,37263.074
113149,42633.07000000001
113150,44053.069
113151,44383.07200000001
113152,45038.07800000001
113153,43703.08000000001
113154,43308.081000000006
113155,43097.08300000001
113156,43492.08200000001
113157,42142.085000000014
113158,43917.08200000001
113159,43717.08400000001
113160,42369.08200000001
113161,36406.089
113162,35958.092000000004
113163,36560.090000000004
113164,35910.094000000005
113165,36895.092000000004
113166,37520.089
113167,38019.084
113168,36919.090000000004
113169,37139.090000000004
113170,37598.090000000004
113171,36935.09100000001
113172,36330.090000000004
113173,37317.089
113174,38127.090000000004
113175,37137.094000000005
113176,35957.096000000005
113177,36753.097
113178,36870.098000000005
113179,36701.098000000005
113180,37481.09900000001
113181,38020.101
113182,39429.098000000005
113183,38299.09700000001
113184,38074.098000000005
113185,37892.10100000001
113186,38118.10500000001
113187,37323.104000000014
113188,38456.099
113189,38866.100000000006
113190,37126.10300000001
113191,37358.102000000006
113192,36627.10600000001
113193,36427.108000000015
113194,36119.102000000006
113195,36454.10500000001
113196,36794.10700000001
113197,36959.11100000001
113198,36569.11200000001
113199,36244.113000000005
113200,36720.114
113201,35973.114
113202,35180.115000000005
113203,35816.12100000001
113204,34293.12500000001
113205,33993.12500000001
113206,34163.126000000004
113207,35175.128000000004
113208,35241.12700000001
113209,35452.131
113210,35707.132
113211,36275.134000000005
113212,37740.134000000005
113213,36720.141
113214,37020.14400000001
113215,36595.148
113216,36805.152
113217,35800.159
113218,36206.16
113219,36336.163
113220,35851.162000000004
113221,35120.16400000001
113222,34191.164000000004
113223,34552.16500000001
113224,33669.164000000004
113225,34229.16700000001
113226,34239.16700000001
113227,34727.16800000001
113228,34867.16400000001
113229,34955.162000000004
113230,35180.16400000001
113231,34287.170000000006
113232,33800.17500000001
113233,34810.17500000001
113234,35390.173
113235,34710.17600000001
113236,34926.17600000001
113237,36371.172999999995
113238,36333.176999999996
113239,35479.182
113240,36294.185000000005
113241,37270.188
113242,38054.195
113243,37362.195999999996
113244,38332.195999999996
113245,38204.19699999999
113246,38281.198
113247,37169.195999999996
113248,37489.2
113249,38423.201
113250,43106.202
113251,42339.202999999994
113252,41884.206999999995
113253,41962.206999999995
113254,41409.206999999995
113255,41611.208999999995
113256,40457.21300000001
113257,40454.21600000001
113258,40102.21400000001
113259,40033.218
113260,39755.22000000001
113261,39875.21600000001
113262,39073.22000000001
113263,40375.219000000005
113264,39983.222
113265,42370.223000000005
113266,42433.223000000005
113267,43387.231
113268,43641.22900000001
113269,43189.234000000004
113270,44175.23500000001
113271,44391.237
113272,45244.245
113273,43444.25
113274,43051.261
113275,43374.264
113276,44333.265
113277,43438.265
113278,44064.270000000004
113279,45112.268000000004
113280,44428.271
113281,43633.269
113282,43259.275
113283,43204.278
113284,43208.282
113285,42446.28600000001
113286,42654.28
113287,43013.284
113288,42342.288
113289,42672.28700000001
113290,42617.29
113291,42218.29100000001
113292,42380.292
113293,43820.293000000005
113294,43157.299000000006
113295,42830.299000000006
113296,43016.301000000014
113297,43531.30000000001
113298,44354.29800000001
113299,44149.297000000006
113300,44482.30000000001
113301,45541.31100000001
113302,46407.31000000001
113303,39836.31300000001
113304,39907.31600000001
113305,40769.31600000001
113306,40648.31700000001
113307,39890.32500000001
113308,40015.324000000015
113309,40839.33100000001
113310,40473.33100000001
113311,40527.327000000005
113312,39504.33100000001
113313,40395.339000000014
113314,39453.341000000015
113315,39328.34400000001
113316,39157.34200000001
113317,39157.34600000001
113318,38609.35000000001
113319,39035.358000000015
113320,39350.35700000002
113321,39693.35500000002
113322,39590.36100000001
113323,40199.36400000001
113324,40478.36100000001
113325,40613.36600000001
113326,40227.36800000001
113327,40977.363000000005
113328,41598.36600000001
113329,40755.36300000001
113330,41591.36600000001
113331,42352.366000000016
113332,43516.36800000002
113333,42284.36800000002
113334,42914.369000000006
113335,42738.37400000002
113336,44057.38000000002
113337,43504.38400000002
113338,43525.38500000002
113339,43944.38600000001
113340,43046.392000000014
113341,42869.39300000002
113342,42314.38800000001
113343,42264.386000000006
113344,41446.38800000001
113345,41547.38400000001
113346,40632.38600000001
113347,40274.39300000001
113348,40289.39200000001
113349,41837.40200000002
113350,41882.40600000001
113351,41775.407000000014
113352,41598.40400000001
113353,42592.40600000002
113354,43525.40000000001
113355,43690.41400000002
113356,43419.41800000001
113357,43464.42300000001
113358,43615.426000000014
113359,40671.427
113360,41613.42900000001
113361,43802.42400000001
113362,45003.428
113363,44775.42900000001
113364,44529.43800000001
113365,44204.44200000002
113366,44544.44500000001
113367,44871.44600000002
113368,44519.45100000001
113369,44057.451000000015
113370,42904.458000000006
113371,42043.459
113372,41354.462000000014
113373,41332.46100000001
113374,39929.467000000004
113375,40179.46400000001
113376,39998.46300000001
113377,40462.46300000001
113378,40387.466000000015
113379,41505.472000000016
113380,41651.482
113381,40309.48500000001
113382,40338.49200000001
113383,40372.49500000002
113384,41841.49500000002
113385,42248.503000000004
113386,42496.50800000001
113387,42125.50700000002
113388,42845.50800000002
113389,42562.51100000002
113390,42769.52600000003
113391,45170.52300000002
113392,45404.52200000002
113393,45160.51600000001
113394,45035.51400000002
113395,44766.52400000003
113396,45072.518000000025
113397,44281.52000000002
113398,44388.53100000002
113399,44230.532000000014
113400,42880.544000000016
113401,42392.54500000001
113402,41431.56000000001
113403,41763.55200000002
113404,40869.55600000001
113405,41008.55200000002
113406,40088.553000000014
113407,41442.54700000001
113408,40767.55600000001
113409,41567.54600000002
113410,41135.552000000025
113411,40164.54900000002
113412,41088.55100000002
113413,41390.55300000002
113414,41935.55700000002
113415,42245.56700000003
113416,42703.56500000003
113417,42502.57900000003
113418,42457.58300000003
113419,42502.588000000025
113420,43470.59300000002
113421,44887.60500000002
113422,45381.603000000025
113423,45115.60400000002
113424,45001.60400000002
113425,44945.60500000002
113426,45992.59500000002
113427,45060.59900000002
113428,45454.59600000001
113429,45392.60300000002
113430,45359.60400000001
113431,44946.60400000002
113432,43803.61300000002
113433,43010.629000000015
113434,42437.63200000002
113435,41400.63400000001
113436,40711.62800000002
113437,41027.622000000025
113438,40725.61000000002
113439,40763.61800000002
113440,40184.61900000001
113441,39105.62400000002
113442,39846.61900000001
113443,39835.62200000001
113444,40396.62600000002
113445,41354.63100000001
113446,41705.62700000002
113447,41004.63300000002
113448,41720.62800000002
113449,42113.63500000002
113450,42205.62800000002
113451,43652.63000000002
113452,43633.63100000002
113453,44230.625000000015
113454,43955.61800000001
113455,44386.61900000002
113456,45545.63300000001
113457,45941.61900000001
113458,46077.62200000001
113459,45786.619000000006
113460,45041.617000000006
113461,44611.623000000014
113462,44273.623000000014
113463,43317.62500000002
113464,42683.62500000002
113465,42147.62000000001
113466,41099.61500000001
113467,41755.61500000001
113468,41107.60900000001
113469,41033.60700000002
113470,41349.607000000025
113471,40732.59300000002
113472,41450.59100000002
113473,41284.584000000024
113474,41880.58300000003
113475,41913.58800000002
113476,42047.587000000014
113477,41881.59000000002
113478,41623.59800000002
113479,42014.59500000002
113480,41526.59000000002
113481,43265.59400000002
113482,43484.59100000002
113483,44389.591000000015
113484,44599.58700000002
113485,45597.59400000002
113486,46025.592000000026
113487,45726.592000000026
113488,45983.59400000003
113489,46883.601000000024
113490,46258.61000000002
113491,45371.61200000002
113492,45485.610000000015
113493,45505.61300000002
113494,44817.60900000002
113495,43921.60900000002
113496,43189.605000000025
113497,43595.603000000025
113498,43091.61000000002
113499,42325.61600000002
113500,42744.62100000003
113501,41334.616000000016
113502,40719.62400000001
113503,40382.62100000001
113504,40550.62800000001
113505,40625.619000000006
113506,40748.61800000001
113507,40691.62200000001
113508,40715.61900000001
113509,40342.62800000001
113510,40043.61800000001
113511,41938.624000000025
113512,42114.62800000002
113513,42788.627000000015
113514,43292.62200000001
113515,44225.62500000002
113516,44352.63600000002
113517,44462.629000000015
113518,45175.62100000001
113519,45135.62400000001
113520,44458.630000000005
113521,43635.62900000001
113522,43744.62600000002
113523,42935.63500000001
113524,41701.642000000014
113525,41017.63500000002
113526,40619.63700000001
113527,40319.638000000006
113528,39979.626000000004
113529,39775.622
113530,40610.616
113531,39769.60900000001
113532,39088.61200000001
113533,39178.601
113534,38083.600000000006
113535,37486.60300000001
113536,37027.604000000014
113537,37245.59700000001
113538,36855.60600000001
113539,36770.602
113540,36431.598
113541,37332.59900000001
113542,37369.61000000001
113543,38875.591000000015
113544,39105.58700000001
113545,41256.594
113546,41090.601
113547,41066.59900000001
113548,42099.58400000001
113549,42247.583000000006
113550,41296.57800000001
113551,40857.57900000001
113552,41321.580000000016
113553,41453.57500000002
113554,40048.59000000002
113555,38777.58800000001
113556,37099.586
113557,36353.58200000001
113558,35458.57300000001
113559,35299.571
113560,35967.57700000001
113561,34842.584
113562,33291.59000000002
113563,32419.57800000002
113564,32808.57300000002
113565,31939.57000000002
113566,32608.58300000002
113567,32953.58100000001
113568,39099.566000000006
113569,38767.562000000005
113570,38628.561000000016
113571,39061.562000000005
113572,39472.554000000004
113573,39124.561
113574,39024.568
113575,39920.565
113576,40633.55900000001
113577,40283.56499999999
113578,40272.558000000005
113579,41198.55499999999
113580,38888.554000000004
113581,38584.55200000001
113582,38045.55200000002
113583,38218.557000000015
113584,37533.54900000002
113585,36430.54800000002
113586,35055.54900000001
113587,34537.53900000002
113588,34559.53700000002
113589,33791.53100000002
113590,34795.53200000002
113591,34346.54000000002
113592,34863.542000000016
113593,34398.52900000002
113594,35685.52200000001
113595,35608.52200000002
113596,36358.52000000002
113597,36819.52600000001
113598,37340.53000000001
113599,37706.52200000002
113600,38136.523000000016
113601,38642.52400000002
113602,37808.519000000015
113603,38075.52000000002
113604,38328.51800000001
113605,38904.515000000014
113606,38928.51200000002
113607,38835.515000000014
113608,38116.51800000002
113609,33035.517000000014
113610,30750.514000000017
113611,30295.51000000002
113612,30055.52100000002
113613,30279.521000000015
113614,28698.520000000015
113615,28225.513000000017
113616,27920.506000000016
113617,27520.50200000002
113618,27684.507000000016
113619,27275.519000000015
113620,28585.515000000014
113621,27539.508000000016
113622,28042.50600000002
113623,26982.50500000002
113624,27680.496000000017
113625,27085.496000000014
113626,27400.497000000014
113627,26913.501000000015
113628,27800.497000000018
113629,27783.495000000014
113630,28437.491000000013
113631,30165.48300000001
113632,28981.48500000001
113633,30029.48300000001
113634,30922.48300000001
113635,31590.48100000001
113636,31552.48200000001
113637,31738.47200000001
113638,30856.46600000001
113639,31162.464000000007
113640,29033.46100000001
113641,28544.460000000006
113642,28057.46100000001
113643,28122.45500000001
113644,26316.448000000008
113645,26599.44100000001
113646,26195.44000000001
113647,25001.44400000001
113648,24946.44500000001
113649,24942.44000000001
113650,25883.436000000012
113651,24972.43700000001
113652,26602.43900000001
113653,25984.43600000001
113654,26700.44200000001
113655,26675.44200000001
113656,26396.44200000001
113657,26886.43800000001
113658,26855.44500000001
113659,25945.450000000008
113660,27037.43900000001
113661,27359.440000000006
113662,26324.440000000006
113663,27831.443000000007
113664,28002.445000000003
113665,27997.451000000005
113666,28353.447000000007
113667,28557.441000000003
113668,27810.442000000003
113669,27786.447
113670,26533.448
113671,26090.449
113672,25218.451000000005
113673,24755.450000000004
113674,22388.453000000005
113675,22997.447000000004
113676,22607.450000000004
113677,21855.442000000006
113678,21833.436000000005
113679,21540.427000000003
113680,22160.415
113681,22137.414000000004
113682,23180.414000000004
113683,22068.408000000003
113684,23314.40400000001
113685,23478.40400000001
113686,23616.40200000001
113687,24363.40200000001
113688,23920.412000000008
113689,23694.421000000006
113690,23850.414000000004
113691,23500.423000000003
113692,23304.433
113693,22969.435
113694,22863.438000000002
113695,22544.434
113696,22620.426
113697,21854.435
113698,21551.436
113699,21767.439000000002
113700,20163.437
113701,20824.435000000005
113702,20597.435
113703,20676.437
113704,19534.441
113705,19010.436
113706,19033.434
113707,18538.435
113708,18111.435
113709,18475.43
113710,19472.425
113711,18619.422
113712,19000.419
113713,18464.425000000003
113714,19422.425000000003
113715,20947.418
113716,20903.412
113717,21596.409
113718,22186.415
113719,22005.418
113720,21935.42
113721,21495.423
113722,20679.421
113723,20857.419
113724,20606.418
113725,20428.412
113726,19776.408999999996
113727,20140.402
113728,19702.404
113729,19174.405
113730,19881.392999999996
113731,21358.377999999997
113732,21259.381999999994
113733,20644.382999999998
113734,19576.384
113735,18809.382999999998
113736,18779.382999999998
113737,18189.382999999998
113738,16747.384000000002
113739,15324.386000000002
113740,14217.390000000003
113741,12563.400000000003
113742,13011.408000000003
113743,12954.417000000005
113744,13970.424000000006
113745,14500.425000000005
113746,14960.432000000008
113747,14638.436000000009
113748,14919.442000000012
113749,15056.439000000011
113750,14943.446000000013
113751,14009.450000000015
113752,12686.457000000015
113753,12137.46900000002
113754,11254.486000000019
113755,9209.50100000002
113756,7706.52500000002
113757,4929.557000000017
113758,3786.591000000012
113759,1121.6479999999963
113760,1545.4679999999967
113761,3399.45100000002
113762,5487.439000000025
113763,7162.428000000025
113764,8385.420000000026
113765,9760.407000000027
113766,10257.402000000024
113767,11987.39000000002
113768,12722.39000000002
113769,13712.377000000017
113770,15350.37400000002
113771,14093.367000000018
113772,12630.370000000017
113773,11265.370000000014
113774,10475.370000000014
113775,10195.363000000012
113776,10260.362000000008
113777,9565.361000000006
113778,9475.360000000008
113779,9207.358000000006
113780,7317.357000000001
113781,9411.355000000003
113782,10333.346000000001
113783,11389.339000000002
113784,13151.337000000003
113785,13809.329
113786,15389.326
113787,16834.316
113788,17096.309999999998
113789,18141.301
113790,18061.306999999997
113791,18307.304999999997
113792,19677.308999999997
113793,20837.309999999998
113794,19769.32
113795,20129.321
113796,20859.32
113797,20279.321
113798,20924.318
113799,20979.314
113800,21414.317000000003
113801,19992.305
113802,19750.290999999997
113803,18080.292
113804,17420.291
113805,17660.297000000002
113806,15580.296000000002
113807,14929.301000000003
113808,15104.301000000005
113809,15269.298000000004
113810,14127.298000000004
113811,14612.296000000004
113812,13417.294000000002
113813,13227.293000000005
113814,13622.285000000003
113815,13822.277000000004
113816,14115.279000000004
113817,14508.272000000003
113818,14053.270000000004
113819,13998.265000000003
113820,13743.265000000001
113821,14813.264000000005
113822,17133.257
113823,18058.257
113824,17636.253
113825,17734.249000000003
113826,19849.245000000003
113827,19054.241
113828,19499.233000000004
113829,19674.228000000003
113830,19381.231
113831,17563.234000000004
113832,16613.232000000004
113833,16433.222000000005
113834,17591.221000000005
113835,17699.219000000005
113836,15709.215000000006
113837,16059.213000000007
113838,16442.210000000006
113839,16064.206000000006
113840,15474.203000000007
113841,15074.199000000006
113842,13899.201000000006
113843,13317.204000000007
113844,12922.205000000007
113845,13107.208000000008
113846,13515.210000000006
113847,13932.208000000006
113848,12554.208000000004
113849,12701.209000000004
113850,13121.208000000006
113851,12736.207000000006
113852,14719.205000000005
113853,16689.199000000004
113854,15894.205000000004
113855,16276.205000000005
113856,17064.206000000006
113857,16479.206000000006
113858,17669.203000000005
113859,18664.202000000005
113860,19021.206000000002
113861,19184.209000000003
113862,17839.209000000006
113863,16862.212000000003
113864,17242.215000000007
113865,18042.215000000004
113866,18047.213000000003
113867,19042.212000000003
113868,19032.214000000004
113869,19022.216000000004
113870,17685.214000000004
113871,17462.217000000004
113872,17272.217000000008
113873,17082.216000000004
113874,16269.221000000005
113875,16056.222000000005
113876,16646.219000000005
113877,15701.216000000004
113878,15519.213000000003
113879,14724.215000000002
113880,15509.214000000004
113881,14542.214000000004
113882,15712.216000000004
113883,16717.210000000003
113884,16550.206000000002
113885,16780.203
113886,16405.201
113887,17150.2
113888,17730.202
113889,18850.204
113890,19835.204
113891,20435.205
113892,19645.207000000002
113893,17871.208000000006
113894,18251.208000000002
113895,18628.208000000002
113896,19031.209000000003
113897,19801.209000000003
113898,19849.207000000002
113899,19084.206000000002
113900,18334.203
113901,18534.202
113902,18129.205
113903,19499.204
113904,19087.207000000002
113905,19097.206000000002
113906,18902.206000000002
113907,18127.205000000005
113908,18342.202000000005
113909,17162.204
113910,16727.209000000003
113911,15567.208000000004
113912,16562.208000000006
113913,17107.213000000007
113914,16917.212000000007
113915,17082.213000000003
113916,17702.209000000006
113917,17897.209000000006
113918,17697.210000000006
113919,18844.214000000007
113920,20259.209000000003
113921,20466.206000000002
113922,20266.206000000002
113923,18681.209000000003
113924,19542.201
113925,19337.2
113926,19534.198
113927,20104.201
113928,19524.203
113929,20109.202
113930,18939.204
113931,18974.200000000004
113932,19364.197
113933,19949.197
113934,19364.196000000004
113935,19782.192000000003
113936,19562.194000000003
113937,18979.195000000003
113938,19009.190000000002
113939,17847.189000000006
113940,18384.193000000003
113941,18586.190000000002
113942,18956.192000000003
113943,18926.196000000004
113944,18921.198000000004
113945,18698.202
113946,18901.203
113947,18916.2
113948,19484.2
113949,19864.2
113950,19879.199
113951,19474.201
113952,19877.199
113953,19307.199
113954,19284.202
113955,18889.203
113956,18884.204
113957,19629.207000000002
113958,19637.206000000002
113959,20587.207000000002
113960,20577.206000000002
113961,20342.207000000006
113962,19734.208000000006
113963,20512.206000000006
113964,20327.201000000005
113965,20307.202000000005
113966,20522.198000000004
113967,19524.200000000004
113968,18552.200000000008
113969,18577.196000000004
113970,18559.195000000007
113971,18579.189000000002
113972,20379.186
113973,19776.188000000002
113974,19571.191000000003
113975,20164.188000000002
113976,20559.188000000002
113977,20169.186
113978,21554.183
113979,21387.18
113980,21602.177
113981,21407.176
113982,21167.18
113983,21182.177
113984,21767.177
113985,21562.176000000003
113986,21889.18
113987,22106.181000000004
113988,22089.183000000005
113989,23254.182000000004
113990,23039.186000000005
113991,23244.184000000005
113992,22457.187000000005
113993,22662.183000000005
113994,22077.183000000005
113995,21872.186000000005
113996,21907.183000000005
113997,20127.184000000005
113998,19547.187000000005
113999,19547.188000000006
114000,18732.191000000006
114001,18552.190000000006
114002,19947.187
114003,20337.188000000002
114004,20352.187
114005,20762.187
114006,21574.187
114007,21979.183
114008,22741.189000000002
114009,21959.192000000003
114010,22339.194000000003
114011,21950.195000000003
114012,21950.195000000003
114013,21973.193000000003
114014,21568.195000000003
114015,21778.198000000004
114016,21548.202000000005
114017,22717.205000000005
114018,21938.207000000006
114019,23348.201000000005
114020,23150.206000000006
114021,23950.208000000006
114022,23786.206000000006
114023,23801.203000000005
114024,24044.200000000004
114025,24054.201000000005
114026,24639.201000000005
114027,22461.205000000005
114028,22280.206000000006
114029,22460.206000000006
114030,21340.202000000005
114031,20017.201000000005
114032,20794.208000000006
114033,21601.207000000006
114034,21583.211000000003
114035,22175.210000000003
114036,23014.212000000003
114037,22426.217000000004
114038,23001.220000000005
114039,23789.220000000005
114040,24570.222000000005
114041,24025.217000000004
114042,25056.216000000004
114043,25653.219000000005
114044,25141.216000000004
114045,25336.220000000005
114046,26050.227000000006
114047,26840.228000000006
114048,26416.232000000004
114049,26431.231000000003
114050,26132.224000000006
114051,26203.223000000005
114052,25605.225000000002
114053,25034.222000000005
114054,25680.218
114055,25506.219
114056,25737.22
114057,23849.214
114058,23234.217
114059,23631.218
114060,23311.218
114061,22947.215
114062,23869.221
114063,23906.219
114064,24112.222
114065,25718.218
114066,25568.214000000004
114067,25978.21
114068,27609.206
114069,28615.203999999998
114070,28626.208000000002
114071,27376.215000000004
114072,28569.213000000003
114073,30066.216
114074,29450.22
114075,29280.217
114076,28538.219
114077,28748.216
114078,28785.215
114079,28793.217
114080,28615.216
114081,28257.214
114082,28060.213
114083,27207.208
114084,26486.209000000003
114085,26686.208000000002
114086,27342.201
114087,26120.205
114088,24990.202
114089,24812.2
114090,24921.207000000002
114091,25120.207000000002
114092,26090.212000000003
114093,25373.212000000003
114094,24944.212000000003
114095,25155.218
114096,24965.222
114097,25382.221
114098,27431.218
114099,28075.218
114100,28630.22
114101,28142.217
114102,28197.211
114103,29115.215
114104,29175.209
114105,28976.209
114106,27808.209
114107,28753.209
114108,29338.213
114109,29581.206
114110,28988.207
114111,28853.202999999998
114112,28870.203999999998
114113,27931.201
114114,28506.203999999998
114115,28092.208
114116,29013.212
114117,28008.204999999998
114118,27229.201999999997
114119,27305.200999999997
114120,27096.206
114121,27453.211
114122,27897.202999999998
114123,27301.202999999998
114124,27394.197
114125,27014.2
114126,27072.2
114127,27659.196
114128,28819.199
114129,28206.202
114130,29374.204
114131,29034.201
114132,28880.203
114133,29858.202000000005
114134,29491.206000000002
114135,29624.199000000004
114136,28781.208000000002
114137,29747.208000000002
114138,28539.223000000005
114139,28774.226000000006
114140,28864.222000000005
114141,28694.222000000005
114142,28621.219000000005
114143,28052.222000000005
114144,28694.222000000005
114145,28028.214000000004
114146,28993.221000000005
114147,28112.218000000004
114148,27608.216000000004
114149,33718.217000000004
114150,33564.21400000001
114151,33463.222
114152,33976.215000000004
114153,33762.216
114154,34150.217000000004
114155,28896.209000000003
114156,28908.213000000003
114157,29914.216000000004
114158,30744.217000000004
114159,30077.212000000003
114160,31859.219000000005
114161,31523.217000000004
114162,30913.213000000003
114163,31656.217000000004
114164,30409.224000000006
114165,31408.225000000002
114166,30181.235000000004
114167,31311.244000000002
114168,31486.250000000004
114169,32183.254
114170,31991.256
114171,32174.253
114172,31728.261000000002
114173,31831.269000000004
114174,32983.265
114175,30988.267000000003
114176,31847.264000000003
114177,30267.264000000003
114178,29505.259000000002
114179,30229.263000000003
114180,29421.267000000003
114181,29624.266000000003
114182,29910.262000000002
114183,29546.249000000003
114184,28874.251000000004
114185,29378.256
114186,28798.258
114187,29872.261000000002
114188,30258.254000000004
114189,29168.250000000004
114190,33099.251000000004
114191,37313.245
114192,37436.240000000005
114193,38348.243
114194,37200.235
114195,37599.243
114196,36437.239
114197,37546.236000000004
114198,38120.235
114199,39224.236
114200,39135.237
114201,38988.23700000001
114202,38584.235
114203,38165.238
114204,39454.22699999999
114205,38489.224
114206,39877.217
114207,37922.214
114208,37313.20300000001
114209,37654.201
114210,37445.19900000001
114211,38063.198000000004
114212,38058.198000000004
114213,38427.197
114214,37335.195999999996
114215,37524.19200000001
114216,38281.189000000006
114217,39307.182
114218,38839.181000000004
114219,38617.170000000006
114220,39162.178
114221,38758.176999999996
114222,38965.16500000001
114223,40229.16199999999
114224,39284.157999999996
114225,40076.15299999999
114226,39129.144
114227,40464.141999999985
114228,41300.138
114229,42308.135
114230,41437.132
114231,41251.123
114232,41027.12499999999
114233,40202.127
114234,41276.12899999999
114235,40326.127
114236,41086.126
114237,39081.125
114238,38941.119000000006
114239,38753.117
114240,39206.113
114241,38549.114
114242,38423.113
114243,38167.118
114244,37939.119000000006
114245,38411.12300000001
114246,37683.123
114247,39090.121
114248,38314.122
114249,36847.119
114250,37861.119
114251,38486.115
114252,38488.115999999995
114253,38677.11699999999
114254,37249.12
114255,38071.115
114256,37110.113000000005
114257,37752.11
114258,38474.10999999999
114259,34594.106999999996
114260,33601.10799999999
114261,34586.104999999996
114262,34556.108
114263,33951.10599999999
114264,34430.11299999999
114265,34213.111
114266,35205.11
114267,33345.106
114268,32848.11
114269,32641.110000000004
114270,32783.111
114271,32195.110000000004
114272,32269.105000000003
114273,33227.101
114274,32649.100000000002
114275,32495.100000000002
114276,33447.098
114277,34477.096
114278,34660.094999999994
114279,32875.092
114280,33799.09399999999
114281,33020.097
114282,33554.1
114283,34559.09799999999
114284,34378.094
114285,34564.096
114286,33838.092
114287,34203.087999999996
114288,33803.089
114289,35182.086
114290,34332.08899999999
114291,35321.08699999999
114292,35367.085999999996
114293,34185.085
114294,35605.081
114295,34605.075999999994
114296,34995.074
114297,33785.073
114298,33574.073
114299,34160.07
114300,33765.072
114301,33575.07
114302,33355.07
114303,33350.071
114304,32890.071
114305,33565.06799999999
114306,33895.07
114307,34705.068999999996
114308,34870.07
114309,32920.07
114310,33343.069
114311,32553.071000000004
114312,32753.071000000004
114313,33956.068999999996
114314,33541.07399999999
114315,33736.07399999999
114316,32931.074
114317,33546.073
114318,34521.071
114319,36073.073000000004
114320,35868.07600000001
114321,36638.08000000001
114322,36638.081000000006
114323,36733.077000000005
114324,37718.075000000004
114325,36758.078
114326,36790.077000000005
114327,35405.076
114328,34455.076
114329,34845.077000000005
114330,34580.072
114331,34578.07200000001
114332,34973.071
114333,34843.06800000001
114334,34453.06900000001
114335,34318.06800000001
114336,34983.067
114337,35478.066000000006
114338,35708.066000000006
114339,33593.06500000001
114340,34183.064000000006
114341,33173.066000000006
114342,33008.06500000001
114343,34388.062000000005
114344,34003.062000000005
114345,34203.06100000001
114346,33443.062000000005
114347,34423.06100000001
114348,34423.062000000005
114349,35648.062000000005
114350,35893.057
114351,36278.05900000001
114352,36343.056000000004
114353,36088.058000000005
114354,37658.056000000004
114355,37523.054000000004
114356,37103.05500000001
114357,36043.058000000005
114358,35235.06
114359,35615.062
114360,35380.066
114361,35400.067
114362,35575.067
114363,34705.066
114364,34600.064
114365,35190.063
114366,36155.060000000005
114367,36685.062
114368,42785.058000000005
114369,41390.05900000001
114370,41450.057
114371,41510.054000000004
114372,41120.054000000004
114373,42145.054000000004
114374,40930.059
114375,40850.060000000005
114376,40230.062000000005
114377,40450.062000000005
114378,41015.062000000005
114379,41800.06100000001
114380,41100.062000000005
114381,42045.06300000001
114382,42470.061
114383,42445.061
114384,44005.061
114385,44235.057
114386,43475.058000000005
114387,41955.062000000005
114388,40785.062000000005
114389,41360.064000000006
114390,40975.063
114391,40735.067
114392,41160.06500000001
114393,40775.064000000006
114394,39920.06100000001
114395,40835.063
114396,41650.06100000001
114397,42245.062000000005
114398,42475.066000000006
114399,41105.067
114400,41525.067
114401,41005.064000000006
114402,40850.06100000001
114403,42195.060000000005
114404,41510.065
114405,41595.063
114406,40615.06500000001
114407,41710.062000000005
114408,41620.066000000006
114409,41610.06900000001
114410,42135.071
114411,43760.06800000001
114412,44750.065
114413,44360.065
114414,45260.061
114415,44800.060000000005
114416,44610.059
114417,43235.06100000001
114418,42310.06100000001
114419,42900.060000000005
114420,41960.058000000005
114421,41935.058000000005
114422,42520.059
114423,41025.066
114424,39920.065
114425,40470.066999999995
114426,35725.068
114427,36175.066000000006
114428,36765.065
114429,35495.061
114430,36060.061
114431,35950.05900000001
114432,35365.060000000005
114433,35905.064000000006
114434,35270.069
114435,35045.07000000001
114436,34260.07100000001
114437,34840.073000000004
114438,34875.071
114439,35435.071
114440,36220.07
114441,36870.073000000004
114442,36675.075000000004
114443,36205.072
114444,37430.066000000006
114445,37485.065
114446,37095.065
114447,35660.07000000001
114448,34845.073000000004
114449,35785.075000000004
114450,34290.081000000006
114451,34330.078
114452,35030.075000000004
114453,34510.073000000004
114454,34105.07200000001
114455,34735.068
114456,35710.068
114457,36500.066000000006
114458,37125.063
114459,35825.062
114460,36470.061
114461,36305.061
114462,36175.058
114463,37080.058
114464,37105.058
114465,36748.056000000004
114466,36298.05900000001
114467,37118.057
114468,37513.056000000004
114469,38058.05900000001
114470,39253.059
114471,39023.062
114472,39478.06
114473,38723.065
114474,39083.068
114475,38703.066000000006
114476,38058.069
114477,36953.066000000006
114478,35828.067
114479,36660.068
114480,35860.067
114481,36670.062000000005
114482,36280.062000000005
114483,36050.064000000006
114484,34990.066000000006
114485,35725.06100000001
114486,36730.060000000005
114487,37535.056000000004
114488,38690.054
114489,37200.054000000004
114490,37630.056
114491,37205.058000000005
114492,37715.054000000004
114493,38045.057
114494,38235.059
114495,38070.058
114496,37545.05699999999
114497,38385.05699999999
114498,38990.055
114499,39285.06
114500,39760.058
114501,39625.056000000004
114502,39600.057
114503,39480.057
114504,39445.062
114505,39275.062
114506,39205.064
114507,38615.062
114508,36290.064
114509,37655.064
114510,33625.064000000006
114511,34655.063
114512,34145.062000000005
114513,34730.058000000005
114514,33715.06100000001
114515,34180.060000000005
114516,34760.061
114517,34955.062000000005
114518,36805.057
114519,35430.059
114520,35960.060000000005
114521,35015.058000000005
114522,35450.058000000005
114523,35190.062
114524,35215.06199999999
114525,35040.063
114526,35065.05699999999
114527,35555.060999999994
114528,35550.062
114529,35770.062
114530,35540.062999999995
114531,35835.066999999995
114532,35115.06499999999
114533,34975.062
114534,35170.062
114535,34555.063
114536,35495.060999999994
114537,35375.056
114538,33385.058000000005
114539,33810.060000000005
114540,32840.05900000001
114541,33265.05700000001
114542,33330.06300000001
114543,33360.062000000005
114544,36640.058999999994
114545,37350.062999999995
114546,37585.06
114547,38010.058
114548,40003.054000000004
114549,38858.054000000004
114550,39528.057
114551,38613.055
114552,38278.055
114553,39393.056
114554,38608.057
114555,38448.055
114556,38193.057
114557,38358.058000000005
114558,38003.060000000005
114559,38553.058
114560,37683.058
114561,38483.058000000005
114562,37258.065
114563,37004.062
114564,37989.060000000005
114565,37999.059
114566,37974.059
114567,37709.054000000004
114568,35869.056000000004
114569,36974.059
114570,36554.06
114571,36954.059
114572,37114.062000000005
114573,37234.058000000005
114574,37399.06
114575,37789.062000000005
114576,35204.07
114577,35844.07000000001
114578,37867.066
114579,37302.062
114580,37882.062999999995
114581,37044.06599999999
114582,37014.068999999996
114583,37289.073
114584,36941.07199999999
114585,36586.070999999996
114586,36435.06799999999
114587,39244.07
114588,39144.066
114589,39404.063
114590,38507.063
114591,39097.064
114592,38987.066
114593,38557.07
114594,39102.073
114595,39267.074
114596,38842.077000000005
114597,38097.076
114598,37352.074
114599,37677.079
114600,37447.081999999995
114601,37414.084
114602,37644.083
114603,37389.085
114604,36865.081000000006
114605,37410.084
114606,38049.081000000006
114607,38439.081000000006
114608,39889.082
114609,39009.077999999994
114610,39564.08
114611,37934.085
114612,37434.08299999999
114613,38184.083999999995
114614,38565.085999999996
114615,37955.08699999999
114616,37778.087
114617,37933.091
114618,37335.089
114619,37980.087
114620,37400.087
114621,38567.09
114622,38998.085999999996
114623,38848.087
114624,39491.083999999995
114625,39674.079999999994
114626,39589.077999999994
114627,38759.078
114628,38024.079
114629,39454.07699999999
114630,39640.07699999999
114631,39509.07799999999
114632,40155.07499999999
114633,39661.07199999999
114634,38526.072
114635,39605.077999999994
114636,39210.079999999994
114637,39584.083999999995
114638,39184.085999999996
114639,37424.08900000001
114640,37812.092000000004
114641,37097.09299999999
114642,36187.098
114643,37357.100000000006
114644,37767.09900000001
114645,37377.101
114646,37030.10700000001
114647,37650.109000000004
114648,37172.113000000005
114649,37335.11500000001
114650,36309.11900000001
114651,36419.12200000001
114652,36729.12500000001
114653,36856.12200000001
114654,37521.12200000001
114655,37231.12200000001
114656,37646.123000000014
114657,36761.124
114658,37240.12
114659,39558.12
114660,39658.134
114661,40013.136999999995
114662,40418.144
114663,39828.147999999994
114664,39747.15
114665,40289.15
114666,39709.154
114667,40294.157
114668,39992.157
114669,38802.159
114670,39042.16099999999
114671,36478.16199999999
114672,35258.168
114673,36633.17099999998
114674,36798.17699999998
114675,35714.186
114676,35619.188
114677,35729.192
114678,36319.189
114679,36978.18699999999
114680,36957.18799999999
114681,36767.19199999998
114682,36867.190999999984
114683,36505.19199999999
114684,35373.195
114685,36329.196999999986
114686,36769.196999999986
114687,37012.19999999998
114688,36287.20499999999
114689,37038.202999999994
114690,37448.20299999999
114691,37148.208999999995
114692,38259.210999999996
114693,37089.216
114694,37315.219
114695,37495.223
114696,36380.225
114697,37165.224
114698,36835.224
114699,34871.23099999999
114700,34873.23499999999
114701,34760.238
114702,33917.240000000005
114703,35733.238
114704,37033.231999999996
114705,36621.227999999996
114706,37056.229999999996
114707,36386.234
114708,37006.237
114709,36879.236
114710,36613.236
114711,42690.236000000004
114712,42605.236
114713,44575.239
114714,43845.240000000005
114715,44648.240000000005
114716,44314.241
114717,45366.242000000006
114718,44920.248
114719,45939.25
114720,45753.254
114721,45847.258
114722,45941.258
114723,44734.263
114724,44963.26
114725,43838.268000000004
114726,43978.273
114727,44171.278
114728,44755.279
114729,43814.288
114730,43604.293
114731,43341.3
114732,43135.29700000001
114733,44242.299
114734,44281.307
114735,44896.313
114736,45475.314000000006
114737,45834.310000000005
114738,46498.311
114739,46465.311
114740,46022.315
114741,47163.317
114742,46941.32
114743,46362.323
114744,45674.322
114745,46155.327000000005
114746,46351.326
114747,46809.33500000001
114748,40756.336
114749,41718.332
114750,41449.33
114751,41228.327
114752,40819.329
114753,39941.335
114754,40998.332
114755,40820.336
114756,39771.33900000001
114757,38832.34500000001
114758,36746.35400000001
114759,36153.358
114760,37288.355
114761,37075.35999999999
114762,36240.361999999994
114763,37704.363999999994
114764,38060.365999999995
114765,37647.36899999999
114766,38560.365
114767,38681.363000000005
114768,38241.365000000005
114769,38194.365000000005
114770,37681.36200000001
114771,38553.367000000006
114772,38816.37300000001
114773,38063.37700000001
114774,37626.38100000001
114775,38536.37900000001
114776,38297.386
114777,39077.39
114778,37802.39000000001
114779,38849.393000000004
114780,39436.398
114781,39163.398
114782,38488.40700000001
114783,37811.41100000001
114784,38606.417
114785,38508.409
114786,38147.406
114787,37888.406
114788,39144.419
114789,38781.427
114790,39630.428
114791,39370.439
114792,38637.44
114793,40013.439999999995
114794,40490.445
114795,40900.448000000004
114796,41224.455
114797,40999.462
114798,40958.468
114799,40470.469
114800,39852.46600000001
114801,40586.47000000001
114802,41784.456000000006
114803,41581.44900000001
114804,40503.452000000005
114805,40297.45800000001
114806,39775.45700000002
114807,40083.472000000016
114808,39400.47200000001
114809,40912.477000000006
114810,41239.48
114811,40771.48900000001
114812,40885.489000000016
114813,41175.48500000001
114814,41857.48600000001
114815,41206.49000000001
114816,41860.48800000001
114817,41420.49200000001
114818,42173.498000000014
114819,41334.50500000001
114820,41862.504000000015
114821,41662.50500000002
114822,40395.510000000024
114823,40956.515000000014
114824,40986.52200000002
114825,41810.52600000002
114826,42826.51800000002
114827,44042.519000000015
114828,43739.523000000016
114829,42349.532000000014
114830,42309.52800000002
114831,42828.53000000001
114832,43508.524000000005
114833,42248.531
114834,41505.53
114835,41394.533
114836,40781.526000000005
114837,40308.532
114838,39440.534999999996
114839,41309.527
114840,42200.53300000002
114841,43119.52800000001
114842,43633.52600000002
114843,43035.53800000001
114844,43196.54400000001
114845,42557.55200000001
114846,42541.55500000001
114847,41865.56300000001
114848,43138.562000000005
114849,42537.55800000001
114850,42605.56400000001
114851,41884.56200000001
114852,40124.56400000002
114853,41257.57300000002
114854,42342.572000000015
114855,42476.57400000001
114856,43395.57100000001
114857,44867.56500000002
114858,45209.56000000003
114859,44827.570000000014
114860,43125.57900000002
114861,43291.58000000002
114862,43192.58900000001
114863,42854.58300000001
114864,42362.58500000002
114865,42114.597000000016
114866,41915.60100000002
114867,41802.600000000006
114868,40428.60200000001
114869,41824.60800000001
114870,42944.61300000001
114871,44236.61100000001
114872,45079.608000000015
114873,45114.61200000001
114874,44498.61100000001
114875,43951.62200000001
114876,43738.62900000001
114877,43194.63100000001
114878,43970.636000000006
114879,43621.63500000001
114880,43780.63700000001
114881,43571.63300000001
114882,42065.64000000001
114883,42614.646000000015
114884,43600.648
114885,43856.656
114886,43424.665
114887,43712.66
114888,43907.661
114889,42884.66
114890,42227.65000000001
114891,40966.64900000001
114892,40411.64400000001
114893,40636.638000000006
114894,40501.64200000001
114895,41383.63800000001
114896,40646.63800000001
114897,40838.63700000001
114898,39501.64400000001
114899,40748.64800000001
114900,41259.644000000015
114901,47436.64100000002
114902,47946.65300000002
114903,48054.644000000015
114904,47532.65200000002
114905,47409.65300000002
114906,47961.66100000002
114907,47852.663000000015
114908,48226.663000000015
114909,42666.653000000006
114910,43178.654
114911,43336.65500000001
114912,42076.64700000001
114913,42153.653000000006
114914,42578.65600000001
114915,42452.65900000001
114916,41946.66300000001
114917,42331.661
114918,42802.66200000001
114919,41843.66800000002
114920,41240.67200000001
114921,40269.66800000002
114922,40620.66800000002
114923,40125.66200000002
114924,40199.67200000002
114925,40718.67300000002
114926,38996.68100000002
114927,39819.682000000015
114928,38699.68800000001
114929,39739.68300000001
114930,39392.66700000001
114931,40115.663000000015
114932,41170.66500000001
114933,41589.667000000016
114934,40774.65900000001
114935,40327.66000000001
114936,41368.65600000001
114937,41717.65600000002
114938,42199.65800000001
114939,41980.646000000015
114940,41666.65700000002
114941,41253.66500000001
114942,40848.65800000001
114943,41629.65500000002
114944,42239.65900000002
114945,42459.656000000025
114946,41491.661000000015
114947,41104.64800000001
114948,41991.649000000005
114949,41223.652
114950,41330.648
114951,41755.64300000001
114952,41798.64700000001
114953,41142.63700000002
114954,41740.64500000002
114955,42385.640000000014
114956,41194.640000000014
114957,41701.63900000002
114958,40158.648000000016
114959,41384.63800000001
114960,41563.637000000024
114961,42075.626000000026
114962,41469.63300000002
114963,41774.63500000002
114964,40260.64400000001
114965,39879.65200000002
114966,40196.65600000001
114967,40312.64700000002
114968,40421.64900000002
114969,39658.63900000002
114970,39725.64100000001
114971,38153.644000000015
114972,37611.64200000001
114973,38418.638000000006
114974,37888.63500000002
114975,37478.63300000001
114976,37737.62700000001
114977,36879.631
114978,37611.633000000016
114979,36911.63300000001
114980,36995.623000000014
114981,36958.62900000001
114982,37525.61800000002
114983,36128.617000000006
114984,37694.607
114985,38433.59500000001
114986,37488.59000000001
114987,38152.59000000002
114988,36891.595000000016
114989,38221.58000000001
114990,37934.57100000002
114991,38639.565000000024
114992,38863.571000000025
114993,39081.56400000003
114994,38191.56900000003
114995,36585.57700000002
114996,36256.57100000002
114997,35531.57400000002
114998,35965.57200000002
114999,35293.569000000025
115000,34959.56100000002
115001,34109.56100000001
115002,33554.56300000002
115003,33628.557000000015
115004,32590.56400000003
115005,32748.569000000032
115006,33406.561000000016
115007,32783.567000000025
115008,32460.570000000025
115009,32001.55900000003
115010,32389.55900000003
115011,32420.55700000003
115012,32130.557000000026
115013,32496.559000000027
115014,33546.55900000002
115015,34721.560000000005
115016,34170.56200000001
115017,35150.558000000005
115018,34383.560999999994
115019,35536.557
115020,34609.56000000001
115021,34533.555
115022,33964.56000000001
115023,33700.55900000001
115024,32604.562000000024
115025,31605.567000000025
115026,31532.560000000023
115027,31955.556000000022
115028,31892.564000000024
115029,31499.570000000025
115030,31267.570000000025
115031,31776.561000000023
115032,31463.56500000002
115033,31588.56500000002
115034,31030.561000000027
115035,30429.56900000002
115036,30769.56400000002
115037,29898.564000000024
115038,29941.558000000023
115039,29455.558000000023
115040,29810.546000000028
115041,29161.54400000002
115042,28240.55000000002
115043,28262.55700000002
115044,29372.55500000002
115045,31256.553000000018
115046,31647.55800000002
115047,32511.555000000015
115048,32165.548000000017
115049,32442.54200000002
115050,31471.528000000017
115051,31290.53800000002
115052,31661.53200000002
115053,30495.53100000002
115054,29978.52400000002
115055,28466.51300000002
115056,27914.52700000002
115057,28063.53000000002
115058,29115.519000000022
115059,29711.52400000002
115060,30308.52100000002
115061,29917.52800000002
115062,29184.524000000016
115063,29941.517000000018
115064,29513.516000000018
115065,29242.529000000017
115066,28415.52600000002
115067,27754.515000000018
115068,27313.51600000002
115069,26566.50900000002
115070,26673.502000000022
115071,30986.50700000002
115072,31306.497000000025
115073,30855.50100000002
115074,31456.497000000018
115075,32334.499000000018
115076,32720.491000000016
115077,32317.496000000014
115078,31556.490000000016
115079,31884.490000000016
115080,31554.482000000015
115081,32289.472000000012
115082,27346.471000000012
115083,27499.466000000015
115084,27462.459000000017
115085,26835.451000000023
115086,27390.45000000002
115087,28053.45000000002
115088,28556.45600000002
115089,28834.458000000017
115090,28959.448000000015
115091,28605.451000000015
115092,28213.44700000002
115093,27957.445000000018
115094,27989.44300000002
115095,28965.43700000002
115096,28189.42800000002
115097,26738.43500000002
115098,26169.43200000002
115099,25323.42900000002
115100,25623.429000000015
115101,24839.431000000015
115102,24254.440000000013
115103,23551.442000000017
115104,23385.45000000001
115105,22845.446000000014
115106,22611.45900000001
115107,22757.457000000013
115108,22756.45500000001
115109,23865.44300000001
115110,23595.44700000001
115111,24885.43600000001
115112,26056.43800000001
115113,26248.43500000001
115114,25782.433000000008
115115,25671.43800000001
115116,25089.443000000007
115117,25989.436000000005
115118,25547.433000000005
115119,25114.42400000001
115120,24801.427000000007
115121,24194.426000000007
115122,22755.427000000007
115123,22660.431000000008
115124,23208.419000000005
115125,23238.422000000006
115126,23408.420000000006
115127,21975.41900000001
115128,21951.42000000001
115129,22414.416000000005
115130,22525.415000000005
115131,21938.422000000006
115132,21827.419000000005
115133,21433.412000000008
115134,21068.410000000007
115135,20344.413000000008
115136,21250.408000000003
115137,21915.406000000006
115138,22524.40000000001
115139,22535.391000000007
115140,20522.396000000008
115141,20994.396000000008
115142,20507.403000000006
115143,20393.395000000004
115144,19884.403000000002
115145,20222.4
115146,19751.401
115147,19736.394
115148,18793.402000000006
115149,18181.400000000005
115150,19173.403000000002
115151,18249.398000000005
115152,19038.392000000003
115153,19735.387000000002
115154,20101.386000000002
115155,20954.383
115156,20821.382
115157,19714.382
115158,20008.378
115159,20397.386000000002
115160,20095.379
115161,20230.379
115162,19766.377
115163,18998.37
115164,18845.376
115165,18531.369000000002
115166,19643.358000000004
115167,19061.368
115168,19360.36
115169,20624.343
115170,20683.34
115171,20489.342
115172,19480.344
115173,18339.346999999998
115174,17816.349000000002
115175,17347.347
115176,15849.353000000003
115177,16049.366000000005
115178,15730.359000000002
115179,13049.362000000003
115180,12643.367000000004
115181,12234.368000000002
115182,13473.365000000003
115183,13814.362000000005
115184,13891.368000000004
115185,14547.376000000006
115186,14924.378000000006
115187,14601.388000000008
115188,14706.39700000001
115189,15265.412000000011
115190,15418.41800000001
115191,14312.426000000012
115192,12996.443000000014
115193,11973.457000000013
115194,11215.470000000014
115195,10467.486000000014
115196,8730.510000000018
115197,6386.531000000012
115198,3873.5640000000144
115199,1186.6099999999965
115200,1935.4419999999961
115201,3830.4330000000205
115202,4869.430000000025
115203,5994.418000000024
115204,7139.4060000000245
115205,7574.403000000022
115206,8677.397000000023
115207,10197.394000000022
115208,10792.39200000002
115209,11327.385000000018
115210,14037.377000000017
115211,13292.369000000015
115212,12692.372000000016
115213,13027.368000000011
115214,12807.36000000001
115215,13400.355000000009
115216,12670.355000000007
115217,11920.359000000008
115218,11625.363000000007
115219,12001.363000000003
115220,9856.365000000003
115221,10351.366000000002
115222,12338.354000000001
115223,13696.352
115224,15591.34
115225,17491.328
115226,19551.319
115227,19826.314
115228,20611.311999999998
115229,20936.306999999997
115230,21556.306999999997
115231,22881.309999999998
115232,21281.316
115233,20446.318999999996
115234,18961.329999999998
115235,17941.332
115236,17579.327999999998
115237,18701.328999999998
115238,19256.333
115239,18571.34
115240,18529.325
115241,17794.325
115242,18359.317
115243,18429.310999999998
115244,18671.305000000004
115245,16831.313000000002
115246,17611.306
115247,16599.306000000004
115248,15964.304000000004
115249,16142.308000000003
115250,16882.306000000004
115251,16577.298000000003
115252,16887.29
115253,16827.292
115254,16450.288
115255,18590.279000000002
115256,19020.268
115257,18462.264000000003
115258,18517.258
115259,18164.259000000002
115260,17757.258
115261,19077.252
115262,18672.246
115263,18447.239999999998
115264,17572.24
115265,15935.234000000002
115266,15303.234000000002
115267,15898.228000000003
115268,17073.223
115269,16898.221
115270,16168.224000000002
115271,14928.227000000003
115272,15493.221000000003
115273,16450.214000000004
115274,16975.212000000003
115275,17408.198
115276,18406.193
115277,17940.194000000003
115278,17348.188000000002
115279,18058.192000000006
115280,19198.188000000002
115281,19383.187000000005
115282,19804.185
115283,19024.186
115284,18467.185000000005
115285,18859.184000000005
115286,18897.181
115287,18322.182
115288,18567.177000000003
115289,17574.179000000004
115290,17199.180000000004
115291,17787.181000000004
115292,17414.178000000004
115293,17092.175000000003
115294,17102.174000000003
115295,17502.173000000003
115296,17299.179000000004
115297,17701.179000000004
115298,17506.179000000004
115299,17296.183000000005
115300,16911.184
115301,16334.183000000003
115302,17109.184000000005
115303,18279.185
115304,17856.193000000003
115305,18086.190000000002
115306,17508.190000000002
115307,17116.189000000002
115308,17511.188000000002
115309,18861.191000000003
115310,19279.191000000003
115311,18479.193000000003
115312,19667.190000000002
115313,17887.194
115314,17897.194
115315,17517.193000000003
115316,18499.192
115317,18924.189000000002
115318,18544.189000000002
115319,17769.188000000002
115320,18554.186
115321,18734.189000000002
115322,17764.188000000002
115323,18139.191000000003
115324,18362.184
115325,17732.19
115326,17917.191
115327,17927.191
115328,19312.185999999998
115329,18507.186999999998
115330,17509.189000000002
115331,17304.191000000003
115332,18674.19
115333,20054.186999999998
115334,20254.186999999998
115335,20229.189
115336,20442.186999999998
115337,19667.186999999998
115338,18837.196
115339,19817.194
115340,20809.19
115341,20384.194
115342,20969.192
115343,20204.188
115344,20009.189
115345,19969.192
115346,20151.193
115347,19953.193
115348,18933.199
115349,18130.204
115350,18933.2
115351,19126.202
115352,17974.202
115353,18784.197
115354,17427.197
115355,17137.206000000002
115356,17347.206000000002
115357,17172.203000000005
115358,18757.199
115359,18717.2
115360,18727.199
115361,18319.201000000005
115362,19892.2
115363,21457.199
115364,22252.197
115365,22234.198
115366,22634.197
115367,21449.198
115368,21459.198
115369,22786.201
115370,22774.201
115371,22194.2
115372,22764.199
115373,21194.201
115374,21584.201
115375,21209.202
115376,21027.2
115377,21012.203
115378,20067.201
115379,19052.205
115380,19852.203
115381,19874.201
115382,19309.199
115383,19486.201
115384,19069.203
115385,19284.201
115386,19497.199
115387,20087.199
115388,21062.199
115389,20677.198
115390,19879.199
115391,20264.198
115392,21819.199
115393,23006.198
115394,23394.199
115395,23004.198
115396,22649.193
115397,20681.194
115398,20246.199
115399,21616.198000000004
115400,22411.195000000003
115401,22629.192000000003
115402,23414.191000000003
115403,22602.193000000003
115404,22404.193000000003
115405,22042.189000000002
115406,22812.191000000003
115407,22587.191000000003
115408,21147.199000000004
115409,20562.200000000004
115410,21942.195000000003
115411,21207.191000000003
115412,20424.193000000003
115413,20629.191000000003
115414,19821.191000000003
115415,19793.193000000003
115416,20386.190000000002
115417,21161.191000000003
115418,21746.189000000002
115419,21171.186
115420,20464.18
115421,20857.180000000004
115422,21882.172000000002
115423,22842.173000000003
115424,23572.176000000003
115425,22994.173000000003
115426,22604.172000000002
115427,21429.168
115428,21447.166
115429,22752.170000000002
115430,24474.173000000003
115431,23714.171000000002
115432,23494.174000000003
115433,23474.173000000003
115434,22879.174000000003
115435,22659.173000000003
115436,22849.176000000003
115437,21854.179000000004
115438,20299.185000000005
115439,21155.179000000004
115440,21155.181000000004
115441,20583.183000000005
115442,21381.183
115443,21758.183
115444,21748.189000000002
115445,20935.191000000003
115446,22310.191000000003
115447,22489.194000000003
115448,22872.196000000004
115449,22269.200000000004
115450,21899.198000000004
115451,22469.198000000004
115452,21869.200000000004
115453,22418.202000000005
115454,22451.202
115455,22497.2
115456,22342.198
115457,21973.193
115458,21839.191000000003
115459,21439.194000000003
115460,23194.195
115461,21799.196000000004
115462,22576.196000000004
115463,22234.195000000003
115464,21616.199000000004
115465,22403.196000000004
115466,22787.197000000004
115467,22189.202000000005
115468,21262.197000000004
115469,22072.196000000004
115470,22502.197
115471,22956.193000000003
115472,23517.194000000003
115473,24079.195000000003
115474,23451.201000000005
115475,22936.201
115476,24327.201
115477,24585.194000000003
115478,25806.192000000003
115479,25819.191000000003
115480,24487.191000000003
115481,24886.189000000002
115482,24293.193000000003
115483,24663.198000000004
115484,24858.200000000004
115485,24170.197000000004
115486,24293.2
115487,24939.198
115488,24319.203
115489,24823.197
115490,27173.196
115491,26007.199
115492,26588.201
115493,25682.196
115494,25683.195
115495,25945.188
115496,26130.192
115497,25545.199000000004
115498,24130.206000000002
115499,24584.203
115500,26118.207000000002
115501,25739.204
115502,25385.205
115503,26164.207000000002
115504,26015.202
115505,25028.205
115506,26040.205
115507,24866.205
115508,25629.208000000002
115509,25901.203
115510,25788.2
115511,26588.199
115512,26021.201
115513,26652.202
115514,26857.208000000002
115515,25292.213000000003
115516,25141.209000000003
115517,26618.210000000003
115518,26634.209000000003
115519,27226.210000000003
115520,29155.213
115521,28805.214000000004
115522,29983.215000000004
115523,28832.216000000004
115524,27524.212000000003
115525,26504.219000000005
115526,27080.211000000003
115527,27526.207000000002
115528,26343.209000000003
115529,27140.206000000002
115530,27754.203
115531,27552.208000000002
115532,26572.209000000003
115533,26759.213
115534,26567.212000000003
115535,25884.210000000003
115536,25680.208000000002
115537,24107.213000000003
115538,25522.206000000002
115539,25407.206000000002
115540,24409.207000000002
115541,26251.200000000004
115542,25836.198000000004
115543,25666.198000000004
115544,25872.198000000004
115545,26071.201000000005
115546,25436.203
115547,26996.204
115548,27822.203
115549,27814.198
115550,30206.193000000003
115551,29684.199
115552,30716.197000000004
115553,30006.194000000003
115554,28757.188000000002
115555,28526.189000000002
115556,27782.189000000006
115557,28130.190000000006
115558,27429.183000000005
115559,28264.182000000004
115560,28865.179000000004
115561,28477.183
115562,28093.181
115563,29249.178000000004
115564,29925.170000000002
115565,29183.164
115566,29204.162
115567,28199.161000000004
115568,28393.162000000004
115569,27907.170000000002
115570,26694.181000000004
115571,28635.186000000005
115572,33214.182
115573,32984.189
115574,33189.193
115575,32010.195000000003
115576,31033.200000000004
115577,32193.204
115578,32095.199000000004
115579,31643.202
115580,33969.206000000006
115581,35195.205
115582,36326.213
115583,35309.221000000005
115584,33665.23
115585,33791.238000000005
115586,33238.232
115587,36320.235
115588,30377.231000000003
115589,31448.233000000004
115590,33059.235
115591,33158.234
115592,33415.23
115593,33891.233
115594,32900.234
115595,32659.231000000003
115596,33234.232
115597,31827.239000000005
115598,32632.242000000002
115599,32293.243000000002
115600,30952.245000000003
115601,31719.247000000003
115602,30125.253000000004
115603,30696.254000000004
115604,31093.257000000005
115605,30246.257000000005
115606,29472.260000000006
115607,31397.266000000003
115608,31936.265000000003
115609,32368.266000000003
115610,33532.271
115611,32568.279000000006
115612,34120.278000000006
115613,34224.273
115614,33634.273
115615,34140.267
115616,33368.265
115617,33523.264
115618,32763.264000000003
115619,33769.258
115620,30509.260000000006
115621,30167.250000000004
115622,29986.251000000004
115623,30353.253000000004
115624,29986.253000000004
115625,30603.246000000003
115626,33068.255000000005
115627,32448.250000000004
115628,32402.254000000004
115629,32116.252000000004
115630,31388.248000000003
115631,33098.248
115632,31504.254000000004
115633,31487.257000000005
115634,31604.257
115635,31910.262000000002
115636,31902.255000000005
115637,33484.247
115638,34950.236999999994
115639,35092.23699999999
115640,36393.234999999986
115641,36422.22799999999
115642,38334.22199999999
115643,38296.21799999999
115644,37142.21199999999
115645,37367.204
115646,36580.202999999994
115647,37228.200000000004
115648,35823.198
115649,37696.195
115650,36886.197
115651,35670.197
115652,35060.194
115653,34857.197
115654,35069.187000000005
115655,35324.182
115656,36155.172
115657,34328.166
115658,34438.161
115659,33779.161
115660,32820.154
115661,34536.15
115662,32531.144000000004
115663,30409.145000000004
115664,30528.149000000005
115665,31125.146000000004
115666,31338.144000000004
115667,33045.143000000004
115668,34014.14
115669,34046.133
115670,35069.132000000005
115671,34524.118
115672,35590.119
115673,35233.114
115674,37289.115000000005
115675,37456.115000000005
115676,36226.119999999995
115677,36927.125
115678,35546.122
115679,35990.119
115680,34568.115000000005
115681,33583.116
115682,33385.12
115683,33970.119000000006
115684,33766.119000000006
115685,33527.114
115686,34458.116
115687,32502.115000000005
115688,32536.114
115689,32054.114
115690,31182.111
115691,32363.112
115692,30666.109
115693,31026.108000000004
115694,31431.108000000007
115695,31894.114000000005
115696,31524.114000000005
115697,33083.111000000004
115698,33713.105
115699,33722.107
115700,35631.106999999996
115701,34676.105
115702,37095.1
115703,35927.09900000001
115704,35806.102000000006
115705,35792.10300000001
115706,34589.102
115707,35634.097
115708,35063.094
115709,36078.087
115710,36148.081
115711,35974.081
115712,36185.081999999995
115713,37125.084
115714,36960.082
115715,35969.082
115716,37130.081
115717,32645.083000000006
115718,33239.081000000006
115719,31880.082000000006
115720,30718.07600000001
115721,32053.078000000005
115722,30421.080000000005
115723,30822.079000000005
115724,30855.078000000005
115725,32003.080000000005
115726,32001.077000000005
115727,31763.079000000005
115728,30793.082000000006
115729,32593.078000000005
115730,34103.077000000005
115731,33012.081
115732,34117.081999999995
115733,32777.079000000005
115734,32552.08
115735,32749.08
115736,31397.081000000006
115737,32588.07600000001
115738,32068.072000000007
115739,38741.06800000001
115740,38766.06800000001
115741,37996.064000000006
115742,39311.063
115743,40146.062
115744,40031.061
115745,39086.060000000005
115746,40441.063
115747,39141.060000000005
115748,34586.062
115749,33806.062999999995
115750,32663.065000000006
115751,34213.067
115752,32558.063000000006
115753,32438.069000000007
115754,32303.067000000006
115755,33543.063
115756,34123.06300000001
115757,34153.063
115758,34173.065
115759,33818.064000000006
115760,34743.064000000006
115761,33188.063
115762,34478.063
115763,33758.056
115764,33698.059
115765,33885.063
115766,33170.060000000005
115767,34175.059
115768,33195.063
115769,33805.063
115770,33835.062
115771,33650.06
115772,33115.061
115773,35070.06
115774,35433.06
115775,35498.057
115776,36483.055
115777,35638.058000000005
115778,36138.056
115779,35578.057
115780,35638.055
115781,37588.055
115782,34618.059
115783,34953.060000000005
115784,35038.058000000005
115785,36065.058999999994
115786,36660.058
115787,36655.06
115788,36940.058
115789,36600.06
115790,34335.058
115791,33625.056000000004
115792,35230.05699999999
115793,34095.054000000004
115794,33905.05300000001
115795,34165.05
115796,33350.052
115797,33740.052
115798,33045.054000000004
115799,33405.055
115800,32415.058000000008
115801,31640.057000000008
115802,32025.058000000005
115803,33530.05900000001
115804,34150.058000000005
115805,33370.05900000001
115806,36000.060999999994
115807,35270.060999999994
115808,35980.057
115809,35560.058
115810,35325.060999999994
115811,36685.062
115812,34990.060000000005
115813,35575.060999999994
115814,35865.05699999999
115815,36655.055
115816,37635.054
115817,38620.051999999996
115818,38645.05499999999
115819,38840.05499999999
115820,38730.053
115821,37330.05500000001
115822,38640.056000000004
115823,36915.05500000001
115824,36755.054000000004
115825,36430.052
115826,34910.05500000001
115827,34710.05500000001
115828,33965.05300000001
115829,34295.057
115830,34005.061
115831,33195.064000000006
115832,33395.064000000006
115833,34660.061
115834,35240.062000000005
115835,34655.062000000005
115836,35900.058000000005
115837,33930.062000000005
115838,33935.061
115839,33765.06100000001
115840,33895.064000000006
115841,35885.062000000005
115842,33390.064000000006
115843,34825.060000000005
115844,35825.05900000001
115845,36245.058000000005
115846,37045.05900000001
115847,37985.062000000005
115848,38765.062000000005
115849,38605.062000000005
115850,38455.05900000001
115851,37440.063
115852,38580.064000000006
115853,36995.065
115854,36630.065
115855,36825.065
115856,35085.06800000001
115857,35495.072
115858,35285.07000000001
115859,35245.07300000001
115860,35375.07600000001
115861,34395.07800000001
115862,35175.079000000005
115863,36200.075000000004
115864,36725.077000000005
115865,36170.078
115866,36415.079000000005
115867,35445.077000000005
115868,34865.077000000005
115869,34695.07800000001
115870,33450.07400000001
115871,34990.073000000004
115872,33465.07100000001
115873,35010.069
115874,34585.07200000001
115875,34850.06800000001
115876,35910.06700000001
115877,36890.066000000006
115878,37540.06300000001
115879,37590.06300000001
115880,43220.065
115881,42655.066000000006
115882,43770.064
115883,42245.062000000005
115884,41820.065
115885,39510.06700000001
115886,38725.06900000001
115887,38950.07000000001
115888,38950.07000000001
115889,39785.065
115890,39370.06700000001
115891,38765.066000000006
115892,39875.07100000001
115893,41300.069
115894,41425.064
115895,40810.061
115896,41370.061
115897,40020.06
115898,38925.05900000001
115899,39525.05700000001
115900,38405.05900000001
115901,39995.058000000005
115902,37875.058000000005
115903,38075.05700000001
115904,38945.05500000001
115905,43760.06000000001
115906,44570.05900000001
115907,45770.058000000005
115908,46235.05300000001
115909,46230.05400000001
115910,46595.05400000001
115911,45855.05100000001
115912,47030.05000000001
115913,44955.05500000001
115914,44565.05500000001
115915,44765.054000000004
115916,44010.054000000004
115917,45180.05
115918,47455.051
115919,47455.051
115920,48110.053
115921,47300.054000000004
115922,48650.05300000001
115923,49785.051
115924,50310.05200000001
115925,49745.055
115926,50615.058000000005
115927,48875.06000000001
115928,48255.063
115929,48415.06100000001
115930,47155.060000000005
115931,48545.060000000005
115932,46855.05700000001
115933,42495.05900000001
115934,42745.061
115935,42155.062000000005
115936,42780.05900000001
115937,43215.05900000001
115938,43580.06000000001
115939,44040.057000000015
115940,44525.058000000005
115941,42595.063
115942,44405.06200000001
115943,42980.06500000001
115944,44130.06100000001
115945,43445.062000000005
115946,42885.06600000001
115947,44080.067
115948,43965.07000000001
115949,44380.07000000001
115950,44210.071
115951,43410.069
115952,43195.078
115953,44090.075000000004
115954,44650.073000000004
115955,45435.072
115956,45275.07000000001
115957,44305.06900000002
115958,43345.07100000001
115959,42485.072000000015
115960,41735.07100000001
115961,42985.07000000001
115962,35380.069
115963,36745.06500000001
115964,37020.064000000006
115965,37015.06500000001
115966,38230.06100000001
115967,38165.05500000001
115968,38495.056000000004
115969,38875.058000000005
115970,39150.05600000001
115971,38440.05100000001
115972,40055.054000000004
115973,38515.05500000001
115974,37265.06100000001
115975,36885.05900000001
115976,36525.062000000005
115977,37815.063
115978,38605.06100000001
115979,38485.06500000001
115980,39540.059
115981,39410.056000000004
115982,39670.055
115983,40085.054000000004
115984,40220.056000000004
115985,41230.054000000004
115986,40475.054000000004
115987,39635.056000000004
115988,39430.057
115989,38470.05900000001
115990,35075.06300000001
115991,39030.05900000001
115992,37015.062000000005
115993,37610.060000000005
115994,38255.05900000001
115995,37680.06100000001
115996,38290.06100000001
115997,38395.06500000001
115998,38120.07100000001
115999,37920.07300000001
116000,37710.07600000001
116001,36740.07500000001
116002,37350.077000000005
116003,36740.077000000005
116004,36450.07200000001
116005,35080.07300000001
116006,34200.07800000001
116007,35370.07800000001
116008,35557.077000000005
116009,35242.073000000004
116010,36174.073000000004
116011,36834.069
116012,37444.069
116013,38084.069
116014,37729.069
116015,39544.069
116016,38894.073000000004
116017,37539.072
116018,37414.068999999996
116019,38234.067
116020,36769.065
116021,35709.066
116022,34764.066000000006
116023,34709.068
116024,34729.07
116025,34214.075000000004
116026,36489.076
116027,36454.07800000001
116028,36849.079
116029,37719.08000000001
116030,37554.08000000001
116031,35343.082
116032,35967.082
116033,35398.081000000006
116034,34621.08000000001
116035,34788.081000000006
116036,34066.07800000001
116037,34831.081000000006
116038,35011.07500000001
116039,33186.08000000001
116040,34581.07900000001
116041,35036.08000000001
116042,35426.08000000001
116043,36025.08000000001
116044,37390.08000000001
116045,38604.079000000005
116046,38607.07800000001
116047,37841.07800000001
116048,37239.077000000005
116049,37784.08000000001
116050,36400.073000000004
116051,38755.071
116052,37385.07400000001
116053,37320.077000000005
116054,37280.081000000006
116055,37685.081000000006
116056,36425.079000000005
116057,36495.075000000004
116058,39413.073000000004
116059,39631.07200000001
116060,38986.07000000001
116061,36972.077
116062,38010.07600000001
116063,37228.07500000001
116064,36448.07500000001
116065,35847.075000000004
116066,35702.07
116067,36041.07200000001
116068,36008.074
116069,34888.074
116070,36074.075000000004
116071,35635.08000000001
116072,35825.081
116073,36970.083000000006
116074,37549.083000000006
116075,37945.086
116076,38090.08800000001
116077,36221.098000000005
116078,35490.09700000001
116079,36227.09800000001
116080,35089.09600000001
116081,36288.09900000001
116082,35139.09800000001
116083,35789.100000000006
116084,36425.100000000006
116085,37614.098
116086,38611.10199999999
116087,38151.10899999999
116088,39176.11299999999
116089,39496.11999999999
116090,40242.121999999996
116091,39356.119
116092,40381.119
116093,39671.12099999999
116094,38678.126
116095,37753.136000000006
116096,36428.138999999996
116097,36783.143
116098,37029.143
116099,35299.145
116100,35849.148
116101,36214.153
116102,36059.153
116103,36264.15700000001
116104,35919.16100000001
116105,36580.16100000001
116106,37061.161
116107,36425.163
116108,34890.164
116109,34989.163
116110,33316.162000000004
116111,33971.166000000005
116112,34206.16500000001
116113,33926.164000000004
116114,34728.163
116115,35373.169
116116,36255.167
116117,36307.16500000001
116118,37326.16500000001
116119,38940.164000000004
116120,37290.168000000005
116121,36495.169
116122,37083.168999999994
116123,36893.171
116124,38921.16899999999
116125,38018.174
116126,37215.178
116127,38452.182
116128,39171.189
116129,38645.19
116130,39436.193
116131,40784.19
116132,40264.191999999995
116133,41270.19
116134,42298.2
116135,42056.205
116136,42188.20300000001
116137,41346.201
116138,40741.19699999999
116139,39956.193
116140,38062.193
116141,39155.191000000006
116142,39062.19900000001
116143,38682.202000000005
116144,38954.19900000001
116145,38862.206000000006
116146,39507.208
116147,38741.212999999996
116148,38283.217
116149,39281.218
116150,39812.221
116151,36801.219
116152,36691.222
116153,36113.225
116154,35800.227999999996
116155,35991.225
116156,35256.229
116157,36511.231999999996
116158,35263.233
116159,35195.232
116160,36502.235
116161,37796.239
116162,37550.243
116163,38704.24
116164,39542.244999999995
116165,39927.242
116166,39448.246
116167,38966.247
116168,38026.248999999996
116169,37065.252
116170,35350.257
116171,37155.256
116172,36809.257
116173,36380.259
116174,35607.268
116175,35694.266
116176,36571.273
116177,36080.271
116178,36158.26899999999
116179,37052.271
116180,38003.269
116181,36246.27099999999
116182,36605.276
116183,36734.274000000005
116184,37214.27700000001
116185,37666.278000000006
116186,37919.276000000005
116187,39229.27900000001
116188,39389.28500000001
116189,38565.28700000001
116190,39317.29000000001
116191,39915.291000000005
116192,39977.29
116193,39789.298
116194,40421.302
116195,39854.30900000001
116196,38718.310000000005
116197,38795.31700000001
116198,37861.33000000001
116199,37376.33400000001
116200,36328.334
116201,37563.340000000004
116202,38098.339
116203,38094.339
116204,37317.339
116205,42581.344000000005
116206,42754.347
116207,41452.353
116208,41688.359000000004
116209,42530.359000000004
116210,42529.363000000005
116211,42146.363
116212,42100.365
116213,43203.357
116214,42847.359000000004
116215,42991.36400000001
116216,43706.37200000001
116217,44321.371000000014
116218,44078.379000000015
116219,43998.381000000016
116220,45229.373000000014
116221,44757.37400000002
116222,44512.37400000002
116223,45330.37800000001
116224,46639.37300000001
116225,46635.37400000001
116226,46866.37600000002
116227,46363.38100000001
116228,45510.38200000001
116229,44636.390000000014
116230,43759.39200000001
116231,44252.39700000001
116232,44306.40000000001
116233,43832.41500000001
116234,43695.41400000002
116235,43928.417
116236,44125.42600000001
116237,44074.422000000006
116238,44781.428000000014
116239,45191.436000000016
116240,44800.443000000014
116241,44690.44400000002
116242,45431.44200000001
116243,46278.44200000001
116244,46266.436000000016
116245,46585.432000000015
116246,46660.432000000015
116247,47089.43400000002
116248,47532.43100000001
116249,47123.43400000002
116250,48206.44100000002
116251,47765.44400000002
116252,47758.44900000002
116253,41920.45000000002
116254,43360.44900000002
116255,44396.44600000002
116256,43674.462000000014
116257,43901.460000000014
116258,44100.460000000014
116259,43815.45600000001
116260,43263.461000000025
116261,43605.466000000015
116262,43109.46800000002
116263,42538.46900000002
116264,41706.472000000016
116265,41449.470000000016
116266,41852.47300000002
116267,41056.48500000002
116268,41248.472000000016
116269,41930.47400000002
116270,42355.479000000014
116271,41954.48600000002
116272,41907.49000000001
116273,42970.50400000001
116274,42580.49700000001
116275,43419.48900000001
116276,43861.49100000001
116277,44742.49300000001
116278,44924.49400000001
116279,44430.49600000002
116280,44981.50100000001
116281,43637.50600000001
116282,43296.51800000002
116283,42769.52400000002
116284,43866.52200000002
116285,44803.52600000001
116286,45320.517000000014
116287,44373.523000000016
116288,43867.52800000002
116289,44968.52100000002
116290,44144.53100000003
116291,45488.52600000003
116292,45300.527000000024
116293,45487.52500000002
116294,45765.52500000002
116295,44478.52500000002
116296,44469.527000000024
116297,43888.540000000015
116298,43920.54900000002
116299,44271.546000000024
116300,44530.55300000002
116301,44332.552000000025
116302,43806.55900000003
116303,46062.55500000002
116304,45921.56200000003
116305,45353.57300000002
116306,44402.576000000015
116307,45637.58800000001
116308,44706.598000000005
116309,44334.606
116310,44028.600999999995
116311,43216.611000000004
116312,44005.60500000001
116313,42905.59900000001
116314,42800.604999999996
116315,44931.60700000001
116316,45893.61000000001
116317,44509.60900000001
116318,44407.613000000005
116319,43791.622
116320,43701.62000000001
116321,44369.623
116322,44573.615
116323,43705.62
116324,43249.613000000005
116325,41644.61800000001
116326,41686.615000000005
116327,42701.62000000002
116328,43331.62000000001
116329,42647.62400000001
116330,43256.626000000004
116331,43056.627000000015
116332,42564.615000000005
116333,45344.607
116334,43833.609000000004
116335,43904.608000000015
116336,43367.60600000001
116337,44901.602000000006
116338,44280.595
116339,45022.589
116340,44791.589
116341,44066.60300000002
116342,45014.60500000001
116343,44194.605000000025
116344,45540.60200000001
116345,47041.60300000002
116346,46765.600000000006
116347,44612.602000000006
116348,44535.607
116349,45354.60300000001
116350,49936.61000000001
116351,50737.62000000002
116352,50929.615000000005
116353,43858.626000000004
116354,44026.626000000004
116355,42653.633
116356,43041.63500000001
116357,43576.630000000005
116358,43178.636000000006
116359,41201.63600000001
116360,42207.62400000001
116361,42200.62500000002
116362,41286.626000000004
116363,42745.64100000002
116364,42061.63600000001
116365,42586.63600000001
116366,41770.63000000001
116367,42383.64000000001
116368,42157.636000000006
116369,41833.632000000005
116370,42360.64400000001
116371,42056.64300000001
116372,42880.63700000002
116373,43002.62800000001
116374,43788.63900000001
116375,44029.64100000001
116376,43496.648000000016
116377,41681.65900000001
116378,42210.65600000001
116379,43438.642000000014
116380,42730.644000000015
116381,44325.623000000014
116382,44649.62200000001
116383,43220.621000000014
116384,43879.62000000001
116385,43458.61600000001
116386,43532.61400000001
116387,43735.622
116388,43480.62500000001
116389,42844.62900000001
116390,42542.63200000001
116391,42406.62300000001
116392,41384.62700000002
116393,43709.625000000015
116394,42609.61800000001
116395,42443.61900000001
116396,41617.621000000014
116397,41414.62300000001
116398,40298.62100000001
116399,38817.643000000004
116400,39435.647000000004
116401,40075.64000000001
116402,40268.634000000005
116403,40081.62900000001
116404,41017.62600000001
116405,42202.631000000016
116406,42522.62800000001
116407,41813.62400000002
116408,42459.61300000002
116409,43241.61800000002
116410,42461.61000000002
116411,42162.61200000002
116412,42059.61800000002
116413,40292.62000000002
116414,40324.61800000001
116415,39654.614
116416,39817.62100000001
116417,39493.62200000001
116418,38942.61700000002
116419,38920.621000000014
116420,38710.618
116421,39134.61600000001
116422,38327.61200000001
116423,39628.61200000001
116424,38264.614
116425,37446.605
116426,35704.598000000005
116427,36441.594000000005
116428,36146.59900000001
116429,35165.59300000001
116430,36110.58400000001
116431,35916.575000000026
116432,36747.582000000024
116433,36113.582000000024
116434,37411.58100000001
116435,37865.57700000001
116436,36925.587
116437,36177.59100000001
116438,37124.58600000001
116439,37611.59100000001
116440,35228.58900000001
116441,35099.59200000002
116442,34665.595000000016
116443,32899.59800000002
116444,32875.60100000002
116445,32560.591000000022
116446,33830.587000000014
116447,33644.58700000002
116448,32856.593000000015
116449,32801.584000000024
116450,33351.584000000024
116451,33249.574000000015
116452,32528.564000000024
116453,33895.55900000001
116454,33640.55800000001
116455,34184.55
116456,32937.54700000001
116457,32754.55800000002
116458,32477.55500000002
116459,32001.551000000018
116460,31867.55200000002
116461,31970.54700000002
116462,32293.551000000018
116463,32127.54900000002
116464,32632.53800000002
116465,33557.53400000001
116466,33862.53600000001
116467,32877.540000000015
116468,33384.54200000001
116469,34392.542
116470,33610.53100000001
116471,34401.52300000001
116472,34673.524000000005
116473,32773.518000000004
116474,32365.51800000002
116475,31128.517000000018
116476,31942.520000000015
116477,32274.510000000017
116478,32383.512000000017
116479,32255.514000000017
116480,32861.511000000006
116481,32041.510000000017
116482,31055.510000000013
116483,32552.506000000016
116484,32923.50000000001
116485,32815.49400000001
116486,31677.49600000002
116487,31177.499000000018
116488,30526.48800000002
116489,29817.495000000017
116490,30104.49800000002
116491,31094.48600000002
116492,31280.48700000002
116493,30635.487000000016
116494,30293.476000000017
116495,30426.475000000013
116496,29770.482000000015
116497,29375.478000000014
116498,29649.479000000014
116499,29445.483000000015
116500,28948.484000000015
116501,28201.478000000014
116502,28376.479000000014
116503,27607.476000000013
116504,28369.481000000014
116505,28898.482000000015
116506,29279.481000000014
116507,29513.476000000013
116508,29440.476000000013
116509,29723.479000000014
116510,28993.481000000014
116511,29223.475000000013
116512,28945.46700000001
116513,30098.46100000001
116514,30483.455000000013
116515,30182.455000000013
116516,29524.45000000001
116517,29274.44800000001
116518,28291.44600000001
116519,27261.442000000014
116520,27596.43600000001
116521,27566.437000000013
116522,27659.436000000012
116523,26797.440000000013
116524,25573.436000000012
116525,25531.430000000015
116526,25356.437000000016
116527,25069.438000000016
116528,25403.439000000017
116529,25367.442000000017
116530,25610.444000000014
116531,25402.450000000015
116532,25852.442000000014
116533,25277.441000000013
116534,25708.442000000014
116535,25557.434000000012
116536,25854.435000000012
116537,25278.42900000001
116538,26236.422000000013
116539,27338.42300000001
116540,26376.41500000001
116541,26082.417000000012
116542,26164.43500000001
116543,26764.438000000013
116544,26593.43600000001
116545,26555.43600000001
116546,25736.43400000001
116547,25219.44700000001
116548,24079.45100000001
116549,22371.45500000001
116550,22523.45300000001
116551,22386.459000000006
116552,22164.45200000001
116553,21902.45300000001
116554,20435.463000000007
116555,20996.462000000007
116556,20954.45900000001
116557,21141.46100000001
116558,21965.45100000001
116559,22067.44600000001
116560,22215.44000000001
116561,23263.445000000007
116562,22507.44100000001
116563,22425.43600000001
116564,23387.43800000001
116565,23617.443000000007
116566,22860.444000000003
116567,23016.431
116568,23897.431
116569,24269.433
116570,23597.434000000005
116571,21960.435000000005
116572,23030.423000000006
116573,22899.422000000002
116574,22302.417000000005
116575,22088.409000000003
116576,21634.414
116577,20788.406000000003
116578,19674.400000000005
116579,18750.402000000006
116580,19903.403000000002
116581,19808.406000000003
116582,19134.409000000003
116583,19279.411000000004
116584,18432.410000000003
116585,18206.409000000003
116586,19270.410000000003
116587,19467.405
116588,19546.405000000002
116589,19940.404
116590,18811.400999999998
116591,20321.403000000002
116592,19891.404
116593,19982.404
116594,20553.401
116595,20499.398
116596,19472.394
116597,19785.393000000004
116598,20422.395
116599,20292.4
116600,19482.409
116601,18898.400999999998
116602,18809.4
116603,18717.397
116604,19312.395999999997
116605,18212.398
116606,18327.396
116607,18971.393
116608,18691.39
116609,18662.378
116610,20173.362999999998
116611,19058.367
116612,19236.374999999996
116613,19537.375999999997
116614,17971.378999999997
116615,18006.373
116616,18821.377999999997
116617,17355.382999999998
116618,16291.386
116619,16022.393000000004
116620,15086.398000000005
116621,16502.409000000003
116622,15333.412000000006
116623,14997.416000000008
116624,14898.416000000008
116625,15367.42200000001
116626,13522.43200000001
116627,13758.427000000009
116628,14737.43700000001
116629,13840.456000000015
116630,13445.457000000013
116631,11885.467000000015
116632,11192.477000000017
116633,10438.485000000019
116634,9747.495000000017
116635,8480.519000000018
116636,6378.540000000019
116637,5526.560000000021
116638,3466.587000000004
116639,1405.6239999999957
116640,2950.4290000000065
116641,5828.412000000021
116642,6703.409000000021
116643,7963.40100000002
116644,9587.393000000022
116645,10158.39400000002
116646,11086.390000000023
116647,11553.386000000022
116648,12283.379000000023
116649,13611.373000000018
116650,17023.372000000018
116651,14768.374000000014
116652,14398.380000000014
116653,13752.372000000012
116654,12602.374000000013
116655,12964.367000000011
116656,12458.366000000009
116657,13120.363000000008
116658,12967.362000000006
116659,12497.360000000006
116660,10119.360000000002
116661,11262.361
116662,12407.348000000002
116663,13577.346000000001
116664,14564.332
116665,15370.33
116666,17402.324
116667,18235.317
116668,20173.314
116669,20673.314
116670,19713.32
116671,20986.328
116672,19261.332000000002
116673,20016.335
116674,20029.336
116675,21214.335
116676,21189.33
116677,19481.332
116678,18202.327999999998
116679,18267.332
116680,19174.323
116681,17937.318
116682,17862.313000000002
116683,16817.302
116684,16667.295000000002
116685,15432.297
116686,14312.297000000002
116687,14917.302000000003
116688,14482.300000000003
116689,14027.298000000003
116690,14660.289000000002
116691,13860.288000000004
116692,15320.290000000003
116693,15177.283000000003
116694,15712.284000000003
116695,16582.286000000004
116696,17497.280000000006
116697,18277.275
116698,20562.267000000003
116699,20772.261000000002
116700,19945.258
116701,20400.252000000004
116702,18570.252000000004
116703,19785.243000000002
116704,19172.244000000002
116705,18302.240000000005
116706,17732.239000000005
116707,16330.237000000005
116708,14925.234000000004
116709,15132.227000000006
116710,16007.228000000003
116711,17717.226000000006
116712,17567.233000000004
116713,17332.226000000002
116714,17112.223000000005
116715,17142.216000000004
116716,16365.211000000005
116717,16580.206000000002
116718,16340.204000000005
116719,16338.200000000004
116720,15131.193000000005
116721,13761.188000000004
116722,14141.192000000003
116723,13736.192000000003
116724,14123.193000000003
116725,14903.196000000002
116726,16288.194000000003
116727,16311.192000000003
116728,17431.200000000004
116729,17041.201000000005
116730,17236.203000000005
116731,18216.204000000005
116732,17426.204000000005
116733,18418.202000000005
116734,18633.202000000005
116735,18483.198000000004
116736,18648.199
116737,19028.2
116738,18478.2
116739,18488.201
116740,19453.202
116741,19653.201000000005
116742,19654.203
116743,19446.206000000002
116744,19636.210000000003
116745,19816.212000000003
116746,19476.208000000002
116747,19091.207000000006
116748,19663.207000000006
116749,19873.203000000005
116750,17728.203
116751,15776.204000000002
116752,16576.204
116753,16963.203
116754,17551.204
116755,18772.198000000004
116756,18962.199
116757,18552.203
116758,18957.202000000005
116759,17777.203
116760,18952.202000000005
116761,21122.2
116762,20717.203
116763,20332.203000000005
116764,19537.204000000005
116765,19567.200000000004
116766,20547.199000000004
116767,20937.198000000004
116768,20139.199000000004
116769,20337.199
116770,20342.201000000005
116771,20742.199000000004
116772,20732.199000000004
116773,20547.199000000004
116774,26457.197000000004
116775,26829.199000000004
116776,26651.198000000004
116777,25841.202000000005
116778,26036.203000000005
116779,26228.203
116780,24337.199000000004
116781,21787.201
116782,22997.197000000004
116783,23407.194000000003
116784,23972.195000000003
116785,24954.195000000003
116786,24744.197000000004
116787,24344.199
116788,25119.198000000004
116789,24954.194000000003
116790,25529.196000000004
116791,27469.197000000004
116792,27264.199000000004
116793,26707.195000000003
116794,26259.201
116795,25099.203
116796,25459.205
116797,25059.207000000002
116798,24467.208000000002
116799,24297.203
116800,25667.202
116801,25482.200000000004
116802,25084.200000000004
116803,24679.202000000005
116804,24479.203000000005
116805,25069.201
116806,24892.199000000004
116807,24862.205
116808,25422.208000000002
116809,25419.207000000002
116810,23864.206000000002
116811,21722.205
116812,22702.207000000002
116813,23907.201
116814,25049.203
116815,24872.202
116816,25057.203
116817,25432.203
116818,25212.208000000002
116819,19917.207000000002
116820,20517.207000000002
116821,22297.206000000002
116822,22842.207000000002
116823,20542.206000000002
116824,21152.203
116825,21157.202
116826,21722.205
116827,20557.204
116828,20187.204
116829,19574.206000000002
116830,19379.210000000003
116831,19964.210000000003
116832,19192.21
116833,19967.209000000003
116834,20162.209000000003
116835,20147.208000000002
116836,19732.209000000003
116837,19952.201
116838,20529.201
116839,20139.202000000005
116840,18764.203000000005
116841,16422.201000000005
116842,17019.2
116843,17203.2
116844,18563.199000000004
116845,19143.199000000004
116846,19126.199000000004
116847,19326.193000000003
116848,20111.190000000002
116849,20316.187
116850,21086.187
116851,22238.189000000002
116852,23216.188000000002
116853,21691.183
116854,21691.184000000005
116855,21699.183000000005
116856,21676.185000000005
116857,21296.187000000005
116858,20711.186000000005
116859,20144.183000000005
116860,20324.185000000005
116861,20489.185000000005
116862,20106.185
116863,20301.183000000005
116864,19324.185000000005
116865,19711.182000000004
116866,19716.181000000004
116867,19719.179000000004
116868,20514.174000000003
116869,20924.170000000006
116870,19949.169000000005
116871,18354.171000000006
116872,18121.175000000007
116873,19066.178000000007
116874,20163.183000000005
116875,21333.181000000004
116876,21900.181000000004
116877,21297.183000000005
116878,21720.182000000004
116879,20930.190000000002
116880,21345.188000000002
116881,22329.190000000002
116882,22714.196000000004
116883,21340.201000000005
116884,22771.197000000004
116885,22424.199000000004
116886,23229.195000000003
116887,24014.196000000004
116888,22823.198000000004
116889,22641.202000000005
116890,22879.202000000005
116891,23082.202000000005
116892,22654.209000000003
116893,21894.208000000002
116894,21356.205
116895,21148.209000000003
116896,20768.208000000002
116897,20742.211000000003
116898,22366.209000000003
116899,22004.210000000003
116900,20829.212000000003
116901,19277.211000000003
116902,19345.211000000003
116903,20546.209000000003
116904,21326.211000000003
116905,21348.211000000003
116906,21610.212000000003
116907,21211.211000000003
116908,21819.209000000003
116909,21986.211000000003
116910,22900.216000000004
116911,23692.215000000004
116912,24310.212000000003
116913,23548.212000000003
116914,24705.218000000004
116915,25306.219000000005
116916,25516.222000000005
116917,26096.223000000005
116918,25347.222000000005
116919,25573.223000000005
116920,26034.220000000005
116921,27030.217000000004
116922,25830.218000000004
116923,25047.219000000005
116924,24435.224000000006
116925,24071.225000000006
116926,23455.229000000007
116927,24130.225000000006
116928,25173.221000000005
116929,25032.215000000007
116930,24292.209000000006
116931,22924.212000000007
116932,23117.213000000003
116933,23765.212000000003
116934,23977.214000000004
116935,24369.215000000004
116936,24759.213000000003
116937,24912.214000000004
116938,25837.215000000007
116939,25241.215000000007
116940,26264.214000000004
116941,27439.211000000007
116942,27834.212000000007
116943,26354.209000000003
116944,27265.214000000004
116945,27274.212
116946,27622.22
116947,27643.22
116948,27908.216
116949,28128.213
116950,27774.211000000003
116951,28096.213000000003
116952,26932.216
116953,26762.218
116954,26758.223
116955,26178.224000000002
116956,25607.227000000003
116957,26028.228000000003
116958,27270.226000000002
116959,26963.227000000003
116960,26720.227000000003
116961,24983.230000000003
116962,24996.231000000003
116963,25565.234000000004
116964,25849.227000000003
116965,26720.221
116966,26097.225000000002
116967,25909.219000000005
116968,26137.215000000004
116969,25349.219000000005
116970,25511.219000000005
116971,27275.218000000004
116972,27724.215000000004
116973,26680.211000000003
116974,27673.210000000003
116975,26734.209000000003
116976,27169.209000000003
116977,27297.212000000003
116978,26812.209000000003
116979,26729.213000000003
116980,26560.212000000003
116981,27349.213000000003
116982,27148.216000000004
116983,26580.217000000004
116984,26772.221000000005
116985,27036.218000000004
116986,26512.216
116987,26585.217
116988,32510.213
116989,26600.213
116990,26406.213
116991,24643.212
116992,25038.21
116993,25646.209
116994,25469.21
116995,26230.212
116996,26206.215
116997,25523.208000000006
116998,26353.207000000006
116999,25985.205000000005
117000,26272.201000000005
117001,28004.202000000005
117002,28777.201000000005
117003,28384.202000000005
117004,29521.204000000005
117005,28664.213000000003
117006,29216.215000000004
117007,28819.212000000003
117008,27711.210000000006
117009,28293.213000000007
117010,28774.215000000004
117011,34849.224
117012,33561.217000000004
117013,33142.219000000005
117014,33296.221000000005
117015,33698.22
117016,32320.221000000005
117017,32284.226000000006
117018,31955.226000000006
117019,31364.230000000003
117020,30987.234000000004
117021,29312.238000000005
117022,30353.235000000004
117023,31469.224000000006
117024,31905.219000000005
117025,32464.221000000005
117026,32872.225000000006
117027,34381.23
117028,34729.238
117029,33627.239
117030,33964.247
117031,36172.247
117032,36414.252
117033,36061.251000000004
117034,36893.25
117035,36421.248999999996
117036,35956.254
117037,35809.249
117038,35192.249
117039,34829.24800000001
117040,34450.25200000001
117041,35030.253000000004
117042,32332.248000000003
117043,33209.244000000006
117044,33180.25600000001
117045,32776.26400000001
117046,32132.262000000006
117047,27044.273000000005
117048,27063.271000000004
117049,26890.272000000004
117050,27494.277000000006
117051,26546.285000000003
117052,26687.284000000003
117053,27276.287000000004
117054,27679.279000000006
117055,28253.283000000007
117056,28697.280000000006
117057,29903.275000000005
117058,29940.270000000004
117059,30306.266000000003
117060,30499.261000000002
117061,31789.268000000004
117062,31578.265000000003
117063,30998.266000000003
117064,33291.258
117065,32772.254
117066,33710.252
117067,34126.258
117068,31958.270000000004
117069,31531.266000000003
117070,30795.267000000003
117071,30187.274000000005
117072,29396.257
117073,30752.254
117074,30741.253
117075,30342.251
117076,30060.251
117077,29678.251
117078,29296.239
117079,28563.234000000004
117080,29276.241000000005
117081,27752.239000000005
117082,28713.238000000005
117083,29375.226000000006
117084,30081.218000000004
117085,30685.213000000003
117086,31257.212000000003
117087,30581.212000000003
117088,31158.210000000006
117089,30746.210000000006
117090,30701.207000000006
117091,31484.206000000006
117092,31919.200000000004
117093,30377.195000000003
117094,31521.194000000007
117095,32073.183000000005
117096,32428.184000000005
117097,31994.187000000005
117098,31372.182000000004
117099,31400.176000000007
117100,31304.173000000006
117101,31246.176000000007
117102,30434.173000000006
117103,31406.170000000006
117104,31396.164000000004
117105,31366.162000000008
117106,30472.157000000007
117107,30804.159000000007
117108,30991.155000000006
117109,30792.145000000008
117110,30519.143000000007
117111,29292.139000000006
117112,33228.130000000005
117113,33976.129
117114,33576.128000000004
117115,33823.123
117116,40101.121
117117,40284.121
117118,40792.123999999996
117119,41273.128
117120,40829.12499999999
117121,41409.12499999999
117122,42057.121999999996
117123,41099.11899999999
117124,35945.115
117125,35466.12
117126,35430.125
117127,35265.121999999996
117128,34710.117
117129,34804.118
117130,35359.117999999995
117131,35916.12
117132,33358.121
117133,33969.116
117134,33584.114
117135,33744.11
117136,33192.108
117137,33630.107
117138,34606.105
117139,34715.107
117140,34843.101
117141,33152.099
117142,33880.105
117143,34288.103
117144,34873.100000000006
117145,34882.098000000005
117146,36129.09299999999
117147,36001.09599999999
117148,36695.09299999999
117149,37325.08999999999
117150,36140.09099999999
117151,37126.09099999999
117152,37535.08999999999
117153,36536.09099999999
117154,36733.092
117155,36266.096
117156,36491.096
117157,36508.092
117158,35312.09299999999
117159,35695.09099999999
117160,35704.087999999996
117161,35934.087
117162,35369.085
117163,35023.081
117164,34656.081000000006
117165,34826.079000000005
117166,33616.078
117167,33839.075000000004
117168,33608.079000000005
117169,33187.081000000006
117170,33772.083000000006
117171,32213.079000000005
117172,32809.078
117173,33208.077000000005
117174,33930.073000000004
117175,34510.073000000004
117176,34270.07600000001
117177,34640.07400000001
117178,35590.074
117179,35590.073
117180,35660.07
117181,37585.068999999996
117182,36995.066999999995
117183,36430.06799999999
117184,36635.06799999999
117185,35965.066
117186,36555.065
117187,36365.064
117188,35375.068
117189,41305.064000000006
117190,41330.064000000006
117191,41370.06100000001
117192,41600.059
117193,41370.062000000005
117194,40750.064000000006
117195,40955.063
117196,41155.05700000001
117197,41135.05700000001
117198,41005.055
117199,41220.05700000001
117200,40740.060000000005
117201,39268.066000000006
117202,39688.065
117203,40028.066000000006
117204,40398.07000000001
117205,41213.06800000001
117206,41808.066000000006
117207,42033.065
117208,41828.06700000001
117209,42098.062000000005
117210,42553.05900000001
117211,43548.06000000001
117212,42958.06100000001
117213,43368.058000000005
117214,43373.058000000005
117215,43323.064000000006
117216,42153.06700000001
117217,41403.066000000006
117218,40773.071
117219,40558.07500000001
117220,40188.07600000001
117221,40483.07100000001
117222,40943.068000000014
117223,41503.068000000014
117224,41308.06900000001
117225,40493.07100000001
117226,40138.069
117227,40393.06700000001
117228,40923.068000000014
117229,41143.069
117230,40208.066000000006
117231,39103.06300000001
117232,39820.06700000001
117233,39845.06700000001
117234,40660.06500000001
117235,41390.065
117236,43700.057
117237,43860.059
117238,43835.059
117239,43450.058000000005
117240,44270.055
117241,45240.056000000004
117242,44695.05300000001
117243,44630.056000000004
117244,43645.058000000005
117245,44005.060000000005
117246,43005.060000000005
117247,42445.060000000005
117248,35790.063
117249,36605.061
117250,37210.062000000005
117251,36790.062999999995
117252,37240.061
117253,37075.06
117254,37170.056
117255,36835.057
117256,35990.061
117257,35400.062000000005
117258,36655.06
117259,36650.061
117260,34665.06300000001
117261,34705.062000000005
117262,34695.064000000006
117263,34630.067
117264,35070.068
117265,35690.066000000006
117266,36760.070999999996
117267,37065.073000000004
117268,37070.072
117269,36555.068
117270,36765.066
117271,36735.073000000004
117272,36570.072
117273,36380.073
117274,35760.075
117275,36180.074
117276,35810.075
117277,35905.070999999996
117278,34965.07000000001
117279,35555.068999999996
117280,37140.068999999996
117281,36355.07
117282,37125.066999999995
117283,37925.062999999995
117284,37055.062
117285,37115.06
117286,36340.06
117287,36795.05699999999
117288,37930.060999999994
117289,38690.06
117290,37125.060999999994
117291,37100.062
117292,36930.062
117293,37130.060999999994
117294,37315.062999999995
117295,37455.06399999999
117296,38780.062
117297,38620.05999999999
117298,38295.057
117299,38040.058999999994
117300,37135.064
117301,38455.058999999994
117302,38150.057
117303,37825.054000000004
117304,37855.053
117305,37790.056
117306,38405.056
117307,38270.055
117308,37715.054000000004
117309,37335.054000000004
117310,38895.054000000004
117311,37235.059
117312,37705.058000000005
117313,37700.06
117314,37220.063
117315,36635.064
117316,35080.064
117317,35270.065
117318,36635.065
117319,37215.066000000006
117320,35905.066000000006
117321,36140.063
117322,36160.064
117323,36325.065
117324,36575.065
117325,37415.063
117326,38445.063
117327,37260.066000000006
117328,36880.066000000006
117329,36540.066000000006
117330,35995.064
117331,37985.061
117332,38285.061
117333,38805.055
117334,38145.06
117335,38510.06
117336,38120.062
117337,38680.062999999995
117338,38170.064
117339,37615.067
117340,39375.066
117341,38290.064000000006
117342,38100.064
117343,37855.064999999995
117344,37850.066
117345,36930.066
117346,36205.066
117347,36660.062999999995
117348,37405.065
117349,37435.064
117350,36050.063
117351,35460.06500000001
117352,35910.06500000001
117353,35905.066000000006
117354,36140.064000000006
117355,36815.062000000005
117356,38275.058000000005
117357,37520.060000000005
117358,36765.06100000001
117359,36805.059
117360,36635.059
117361,37935.062
117362,38740.063
117363,38385.065
117364,37830.064
117365,38225.063
117366,37700.062000000005
117367,38470.06100000001
117368,38420.06100000001
117369,38720.064
117370,39920.063
117371,38070.067
117372,36710.066000000006
117373,36285.066
117374,37050.064000000006
117375,37340.06
117376,36615.059
117377,36550.063
117378,37240.066
117379,36795.067
117380,35665.06500000001
117381,35105.06700000001
117382,35310.068
117383,35155.06700000001
117384,35770.066000000006
117385,35745.066000000006
117386,37020.069
117387,36400.072
117388,35805.07400000001
117389,35540.07400000001
117390,36105.07300000001
117391,36845.07600000001
117392,37955.077000000005
117393,37700.079000000005
117394,36810.077000000005
117395,37060.076
117396,37160.071
117397,37390.068999999996
117398,36840.067
117399,36385.07
117400,36945.07
117401,35650.064
117402,34260.064
117403,35230.063
117404,35345.06
117405,34585.061
117406,34135.06300000001
117407,34490.065
117408,35650.063
117409,35680.062000000005
117410,35495.060000000005
117411,36165.058000000005
117412,36350.060000000005
117413,36545.060000000005
117414,36675.063
117415,35925.062000000005
117416,36880.06100000001
117417,35710.06100000001
117418,35345.06100000001
117419,35935.060000000005
117420,36495.060000000005
117421,37305.059
117422,38230.06
117423,37745.064
117424,37560.062
117425,38550.063
117426,38390.060999999994
117427,37810.064
117428,36600.067
117429,36070.066
117430,37210.062
117431,35585.065
117432,34975.065
117433,35790.063
117434,35765.063
117435,34565.062000000005
117436,33980.063
117437,35385.063
117438,36460.067
117439,36255.069
117440,35810.067
117441,36195.069
117442,35600.071
117443,36000.069
117444,36631.069
117445,36393.067
117446,37577.066000000006
117447,36362.071
117448,35587.070999999996
117449,35787.070999999996
117450,35232.07
117451,36637.067
117452,37601.067
117453,37578.06800000001
117454,36668.065
117455,38238.063
117456,37643.066
117457,36833.06700000001
117458,35823.07100000001
117459,41344.069
117460,42354.068
117461,40749.072
117462,40154.07000000001
117463,39949.07400000001
117464,39694.076
117465,38972.07500000001
117466,38236.073000000004
117467,39016.073000000004
117468,40211.073000000004
117469,40715.077000000005
117470,40480.081000000006
117471,40520.07900000001
117472,40480.08200000001
117473,41075.08
117474,41340.08200000001
117475,41394.08
117476,42539.08
117477,42014.07800000001
117478,41359.08200000001
117479,41185.081000000006
117480,34910.08200000001
117481,35525.08400000001
117482,36490.08700000001
117483,37273.086
117484,36823.089
117485,37973.088
117486,38018.08500000001
117487,37958.088
117488,37293.08900000001
117489,36313.092000000004
117490,37058.09400000001
117491,36119.094000000005
117492,34640.092000000004
117493,34230.09100000001
117494,34033.092
117495,33853.090000000004
117496,33080.090000000004
117497,33665.09100000001
117498,35060.090000000004
117499,35180.095
117500,35165.09300000001
117501,34940.09400000001
117502,35929.09300000001
117503,35729.09500000001
117504,35902.100000000006
117505,36102.09900000001
117506,35953.10700000001
117507,32933.10500000001
117508,32193.10200000001
117509,32888.09700000001
117510,32078.09800000001
117511,33264.10100000001
117512,34439.100000000006
117513,34634.1
117514,34082.099
117515,34286.1
117516,34676.106
117517,34086.107
117518,33910.112
117519,34006.118
117520,34479.118
117521,34338.12
117522,32457.12100000001
117523,33149.122
117524,33502.12400000001
117525,34033.12300000001
117526,32725.127000000008
117527,33667.130000000005
117528,34647.135
117529,34456.141
117530,34311.140000000014
117531,36691.138000000006
117532,37308.14200000001
117533,36783.14300000001
117534,36831.145000000004
117535,36147.149000000005
117536,36505.153000000006
117537,35465.15900000001
117538,34856.162000000004
117539,34936.16100000001
117540,34630.16100000001
117541,35121.15900000001
117542,35891.162000000004
117543,36549.15900000001
117544,35619.16300000001
117545,35809.16700000001
117546,36670.16400000001
117547,36464.166000000005
117548,36945.174000000006
117549,36905.18
117550,37062.185
117551,36071.185
117552,34931.187999999995
117553,35615.183
117554,36374.186
117555,36451.185
117556,35850.186
117557,36757.187
117558,37456.189
117559,37289.187999999995
117560,36298.193999999996
117561,36702.195
117562,37494.196
117563,37964.195999999996
117564,37760.198
117565,37978.19900000001
117566,38808.202000000005
117567,37971.202000000005
117568,36816.201
117569,37656.203
117570,37334.205
117571,38299.206
117572,39141.206999999995
117573,39810.208999999995
117574,38410.210999999996
117575,38510.212
117576,38978.21
117577,38886.212999999996
117578,39379.211
117579,39077.215000000004
117580,40461.219999999994
117581,39776.219000000005
117582,39241.216
117583,38742.209
117584,39482.216
117585,38648.217
117586,37916.217
117587,39221.212999999996
117588,40175.219000000005
117589,40033.213
117590,39192.219000000005
117591,39395.221
117592,39965.226
117593,40557.22699999999
117594,40532.225999999995
117595,40576.229999999996
117596,40404.23099999999
117597,38475.237
117598,37049.242999999995
117599,38089.243
117600,37389.243
117601,38388.248
117602,39557.248
117603,39203.253000000004
117604,39194.255
117605,39003.262
117606,39439.26500000001
117607,39019.269
117608,40129.27100000001
117609,39581.277
117610,41437.279
117611,40724.281
117612,40294.274000000005
117613,39460.274000000005
117614,40724.27
117615,40513.268
117616,39280.274000000005
117617,40729.273
117618,39303.279
117619,38607.283
117620,38475.287000000004
117621,38930.291000000005
117622,39302.297
117623,40521.298
117624,39933.298
117625,39863.3
117626,39803.304000000004
117627,38764.304000000004
117628,36779.30300000001
117629,37578.30300000001
117630,36059.307
117631,36421.306000000004
117632,37283.30300000001
117633,37463.302
117634,36953.312000000005
117635,37066.312000000005
117636,37693.319
117637,38421.31300000001
117638,39226.316000000006
117639,39246.318000000014
117640,40644.32900000001
117641,40319.33500000002
117642,39807.33800000002
117643,38207.341000000015
117644,39491.341000000015
117645,39481.34600000001
117646,38836.35000000001
117647,39893.34900000002
117648,41379.34400000002
117649,40611.347000000016
117650,40444.34900000002
117651,40656.35200000001
117652,40634.35500000001
117653,41158.363000000005
117654,40172.36500000001
117655,40337.36100000001
117656,40292.36400000001
117657,39966.364000000016
117658,38593.366000000016
117659,39996.36800000002
117660,38656.37000000002
117661,38557.36700000001
117662,38897.38000000002
117663,38598.390000000014
117664,38380.39800000001
117665,38521.407000000014
117666,39533.40400000001
117667,40295.40600000001
117668,41042.40800000001
117669,41593.40200000001
117670,42903.40800000002
117671,43560.40700000002
117672,42988.409000000014
117673,41702.413000000015
117674,41704.41300000002
117675,41165.42000000002
117676,39716.426000000014
117677,40678.42400000001
117678,41818.43200000001
117679,41242.43200000001
117680,41990.42700000001
117681,42244.428000000014
117682,42212.42800000001
117683,42267.42900000002
117684,42542.43000000001
117685,43179.43600000001
117686,43568.432000000015
117687,42816.43800000001
117688,41833.44500000001
117689,42917.44700000001
117690,42724.44300000001
117691,42682.44600000002
117692,43696.45000000002
117693,43853.45900000001
117694,43901.46500000001
117695,44719.458000000006
117696,45399.46000000001
117697,45421.46300000002
117698,45430.46900000001
117699,45463.47400000002
117700,45822.47800000001
117701,45373.48000000002
117702,44469.487000000016
117703,42793.49300000002
117704,42343.49200000001
117705,41692.49000000001
117706,40851.49200000002
117707,41459.49000000002
117708,41914.49500000002
117709,40687.49400000002
117710,39975.50300000001
117711,39751.50800000001
117712,39796.50900000001
117713,40869.50300000002
117714,40571.50600000001
117715,41627.49900000001
117716,41836.51000000001
117717,41114.51100000001
117718,41432.50300000002
117719,41730.50500000003
117720,41899.51200000002
117721,41915.520000000026
117722,42811.52000000001
117723,43257.52200000002
117724,43360.517000000014
117725,43839.51200000001
117726,44296.514
117727,44728.521
117728,45795.525
117729,46220.52800000001
117730,46423.528000000006
117731,46323.532000000014
117732,45676.53000000001
117733,43730.53800000001
117734,44326.54100000001
117735,43329.538000000015
117736,42626.53900000001
117737,42926.54800000002
117738,42675.54500000002
117739,42476.54500000002
117740,41999.546000000024
117741,42425.54000000002
117742,42055.54300000003
117743,43071.54300000002
117744,43277.53900000003
117745,44088.55000000003
117746,43953.56300000003
117747,43288.55700000003
117748,43274.566000000035
117749,42369.57000000002
117750,43143.58000000002
117751,42831.586000000025
117752,44788.588000000025
117753,45329.58400000003
117754,45147.58300000003
117755,43529.59600000002
117756,43735.601000000024
117757,43421.61000000003
117758,44662.61100000002
117759,44013.62200000003
117760,43952.62500000002
117761,44336.631000000016
117762,43316.624000000025
117763,42770.616000000016
117764,43522.61800000002
117765,43192.61400000002
117766,41846.61700000003
117767,43088.620000000024
117768,43579.61800000001
117769,43311.61500000002
117770,42119.622
117771,41825.61800000002
117772,41549.62500000001
117773,41193.62300000001
117774,39781.630000000005
117775,40982.62400000001
117776,40503.63700000001
117777,40676.639
117778,40496.642
117779,40719.64000000001
117780,41769.635
117781,41934.642000000014
117782,42877.631000000016
117783,42812.63100000001
117784,43435.61300000001
117785,43503.61200000001
117786,43285.611000000004
117787,42332.619000000006
117788,42662.62400000001
117789,42672.62000000001
117790,42538.628
117791,42268.635
117792,41353.647000000004
117793,40856.649
117794,41726.647
117795,41080.643000000004
117796,40238.64800000001
117797,41306.64600000001
117798,41246.64200000001
117799,39972.64800000001
117800,39824.645000000004
117801,39130.642
117802,39152.64200000001
117803,38456.644
117804,37427.64000000001
117805,38234.64400000001
117806,39070.64400000001
117807,39159.63900000001
117808,39029.65200000001
117809,40067.646000000015
117810,40653.63700000001
117811,41693.63300000001
117812,42232.63200000001
117813,42173.63200000001
117814,41860.632000000005
117815,41609.639
117816,41646.639
117817,41826.64000000001
117818,42116.633000000016
117819,41536.643000000004
117820,41853.64600000001
117821,41971.63900000001
117822,41141.62900000001
117823,41333.622
117824,41854.621
117825,42034.617000000006
117826,41113.63100000001
117827,41343.63500000002
117828,41446.64100000001
117829,41045.636000000006
117830,40269.62700000001
117831,39958.62900000001
117832,40666.62700000001
117833,40834.636000000006
117834,40620.631000000016
117835,40694.64200000001
117836,40353.64200000001
117837,39688.653000000006
117838,39391.648000000016
117839,41014.643000000004
117840,41729.641
117841,41625.632000000005
117842,42252.64100000001
117843,41735.630000000005
117844,41325.631000000016
117845,41225.62700000001
117846,41631.62100000002
117847,42328.62400000002
117848,42508.631000000016
117849,41978.62900000002
117850,41045.63000000002
117851,40825.633000000016
117852,41164.62700000001
117853,41459.63200000001
117854,40973.635
117855,40858.62300000001
117856,40190.62800000001
117857,39814.624
117858,39185.61300000001
117859,37395.61500000001
117860,36973.621000000014
117861,37414.629000000015
117862,37235.62200000002
117863,36740.61700000001
117864,37267.60900000001
117865,37125.60500000002
117866,37117.59600000002
117867,35935.60100000002
117868,36355.59900000002
117869,38032.595000000016
117870,37859.59400000001
117871,37475.580000000016
117872,36784.580000000016
117873,36873.57500000002
117874,35546.57900000001
117875,35440.573000000004
117876,35585.577000000005
117877,37119.56300000001
117878,37520.557
117879,36501.561
117880,36453.55800000001
117881,36521.547000000006
117882,36757.55200000001
117883,36348.55800000001
117884,36422.551000000014
117885,36466.55000000002
117886,35623.56000000001
117887,35405.55200000002
117888,34873.55800000001
117889,33771.55200000002
117890,33783.55000000001
117891,33336.53800000001
117892,33618.53800000001
117893,33594.52500000001
117894,34116.52900000001
117895,34326.53300000001
117896,34116.54500000001
117897,33983.537000000004
117898,34536.534
117899,35842.529
117900,36030.527
117901,37036.527
117902,36441.539000000004
117903,35855.534999999996
117904,34569.53699999999
117905,34805.531
117906,35039.532
117907,34395.531
117908,34473.526000000005
117909,32915.52200000002
117910,32189.51500000002
117911,32181.51100000002
117912,32959.508000000016
117913,32808.51200000002
117914,33538.51900000001
117915,33205.52000000002
117916,32773.51700000002
117917,33269.50200000002
117918,33527.49500000002
117919,33947.48100000002
117920,33165.48900000002
117921,31897.49300000002
117922,31428.496000000025
117923,32398.47900000002
117924,32901.47600000002
117925,33267.47800000002
117926,32793.48900000002
117927,32728.491000000024
117928,32590.486000000023
117929,34101.48200000001
117930,34075.46700000001
117931,34853.46500000001
117932,33647.466000000015
117933,33433.46000000001
117934,31389.461000000018
117935,30988.460000000017
117936,30745.47300000002
117937,31200.460000000017
117938,30904.46500000002
117939,28707.468000000023
117940,29060.47000000002
117941,29707.46300000002
117942,31654.463000000018
117943,31293.470000000023
117944,31518.47600000002
117945,32269.47000000002
117946,31823.46900000002
117947,31615.46100000002
117948,30804.46500000002
117949,30966.46600000002
117950,30175.46100000002
117951,29562.469000000023
117952,28027.47200000002
117953,29481.47300000002
117954,29537.47100000002
117955,28245.462000000018
117956,28304.46000000002
117957,28406.458000000017
117958,29304.45000000002
117959,30405.44800000002
117960,29701.445000000018
117961,29082.457000000017
117962,29620.453000000016
117963,28505.452000000016
117964,28529.429000000015
117965,28600.433000000015
117966,28318.446000000014
117967,27359.447000000015
117968,27054.447000000015
117969,26088.451000000015
117970,26722.446000000014
117971,26723.447000000015
117972,26760.440000000017
117973,26815.441000000013
117974,26700.445000000014
117975,27912.44500000001
117976,27966.438000000013
117977,27907.438000000013
117978,26629.436000000012
117979,26226.435000000016
117980,26592.436000000016
117981,26525.438000000016
117982,25148.439000000013
117983,25954.432000000015
117984,25085.43000000001
117985,23801.43100000001
117986,23642.435000000016
117987,23941.435000000012
117988,25711.433000000015
117989,26363.430000000015
117990,26149.42700000001
117991,25560.429000000015
117992,26569.42600000001
117993,25745.427000000014
117994,26069.42500000001
117995,26338.419000000013
117996,25773.42800000001
117997,25266.421000000013
117998,25203.416000000016
117999,24144.419000000013
118000,23493.42400000001
118001,23353.42600000001
118002,23305.42800000001
118003,23468.43400000001
118004,23864.433000000008
118005,24541.42900000001
118006,23737.42900000001
118007,23724.42400000001
118008,22012.431000000008
118009,22517.41900000001
118010,23433.411000000007
118011,23617.409000000007
118012,22257.414000000008
118013,21877.409000000007
118014,21385.41600000001
118015,20470.418000000005
118016,21042.41900000001
118017,21461.414000000008
118018,23026.409000000007
118019,23887.406000000006
118020,24107.39900000001
118021,24076.395000000008
118022,24949.388000000006
118023,24788.386000000006
118024,24410.390000000007
118025,23056.397000000008
118026,22613.40200000001
118027,23913.384000000005
118028,22464.386000000006
118029,20503.380000000005
118030,19455.384000000005
118031,18476.385000000006
118032,19037.394000000004
118033,19349.394000000004
118034,19735.401
118035,21138.409000000003
118036,20406.413000000004
118037,19064.412000000004
118038,18635.407000000003
118039,19381.405000000002
118040,19545.396
118041,18901.4
118042,17029.402000000002
118043,17247.395
118044,17150.382
118045,16778.38
118046,17243.371000000003
118047,18090.365
118048,19415.367000000002
118049,21541.359
118050,22872.350999999995
118051,23038.348999999995
118052,23479.350999999995
118053,22017.361999999997
118054,20718.372
118055,18260.379
118056,17568.379000000004
118057,17302.381
118058,16972.388000000006
118059,14717.391000000005
118060,13425.389000000005
118061,13096.394000000006
118062,13088.393000000007
118063,13061.403000000006
118064,13641.403000000006
118065,13379.417000000009
118066,13274.414000000012
118067,12989.419000000013
118068,12792.420000000013
118069,13556.429000000015
118070,12996.426000000014
118071,12191.439000000015
118072,12284.444000000016
118073,11482.46100000002
118074,10304.47600000002
118075,8987.49700000002
118076,7595.51700000002
118077,6125.535000000015
118078,4044.5630000000174
118079,1125.6099999999965
118080,1830.4419999999961
118081,3563.4260000000086
118082,5219.421000000022
118083,5909.416000000024
118084,7001.406000000023
118085,7461.407000000022
118086,8405.402000000022
118087,9140.39700000002
118088,10405.39300000002
118089,11098.393000000018
118090,12927.397000000019
118091,12052.394000000015
118092,11534.390000000014
118093,11675.382000000012
118094,11750.385000000011
118095,11840.38300000001
118096,11965.377000000011
118097,12045.37900000001
118098,11278.382000000009
118099,11928.380000000008
118100,10238.378000000008
118101,12182.377000000006
118102,13402.372000000005
118103,14047.365000000005
118104,14887.358000000004
118105,16067.353000000003
118106,16354.347000000002
118107,17214.342
118108,17194.336
118109,17543.325999999997
118110,17521.327999999998
118111,17314.334
118112,17081.334
118113,16974.328999999998
118114,16835.326999999997
118115,17222.331
118116,17657.328999999998
118117,17497.329999999998
118118,18285.326999999997
118119,17520.323999999997
118120,18248.319999999996
118121,17528.326
118122,16828.313000000002
118123,17253.309
118124,17328.311
118125,15781.305
118126,16011.295000000002
118127,15961.289000000002
118128,16263.288
118129,17588.284
118130,17563.281
118131,17138.280000000002
118132,16858.276
118133,17108.27
118134,16498.276000000005
118135,16643.270000000004
118136,16188.271000000002
118137,16682.268000000004
118138,17107.266000000003
118139,16605.263000000006
118140,16575.263000000006
118141,16485.263000000006
118142,16855.261000000006
118143,16898.255000000005
118144,17038.244000000006
118145,17618.241000000005
118146,17286.235000000004
118147,16976.236000000004
118148,16421.228000000003
118149,17176.221000000005
118150,16561.220000000005
118151,16346.212000000005
118152,15986.207000000006
118153,15773.207000000006
118154,14803.202000000003
118155,14268.197000000004
118156,14266.197000000004
118157,14416.201000000005
118158,13976.203000000007
118159,13436.198000000006
118160,13813.196000000005
118161,14798.196000000005
118162,15228.190000000004
118163,14838.193000000005
118164,15238.193000000005
118165,14851.195000000005
118166,15431.196000000005
118167,15801.197000000006
118168,16991.194000000007
118169,17401.192000000006
118170,17586.197000000007
118171,17386.196000000004
118172,17216.193000000003
118173,17986.193000000007
118174,18556.196000000007
118175,19136.197000000007
118176,17759.203000000005
118177,16781.203000000005
118178,16191.204000000005
118179,16004.202000000003
118180,16619.2
118181,16047.200000000003
118182,15837.201000000001
118183,16602.205
118184,16802.203000000005
118185,16832.202
118186,16604.205
118187,17789.204
118188,18361.203000000005
118189,18214.196000000004
118190,17601.199
118191,18791.198000000004
118192,19371.199
118193,18983.198000000004
118194,17793.200000000004
118195,17206.201000000005
118196,17596.201000000005
118197,18371.202000000005
118198,17769.206000000006
118199,19329.205
118200,18924.208000000002
118201,18364.206000000006
118202,17384.205
118203,17581.204
118204,18189.201000000005
118205,18961.201000000005
118206,18406.197000000004
118207,17031.199
118208,16228.202000000003
118209,16051.2
118210,16396.203
118211,15237.204000000002
118212,15647.203000000003
118213,15829.204000000003
118214,16389.207000000002
118215,16789.208000000002
118216,16607.205
118217,17182.204000000005
118218,18417.200000000004
118219,17267.200000000004
118220,17444.202000000005
118221,18216.201000000005
118222,19406.198000000004
118223,20591.194000000003
118224,20804.192000000003
118225,19996.195000000003
118226,20391.194000000003
118227,20591.194000000003
118228,20401.194000000003
118229,21779.193000000003
118230,21574.194000000003
118231,22174.191000000003
118232,19839.192000000003
118233,19264.190000000002
118234,19239.193
118235,18824.198
118236,18649.198000000004
118237,18661.196000000004
118238,17843.196000000004
118239,16463.199
118240,16246.202000000003
118241,16697.195
118242,16472.199
118243,17062.198000000004
118244,17672.194000000003
118245,18842.195000000003
118246,19232.194000000003
118247,19802.194000000003
118248,19767.200000000004
118249,19407.198000000004
118250,19409.197000000007
118251,19366.20200000001
118252,19946.20300000001
118253,20741.20100000001
118254,21123.20200000001
118255,20956.200000000008
118256,20407.199000000004
118257,20197.200000000004
118258,19787.206000000006
118259,19924.211000000007
118260,19579.206000000006
118261,19194.204000000005
118262,18619.204000000005
118263,18272.200000000004
118264,19447.198000000004
118265,19467.197000000004
118266,19654.197000000004
118267,19854.196000000004
118268,19034.200000000004
118269,17851.201000000005
118270,17859.201000000005
118271,18457.200000000004
118272,19257.198000000004
118273,19657.196000000004
118274,19632.196000000004
118275,19597.197000000004
118276,19787.196000000004
118277,20172.199000000004
118278,20807.193000000003
118279,19804.197000000004
118280,20601.192000000003
118281,21380.189000000006
118282,21003.187000000005
118283,21206.184000000005
118284,21421.182000000004
118285,21239.179000000004
118286,20464.178000000004
118287,20269.177000000003
118288,20697.175000000003
118289,21332.169
118290,20087.172000000002
118291,19697.173000000003
118292,19679.173000000003
118293,19529.169000000005
118294,21069.171000000006
118295,21249.174000000006
118296,21454.172000000006
118297,21064.170000000006
118298,20636.173000000006
118299,19646.173000000006
118300,19446.174000000006
118301,19796.175000000007
118302,19796.176000000007
118303,19956.178000000007
118304,20128.181000000004
118305,21111.181000000004
118306,20891.184000000005
118307,22071.182000000004
118308,21471.183000000005
118309,20681.182000000004
118310,20846.186000000005
118311,21436.183000000005
118312,21648.179000000004
118313,21691.174000000003
118314,21519.171000000002
118315,21681.174000000003
118316,21658.177000000003
118317,21268.177000000003
118318,22076.176000000003
118319,22871.175000000003
118320,21891.177000000003
118321,21516.176000000003
118322,20686.178000000004
118323,19719.178000000004
118324,21056.181000000004
118325,19666.187000000005
118326,19117.189000000006
118327,18763.186000000005
118328,19173.185000000005
118329,18404.180000000004
118330,18799.179000000004
118331,20374.176000000003
118332,20184.178000000004
118333,21609.175000000003
118334,21803.177000000003
118335,22833.175000000003
118336,23233.176000000003
118337,23838.175000000003
118338,23656.177000000003
118339,24024.179000000004
118340,23645.180000000004
118341,23228.187
118342,24035.186
118343,23860.186
118344,23895.185000000005
118345,25025.189000000002
118346,24652.187000000005
118347,24037.192000000003
118348,24636.194000000003
118349,25259.192000000003
118350,24915.190000000002
118351,23746.193000000003
118352,23539.198000000004
118353,22955.200000000004
118354,23928.202000000005
118355,22513.204000000005
118356,22501.203000000005
118357,22132.207000000006
118358,22370.206000000006
118359,21791.204000000005
118360,22003.203000000005
118361,22630.201000000005
118362,22286.204000000005
118363,22422.208000000006
118364,22426.208000000006
118365,23208.212000000007
118366,23868.208000000006
118367,24527.203000000005
118368,24543.199000000004
118369,23967.200000000004
118370,24195.197000000004
118371,24584.197000000007
118372,25782.194000000007
118373,26401.193000000007
118374,26021.194000000007
118375,27193.193000000007
118376,26831.191000000006
118377,26430.193000000007
118378,26901.196000000007
118379,27664.20100000001
118380,27303.201000000005
118381,27356.197000000007
118382,27174.201000000005
118383,25809.204000000005
118384,26222.20400000001
118385,25421.206000000006
118386,25218.207000000006
118387,24366.214000000007
118388,25015.208000000006
118389,24438.212000000007
118390,24267.214000000007
118391,24305.213000000007
118392,24955.210000000006
118393,25140.213000000003
118394,24800.211000000007
118395,24889.208000000006
118396,24802.201000000005
118397,24807.203
118398,25012.201
118399,24213.206000000002
118400,24252.207000000002
118401,24587.207000000002
118402,25584.207000000002
118403,26186.204
118404,26104.2
118405,26744.196
118406,26514.197
118407,26927.196
118408,27323.193
118409,28666.194
118410,29002.201
118411,28833.199
118412,28635.199
118413,28081.202
118414,28322.203
118415,27517.204999999998
118416,27361.204999999998
118417,27281.213
118418,27110.215
118419,27203.208
118420,27788.208
118421,28157.209
118422,27819.206000000002
118423,28398.207
118424,27762.213
118425,27378.21
118426,27232.207
118427,27085.205
118428,27401.194
118429,26095.195
118430,26530.194
118431,26779.189
118432,27619.192000000003
118433,28261.192
118434,28000.186
118435,28641.186999999998
118436,28739.191
118437,28792.190000000002
118438,28604.190000000002
118439,29965.194
118440,30086.189
118441,29087.191000000003
118442,28871.192000000003
118443,28177.196000000004
118444,29155.193000000003
118445,27765.199000000004
118446,28385.196000000004
118447,28568.197000000004
118448,28392.197000000004
118449,27610.200000000004
118450,27790.203
118451,27994.209000000003
118452,28255.207000000002
118453,28690.214000000004
118454,28488.215000000004
118455,28533.223
118456,28351.224000000002
118457,27967.220000000005
118458,27369.229000000003
118459,25757.228000000003
118460,25766.221000000005
118461,26079.218000000004
118462,26835.221000000005
118463,27442.220000000005
118464,27064.22
118465,28186.230000000003
118466,27801.230000000003
118467,27208.238
118468,27269.232000000004
118469,28493.237
118470,28346.238
118471,28402.239
118472,28176.248000000003
118473,27441.246000000003
118474,28217.249000000003
118475,28035.25
118476,29372.254
118477,29802.252
118478,29501.243000000002
118479,29443.248000000003
118480,29329.245000000003
118481,29135.245000000003
118482,29543.245000000003
118483,30738.244000000002
118484,30627.24
118485,30466.241
118486,29903.239
118487,29574.244000000002
118488,29371.251000000004
118489,28952.257
118490,28607.264000000003
118491,28635.273
118492,29271.265000000003
118493,30321.256
118494,29003.251
118495,30194.249
118496,29782.25
118497,28916.256
118498,28117.259000000002
118499,29307.261000000002
118500,28879.260000000002
118501,28288.258
118502,27772.254
118503,27955.251000000004
118504,28427.255
118505,28302.258000000005
118506,29068.265000000003
118507,29394.269000000004
118508,29467.267000000003
118509,29471.263000000003
118510,29729.259000000002
118511,29686.262000000002
118512,29869.254000000004
118513,30414.253
118514,29463.243000000002
118515,29642.242000000002
118516,29335.246000000003
118517,29791.250000000004
118518,29549.254
118519,29217.251000000004
118520,29006.243000000002
118521,29228.236000000004
118522,30354.232000000004
118523,30227.228000000003
118524,29277.225000000002
118525,30081.221
118526,29859.213000000003
118527,29631.209000000003
118528,29823.203
118529,30721.204
118530,30169.197
118531,29529.198000000004
118532,28943.193000000003
118533,29549.186
118534,30452.185
118535,30025.182
118536,30461.182
118537,31813.166
118538,32178.16
118539,31675.155000000002
118540,31850.155000000002
118541,31620.156000000003
118542,31581.155000000002
118543,31745.148
118544,31450.152000000002
118545,31844.148
118546,31625.140000000003
118547,32007.137000000002
118548,31601.132
118549,32332.125000000004
118550,31902.124000000003
118551,33169.107
118552,33907.107
118553,33146.108
118554,31804.107000000004
118555,32581.105000000003
118556,32024.100000000002
118557,30793.101000000002
118558,30971.102000000003
118559,31161.101000000002
118560,31118.099000000002
118561,30679.103000000003
118562,30057.101000000002
118563,30658.100000000002
118564,30671.102000000003
118565,29871.102000000003
118566,30311.103000000003
118567,30830.109000000004
118568,30539.112000000005
118569,29469.106000000003
118570,30196.105000000003
118571,30177.105000000003
118572,30864.098
118573,30847.094000000005
118574,31439.093000000004
118575,30794.089000000004
118576,30162.091000000004
118577,30327.091000000004
118578,29558.093000000004
118579,30876.092000000004
118580,30290.093000000004
118581,30674.090000000004
118582,31027.087000000003
118583,31227.085000000003
118584,30628.083000000002
118585,30635.081000000002
118586,29489.090000000004
118587,29088.086000000003
118588,29862.082000000002
118589,30826.081000000002
118590,30006.082000000002
118591,30597.084000000003
118592,29774.084
118593,30010.084000000003
118594,30205.084
118595,30245.081000000002
118596,31055.08
118597,31642.081000000002
118598,31814.076
118599,30198.077999999998
118600,31203.077999999998
118601,31128.076
118602,32277.077
118603,31073.079
118604,31444.08
118605,31586.08
118606,31804.078
118607,31365.079
118608,30625.079
118609,31811.076000000005
118610,31616.074000000004
118611,31276.074000000004
118612,32058.074000000004
118613,31871.075000000004
118614,31091.071000000004
118615,31260.068000000003
118616,30225.067000000003
118617,29455.063000000006
118618,29485.061000000005
118619,29895.061000000005
118620,29310.059000000005
118621,29475.059000000005
118622,28530.057000000004
118623,28065.063000000006
118624,28745.059000000005
118625,27920.063000000006
118626,28770.060000000005
118627,30005.057000000004
118628,30360.050000000007
118629,28775.050000000007
118630,30145.049000000003
118631,30070.056000000004
118632,30315.051000000003
118633,30550.049000000003
118634,30750.049000000003
118635,30785.048000000003
118636,30745.052000000003
118637,31110.053000000004
118638,31165.054000000004
118639,32120.054000000004
118640,31705.054000000004
118641,31105.057000000004
118642,32495.057000000004
118643,32070.059000000005
118644,31730.060000000005
118645,32295.059000000005
118646,31680.060000000005
118647,31020.056000000004
118648,31080.054000000004
118649,31335.054000000004
118650,31560.053000000007
118651,32370.052000000003
118652,31430.050000000003
118653,31175.052000000003
118654,31080.056000000004
118655,30745.056000000004
118656,30975.055000000004
118657,31205.053000000004
118658,31165.057000000004
118659,29630.057000000004
118660,30500.055000000004
118661,29850.058000000005
118662,29220.057000000004
118663,29650.055000000004
118664,29415.058000000005
118665,29185.060000000005
118666,28625.061000000005
118667,29405.062000000005
118668,28585.065000000006
118669,30195.065000000006
118670,28905.061000000005
118671,28315.063000000006
118672,30070.065000000006
118673,30085.067000000006
118674,30510.066000000006
118675,31620.064000000006
118676,31480.063000000006
118677,31065.063000000006
118678,31250.065000000006
118679,31600.068000000007
118680,32570.070000000007
118681,33155.07000000001
118682,32430.070000000007
118683,31670.073000000008
118684,31110.073000000008
118685,30130.074000000008
118686,30520.074000000008
118687,31120.071000000007
118688,31130.070000000007
118689,29415.067000000006
118690,30625.064000000006
118691,30465.062000000005
118692,29495.061000000005
118693,29690.061000000005
118694,29915.061000000005
118695,29985.062000000005
118696,30070.059000000005
118697,31020.059000000005
118698,31050.059000000005
118699,32490.054000000004
118700,31100.054000000004
118701,30485.056000000004
118702,31685.055000000004
118703,31510.057000000004
118704,31865.059000000005
118705,32000.061000000005
118706,31635.061000000005
118707,31440.06100000001
118708,31650.06300000001
118709,32070.064000000006
118710,33030.06300000001
118711,33645.06300000001
118712,32895.062000000005
118713,32105.064000000006
118714,32395.061000000005
118715,32015.059000000005
118716,31985.062000000005
118717,31395.06300000001
118718,30980.06300000001
118719,29245.066000000006
118720,30015.068000000007
118721,29540.066000000006
118722,28905.066000000006
118723,29125.066000000006
118724,29320.066000000006
118725,29940.06400000001
118726,30955.061000000005
118727,31150.063000000006
118728,31580.06000000001
118729,32170.059000000005
118730,30665.058000000008
118731,30185.061000000005
118732,31760.058000000005
118733,31685.063000000006
118734,32055.062000000005
118735,31460.064000000006
118736,31040.067000000006
118737,31190.067000000006
118738,32220.066000000006
118739,33245.06800000001
118740,34050.068
118741,34790.067
118742,34380.066
118743,33370.06800000001
118744,33270.064000000006
118745,33560.063
118746,33175.062000000005
118747,33175.062000000005
118748,32405.062000000005
118749,31065.062000000005
118750,31475.065000000006
118751,31430.069000000007
118752,31465.068000000007
118753,31355.06600000001
118754,31750.06600000001
118755,31540.069000000007
118756,31390.070000000007
118757,31810.069000000007
118758,32175.069000000007
118759,32005.06900000001
118760,30455.06600000001
118761,30100.06500000001
118762,30385.06200000001
118763,31395.06000000001
118764,31575.058000000008
118765,31215.058000000008
118766,30270.06200000001
118767,29515.06200000001
118768,30500.06000000001
118769,31465.06200000001
118770,32480.05900000001
118771,33435.05900000001
118772,33280.05700000001
118773,33060.058000000005
118774,33510.05600000001
118775,33700.05700000001
118776,32855.060000000005
118777,33365.05700000001
118778,31795.06000000001
118779,30630.06000000001
118780,31750.06000000001
118781,32360.056000000008
118782,32545.058000000008
118783,32395.054000000007
118784,32390.055000000008
118785,33380.052
118786,34210.051
118787,34035.052
118788,34420.053
118789,34845.052
118790,32950.05100000001
118791,32625.049000000006
118792,32405.050000000007
118793,32620.057000000008
118794,31470.05800000001
118795,30540.059000000012
118796,30745.05800000001
118797,30555.060000000012
118798,30985.06500000001
118799,32365.06200000001
118800,33040.06100000001
118801,34250.05499999999
118802,33320.05700000001
118803,32255.05900000001
118804,32675.05800000001
118805,33270.05700000001
118806,32095.058000000008
118807,32265.058000000008
118808,31510.05900000001
118809,30920.06100000001
118810,31690.06300000001
118811,32275.06300000001
118812,33420.06300000001
118813,33280.06200000001
118814,33900.06000000001
118815,34870.062000000005
118816,34645.063
118817,35175.065
118818,34905.07000000001
118819,34770.06800000001
118820,33075.066000000006
118821,32260.06800000001
118822,31925.06900000001
118823,32115.07100000001
118824,31000.06900000001
118825,29930.06400000001
118826,30200.06400000001
118827,30000.06500000001
118828,31430.06300000001
118829,32475.06100000001
118830,33615.062000000005
118831,33455.060000000005
118832,33055.05900000001
118833,33655.057
118834,33485.05700000001
118835,33910.055
118836,33725.05300000001
118837,33140.05300000001
118838,32750.049000000006
118839,31740.051000000007
118840,33200.046
118841,34370.046
118842,35700.048
118843,34580.048
118844,34915.05300000001
118845,34730.05500000001
118846,34545.053
118847,35100.054
118848,35755.055
118849,35340.055
118850,33850.052
118851,34040.053
118852,33655.052
118853,33865.049
118854,33110.049000000006
118855,31580.047000000006
118856,32135.048000000006
118857,31795.047000000006
118858,31955.049000000006
118859,33525.047000000006
118860,34295.048
118861,34105.047000000006
118862,33565.043000000005
118863,34415.048
118864,34220.048
118865,35330.049999999996
118866,34235.053
118867,33810.05500000001
118868,32995.05700000001
118869,33030.054000000004
118870,33695.053
118871,34350.058000000005
118872,35715.058
118873,34735.059
118874,34325.058
118875,33990.057
118876,34020.057
118877,34300.055
118878,34490.056
118879,33995.054
118880,32660.052000000007
118881,32835.05200000001
118882,32815.05300000001
118883,32425.054000000007
118884,31975.056000000008
118885,30780.057000000008
118886,31140.059000000005
118887,30775.060000000005
118888,31620.057000000004
118889,32200.061000000005
118890,33220.062000000005
118891,32740.066000000006
118892,31780.064000000006
118893,32910.06700000001
118894,33145.064000000006
118895,34840.06700000001
118896,35010.06700000001
118897,35065.066000000006
118898,34675.06800000001
118899,34207.07000000001
118900,35117.06500000001
118901,35052.07000000001
118902,36401.07000000001
118903,35206.07000000001
118904,35391.07300000001
118905,34836.07200000001
118906,34035.07400000001
118907,33605.077000000005
118908,33164.08000000001
118909,33192.07900000001
118910,31632.08000000001
118911,31642.08000000001
118912,31198.08400000001
118913,30843.08200000001
118914,30433.08100000001
118915,28693.08300000001
118916,28518.08500000001
118917,28423.09000000001
118918,29433.090000000007
118919,30355.093000000008
118920,30600.093000000008
118921,30960.09400000001
118922,30715.09400000001
118923,32835.09400000001
118924,32974.09700000001
118925,34310.096000000005
118926,34395.094000000005
118927,34623.094000000005
118928,34469.096
118929,34328.092000000004
118930,35402.090000000004
118931,35247.087
118932,36312.084
118933,34203.085
118934,34608.082
118935,34993.083
118936,34222.08500000001
118937,34053.083
118938,34125.08
118939,33655.081000000006
118940,32095.08100000001
118941,32418.08300000001
118942,31815.085000000006
118943,31340.087000000007
118944,31238.083000000006
118945,29664.08300000001
118946,29269.085000000006
118947,29449.083000000006
118948,29834.084000000006
118949,31284.081000000006
118950,32064.082000000006
118951,32157.079000000005
118952,32777.077000000005
118953,35164.073000000004
118954,35350.075000000004
118955,36011.074
118956,36611.072
118957,37285.075000000004
118958,36855.08
118959,36414.083000000006
118960,37614.086
118961,36999.089
118962,37083.088
118963,35523.089
118964,35522.092000000004
118965,35872.09500000001
118966,36237.097
118967,35697.099
118968,35397.098000000005
118969,34636.098000000005
118970,32655.106000000007
118971,32329.107000000007
118972,32719.108000000007
118973,31349.11200000001
118974,31089.117000000006
118975,29784.120000000006
118976,29794.125000000007
118977,28584.133000000005
118978,29644.13300000001
118979,30385.13800000001
118980,30727.13600000001
118981,30502.140000000007
118982,30284.141000000007
118983,32773.138000000006
118984,32418.140000000007
118985,33456.14000000001
118986,33377.145000000004
118987,33762.148
118988,33333.15100000001
118989,33742.15200000001
118990,35082.153999999995
118991,35910.149
118992,35779.14899999999
118993,34749.153999999995
118994,34649.163
118995,36177.166
118996,36610.163
118997,36605.172
118998,36675.17
118999,37046.170999999995
119000,36236.17
119001,35855.172
119002,36098.168999999994
119003,34965.17399999999
119004,34695.183999999994
119005,32790.183000000005
119006,32830.183000000005
119007,31874.187000000005
119008,33379.189999999995
119009,33344.19700000001
119010,33306.194
119011,33244.192
119012,33572.191
119013,35439.19499999999
119014,34556.19899999999
119015,35236.19999999999
119016,35282.198
119017,35218.202999999994
119018,34341.204999999994
119019,33878.21
119020,35335.208
119021,36418.20599999999
119022,35940.206
119023,34710.208
119024,35120.208
119025,35804.212999999996
119026,36615.20999999999
119027,36620.21
119028,36224.212999999996
119029,35609.215
119030,35029.210999999996
119031,35034.212999999996
119032,35064.217
119033,35174.218
119034,35729.219
119035,34174.225000000006
119036,34398.23000000001
119037,34532.23300000001
119038,36168.235
119039,36614.236000000004
119040,36984.238
119041,36029.238
119042,36912.231999999996
119043,38156.237
119044,37163.236
119045,37609.239
119046,37109.242
119047,36777.246999999996
119048,36625.25
119049,36431.257
119050,37338.263000000006
119051,38246.268000000004
119052,38076.271
119053,36562.272000000004
119054,37074.276000000005
119055,37480.278000000006
119056,37427.279
119057,37307.29
119058,36487.296
119059,35864.299000000006
119060,34439.30200000001
119061,34494.30400000001
119062,34907.30400000001
119063,34941.30300000001
119064,35065.31100000001
119065,33575.31500000001
119066,34422.31600000001
119067,34437.31300000002
119068,36360.30700000001
119069,36212.30400000001
119070,36746.31000000001
119071,36380.308000000005
119072,36469.30600000001
119073,37287.31500000001
119074,37010.314000000006
119075,37606.31700000001
119076,37226.31800000001
119077,37336.32400000001
119078,37461.32500000001
119079,37990.32500000001
119080,39237.32500000001
119081,39556.33200000002
119082,39685.33400000001
119083,39551.330000000016
119084,40164.330000000016
119085,40010.33300000001
119086,40325.328000000016
119087,40608.33000000001
119088,39265.33200000002
119089,39214.33300000002
119090,38821.33800000001
119091,37697.339000000014
119092,38426.34000000002
119093,37705.343000000015
119094,38016.335000000014
119095,37319.335000000014
119096,37367.339000000014
119097,37562.337000000014
119098,38729.34400000001
119099,38964.34600000001
119100,39388.35000000001
119101,39339.354000000014
119102,39185.352000000006
119103,40062.358000000015
119104,40249.35600000001
119105,41098.36600000001
119106,40773.37200000001
119107,41302.37200000002
119108,41789.375000000015
119109,41738.38400000001
119110,42757.38400000001
119111,43928.38900000001
119112,44314.39500000001
119113,43499.40300000002
119114,44258.40500000001
119115,44369.40100000001
119116,44964.40100000001
119117,44204.40400000001
119118,43472.39900000001
119119,43475.40500000001
119120,42357.40500000001
119121,41367.413000000015
119122,41693.42100000002
119123,40390.428000000014
119124,40205.43100000001
119125,39608.434000000016
119126,40190.43300000001
119127,40093.43200000002
119128,39441.44400000001
119129,39721.44900000001
119130,40025.45300000001
119131,40308.45700000002
119132,38603.46000000002
119133,40713.46600000002
119134,40871.47000000002
119135,42659.465000000026
119136,42299.46300000001
119137,42292.47500000002
119138,42754.47900000002
119139,42328.48100000002
119140,42481.48600000001
119141,42641.50000000002
119142,43888.50900000003
119143,43539.51100000002
119144,44078.51700000002
119145,43619.52300000002
119146,43464.518000000025
119147,42727.51800000002
119148,42263.519000000015
119149,41735.52100000002
119150,41175.51700000003
119151,40397.52500000002
119152,40840.53000000001
119153,39944.523000000016
119154,39109.52800000002
119155,39132.535000000025
119156,39429.539000000026
119157,39956.535000000025
119158,40688.53600000002
119159,41809.54500000002
119160,41902.54400000002
119161,42398.54200000002
119162,42080.546000000024
119163,43405.54300000002
119164,43453.54900000002
119165,43371.55300000003
119166,43137.556000000026
119167,43318.55900000002
119168,43516.56500000002
119169,43499.569000000025
119170,43695.567000000025
119171,43814.567000000025
119172,44147.569000000025
119173,43752.57200000002
119174,43496.57800000002
119175,43887.58500000002
119176,43844.58000000002
119177,43893.57500000002
119178,43100.57500000003
119179,42271.56400000003
119180,42297.56100000002
119181,41597.56900000004
119182,42970.564000000035
119183,42885.57100000003
119184,42712.577000000034
119185,42243.586000000025
119186,42380.599000000024
119187,41887.60300000002
119188,42813.59800000002
119189,43977.599000000024
119190,44739.60200000002
119191,44932.60400000002
119192,44020.603000000025
119193,45094.60200000002
119194,44717.59800000001
119195,44561.59400000001
119196,44122.59900000002
119197,44652.59700000002
119198,45204.595000000016
119199,45198.59600000002
119200,45633.59100000002
119201,44195.60600000003
119202,43943.606000000014
119203,42790.607
119204,43013.62000000001
119205,43674.62600000002
119206,43145.623000000014
119207,42285.63400000001
119208,41613.63500000002
119209,40552.63100000001
119210,39565.641
119211,40194.637
119212,41496.656
119213,41368.64400000001
119214,41404.64600000001
119215,40081.65200000002
119216,41321.66200000002
119217,40807.65800000001
119218,41280.65800000002
119219,41615.67000000001
119220,41914.66600000001
119221,42398.660000000025
119222,41444.652000000024
119223,42767.64400000003
119224,41382.657000000014
119225,41174.663000000015
119226,41130.66500000001
119227,42550.65400000002
119228,42682.65600000002
119229,42693.66800000001
119230,43294.66400000001
119231,42903.66500000001
119232,43697.65600000001
119233,43093.65300000001
119234,42572.659000000014
119235,42419.65800000002
119236,41247.65600000002
119237,40497.65700000002
119238,40444.650000000016
119239,40094.65300000001
119240,40080.64700000002
119241,39962.65600000001
119242,40872.648000000016
119243,40784.64800000002
119244,40533.65500000001
119245,39802.65600000001
119246,40638.650000000016
119247,39312.64600000001
119248,40408.64600000002
119249,40540.65400000001
119250,40712.64500000001
119251,41381.63800000002
119252,40056.63400000001
119253,41477.63500000002
119254,41362.633000000016
119255,42147.622
119256,42340.62600000001
119257,43501.62500000001
119258,42191.640000000014
119259,43288.629000000015
119260,43651.62000000002
119261,43956.61200000001
119262,44692.60900000002
119263,44273.60900000002
119264,45372.611000000026
119265,45380.614000000016
119266,44564.61300000002
119267,44348.610000000015
119268,44533.60700000002
119269,43056.606000000014
119270,43931.60700000002
119271,43410.60400000002
119272,43599.603000000025
119273,43071.60300000002
119274,42688.601000000024
119275,41820.603000000025
119276,42251.611000000026
119277,41382.60800000004
119278,41930.607000000025
119279,41616.59400000003
119280,40801.61000000002
119281,41137.61100000003
119282,40077.61000000003
119283,40934.61400000002
119284,40580.62200000001
119285,40954.624000000025
119286,40791.62800000002
119287,40127.62900000002
119288,39421.62700000002
119289,40705.62300000002
119290,40711.62500000002
119291,41175.62800000002
119292,41557.622000000025
119293,41076.626000000026
119294,40463.61900000002
119295,39358.612000000016
119296,38816.61600000001
119297,38410.61300000001
119298,38766.59400000002
119299,37830.60100000002
119300,38121.59700000001
119301,36643.60000000001
119302,37248.60700000002
119303,36844.597000000016
119304,37091.589000000014
119305,36051.593000000015
119306,35983.585000000014
119307,35697.58800000001
119308,35741.583000000006
119309,34283.591000000015
119310,33988.591000000015
119311,33871.58200000002
119312,33516.58300000002
119313,34349.58700000002
119314,34615.578000000016
119315,35492.57700000001
119316,35118.57800000001
119317,34929.577000000005
119318,35728.568000000014
119319,36979.56700000001
119320,37026.569
119321,37473.56500000001
119322,37916.57900000001
119323,37289.59000000001
119324,36681.57900000001
119325,36178.566000000006
119326,35894.56800000001
119327,35516.56800000002
119328,34728.57900000002
119329,34953.56900000002
119330,35076.56200000002
119331,35380.557000000015
119332,35508.54900000001
119333,34950.546
119334,34539.546
119335,33724.54200000001
119336,33910.544
119337,33791.539000000004
119338,33412.53300000001
119339,33037.532000000014
119340,32262.536000000015
119341,31424.539000000015
119342,31826.530000000013
119343,32006.534000000018
119344,32606.52300000002
119345,33143.52300000001
119346,32948.51800000001
119347,32202.517000000014
119348,32438.522000000015
119349,32423.520000000015
119350,32474.523000000016
119351,32772.525000000016
119352,32913.52400000002
119353,32538.518000000022
119354,32764.51100000002
119355,32309.513000000017
119356,32367.517000000018
119357,32651.520000000015
119358,33104.51300000001
119359,33473.521000000015
119360,33751.51600000001
119361,33731.50500000001
119362,33521.50000000001
119363,32677.502000000015
119364,31909.503000000015
119365,31361.506000000016
119366,31635.509000000013
119367,31817.507000000012
119368,30800.522000000015
119369,30535.513000000017
119370,30567.513000000017
119371,29940.512000000017
119372,29456.517000000018
119373,29497.52000000002
119374,29727.52400000002
119375,30022.52800000002
119376,29354.532000000017
119377,29209.523000000016
119378,29169.523000000016
119379,29667.50800000002
119380,28983.508000000016
119381,28785.50400000002
119382,30251.50100000001
119383,29482.510000000017
119384,29070.500000000015
119385,29351.501000000015
119386,29303.495000000014
119387,29121.499000000014
119388,29188.492000000013
119389,29231.498000000014
119390,29254.50100000001
119391,29686.490000000013
119392,28608.487000000012
119393,29112.487000000012
119394,28419.48300000001
119395,26804.490000000013
119396,26294.489000000012
119397,26545.483000000015
119398,26150.47700000001
119399,26080.47900000001
119400,26811.47800000001
119401,26134.47200000001
119402,26357.473000000013
119403,26191.469000000012
119404,26792.46200000001
119405,27156.45300000001
119406,27379.44800000001
119407,27131.44000000001
119408,27774.435000000012
119409,27725.44200000001
119410,27352.43700000001
119411,27108.43800000001
119412,28253.43300000001
119413,27863.43600000001
119414,27641.43200000001
119415,28616.440000000006
119416,29084.441000000006
119417,28805.444000000007
119418,27128.455000000005
119419,27449.446000000007
119420,27564.446000000007
119421,27620.445000000007
119422,26353.44500000001
119423,26334.447000000004
119424,26429.445000000007
119425,24858.446000000007
119426,24499.43900000001
119427,24646.43800000001
119428,25219.431000000008
119429,24997.429000000007
119430,25686.432000000008
119431,25203.42900000001
119432,25323.432000000008
119433,25834.429000000007
119434,25118.426000000003
119435,25696.423000000006
119436,24687.426000000003
119437,23053.430000000004
119438,22962.431000000008
119439,22744.431000000008
119440,21874.438000000006
119441,21714.43600000001
119442,23175.437000000005
119443,22228.433000000005
119444,21730.436
119445,22235.436
119446,23798.432000000004
119447,22981.442000000003
119448,23265.430000000008
119449,23048.426000000007
119450,23508.420000000006
119451,22980.426000000003
119452,22499.423000000003
119453,22423.424000000003
119454,22760.424000000003
119455,21558.424000000003
119456,19992.421000000002
119457,19814.418000000005
119458,20596.418
119459,20617.416
119460,20101.413000000004
119461,20795.401
119462,20422.399
119463,20254.408
119464,19981.405
119465,20266.406
119466,20025.418
119467,19496.413
119468,17991.416
119469,17668.41
119470,18269.406
119471,18635.393999999997
119472,19861.392999999996
119473,18739.399999999998
119474,18923.402
119475,18766.411
119476,19627.412
119477,19154.413
119478,19733.413
119479,20497.406
119480,20592.404000000002
119481,20353.4
119482,20198.393
119483,21200.382999999998
119484,21053.380999999998
119485,20333.380999999998
119486,19829.369
119487,19659.361999999997
119488,21622.345999999994
119489,22752.339999999993
119490,22338.334999999992
119491,22780.339999999993
119492,20930.338999999996
119493,20424.343999999997
119494,19737.345999999994
119495,19291.358999999997
119496,18262.364999999998
119497,17577.369
119498,15590.372000000001
119499,13829.374999999998
119500,13809.377
119501,12728.391000000001
119502,12953.400000000003
119503,12422.404000000002
119504,11724.409000000003
119505,12257.412000000004
119506,12550.420000000006
119507,13236.423000000006
119508,12990.423000000008
119509,13697.43400000001
119510,14448.437000000013
119511,13902.443000000014
119512,13172.449000000015
119513,11908.465000000018
119514,11048.48300000002
119515,10131.493000000022
119516,8301.514000000017
119517,5376.545000000009
119518,4478.577000000012
119519,1215.6249999999957
119520,1915.4499999999966
119521,3600.4430000000184
119522,5710.429000000024
119523,6763.423000000023
119524,7703.416000000023
119525,8160.413000000022
119526,10415.399000000025
119527,11602.397000000023
119528,13242.39800000002
119529,14130.394000000017
119530,16600.39400000002
119531,15735.390000000014
119532,15325.381000000014
119533,15075.374000000013
119534,14790.377000000011
119535,15465.368000000011
119536,13723.365000000009
119537,13353.364000000007
119538,13698.354000000005
119539,13933.353000000006
119540,13320.345000000005
119541,14016.340000000004
119542,14426.334000000004
119543,15414.332000000004
119544,16809.328
119545,17034.322
119546,18384.311
119547,18414.306
119548,17909.299
119549,17929.292999999998
119550,16494.298
119551,17701.298
119552,17466.306999999997
119553,18030.313
119554,16991.318
119555,16264.317000000001
119556,16992.318
119557,18252.309999999998
119558,20022.305999999997
119559,18742.302999999996
119560,19147.301
119561,17847.297
119562,17992.295
119563,17052.296000000002
119564,17182.290999999997
119565,17527.291999999998
119566,16712.288
119567,16702.289
119568,15644.288
119569,16229.281
119570,16524.282
119571,16414.280000000002
119572,16585.276
119573,16230.273000000003
119574,17132.267000000003
119575,17012.257
119576,17962.252000000004
119577,18397.24
119578,17782.238
119579,17182.235000000004
119580,15812.236000000003
119581,16609.228000000003
119582,16969.225000000002
119583,17174.223000000005
119584,15964.226000000002
119585,15879.225000000004
119586,15909.218000000003
119587,15534.215000000004
119588,16239.214000000004
119589,15984.215000000004
119590,15974.215000000006
119591,15034.215000000006
119592,15194.218000000006
119593,15732.212000000005
119594,16707.204000000005
119595,17087.203000000005
119596,16472.200000000004
119597,17475.192000000003
119598,17475.186
119599,17110.184000000005
119600,16738.176000000003
119601,16528.176000000003
119602,16956.172000000002
119603,17316.174000000003
119604,17741.174000000003
119605,17501.179000000004
119606,17896.180000000004
119607,16908.182
119608,16711.183000000005
119609,17091.188000000002
119610,17491.189000000002
119611,18466.187000000005
119612,18451.191000000006
119613,17268.192000000003
119614,17293.189000000002
119615,18658.188000000002
119616,17903.189000000002
119617,17908.189000000006
119618,18085.191000000006
119619,17683.193000000003
119620,16893.198000000004
119621,15341.198000000002
119622,14969.198000000002
119623,15374.199000000002
119624,15174.203000000003
119625,14381.206000000004
119626,14214.206000000004
119627,14832.203000000003
119628,15427.201000000003
119629,15837.197000000002
119630,16422.197
119631,16842.195
119632,17628.193000000003
119633,19018.190000000002
119634,20208.187
119635,19053.184000000005
119636,19640.184000000005
119637,19086.181000000004
119638,19071.182000000004
119639,19086.181000000004
119640,18891.181000000004
119641,20717.174000000003
119642,20692.177000000003
119643,18712.183000000005
119644,17352.182000000004
119645,18902.182
119646,18742.179000000004
119647,18762.177000000003
119648,17957.179000000004
119649,17947.181000000004
119650,17129.186
119651,15969.184000000001
119652,14664.180000000002
119653,14632.182000000003
119654,14857.180000000002
119655,14817.184000000003
119656,14447.180000000002
119657,15237.178000000002
119658,15252.178000000002
119659,15437.179000000002
119660,15637.178000000002
119661,15262.176000000003
119662,16457.175000000003
119663,16857.173000000003
119664,18609.173000000006
119665,18809.171000000006
119666,20369.171000000002
119667,20534.172000000002
119668,21299.173000000003
119669,21694.172000000002
119670,21717.170000000002
119671,22472.173000000003
119672,21692.173000000006
119673,22467.172000000002
119674,20887.173000000003
119675,22047.174000000003
119676,21584.180000000004
119677,21184.177000000003
119678,20209.178000000004
119679,19804.181000000004
119680,19844.178000000004
119681,19449.177000000003
119682,18101.175000000003
119683,17491.176000000003
119684,17489.178
119685,16517.179
119686,16089.183000000003
119687,16679.182
119688,16669.181
119689,17239.182
119690,16014.188000000002
119691,15647.186000000002
119692,16402.191000000003
119693,15254.190000000002
119694,16804.191000000003
119695,17411.188000000002
119696,18374.192000000003
119697,18789.191000000006
119698,19336.192000000006
119699,19341.193000000007
119700,19956.192000000006
119701,20338.191000000006
119702,19953.190000000006
119703,20523.192000000006
119704,18991.190000000006
119705,19789.188000000006
119706,19399.188000000006
119707,19599.187000000005
119708,19412.187000000005
119709,19232.185000000005
119710,19242.185000000005
119711,18447.188000000006
119712,18442.188000000006
119713,18432.190000000006
119714,19027.188000000006
119715,19024.187000000005
119716,19264.182000000004
119717,19646.182000000004
119718,19469.180000000004
119719,18874.179000000004
119720,18107.175000000003
119721,19242.176000000003
119722,18832.176000000003
119723,18247.175000000003
119724,20002.173000000003
119725,19774.178000000004
119726,20334.179000000004
119727,20526.176000000003
119728,21091.179000000004
119729,21491.176000000003
119730,22294.172000000002
119731,22104.170000000006
119732,22094.171000000002
119733,22524.168000000005
119734,21564.164000000004
119735,22277.169000000005
119736,21489.165000000005
119737,21091.166000000005
119738,21517.163000000004
119739,20917.163000000004
119740,20517.164000000004
119741,20337.161000000004
119742,19787.159000000003
119743,19579.159000000003
119744,19971.158000000003
119745,19981.156000000003
119746,19779.159000000003
119747,20179.157000000003
119748,19802.158000000003
119749,20562.162
119750,20387.159000000003
119751,19769.162000000004
119752,20164.163000000004
119753,19822.157000000003
119754,20597.157000000003
119755,20202.157
119756,20894.168
119757,21492.168
119758,22062.169
119759,21637.175000000003
119760,21434.175
119761,22804.177000000003
119762,22593.177
119763,22816.177000000003
119764,22054.179000000004
119765,23209.179000000004
119766,22621.180000000004
119767,22621.182000000004
119768,22842.181000000004
119769,22095.179000000004
119770,22107.180000000004
119771,21527.177000000003
119772,20568.182000000004
119773,20193.185000000005
119774,21135.185000000005
119775,21522.184000000005
119776,20954.186000000005
119777,21808.183000000005
119778,22023.185000000005
119779,22648.178000000004
119780,22448.179000000004
119781,21863.181000000004
119782,22079.184000000005
119783,21120.184000000005
119784,20254.193000000007
119785,20351.187000000005
119786,21692.185000000005
119787,22312.186000000005
119788,22930.181000000004
119789,23523.181000000004
119790,22973.181000000004
119791,23553.181000000004
119792,23219.181000000004
119793,23394.181000000004
119794,22371.188000000006
119795,23985.185000000005
119796,22830.186000000005
119797,23408.180000000004
119798,24346.183000000005
119799,23166.185000000005
119800,23206.183000000005
119801,23420.186000000005
119802,23651.186000000005
119803,23221.196000000004
119804,23629.196000000004
119805,23666.197000000004
119806,23470.200000000004
119807,24219.202000000005
119808,24788.201000000005
119809,25552.209000000006
119810,26374.204000000005
119811,25805.205000000005
119812,25973.205000000005
119813,24808.201000000005
119814,24801.202000000005
119815,24632.205000000005
119816,25409.210000000006
119817,25666.207000000006
119818,25656.217000000004
119819,26147.211000000007
119820,25279.204000000005
119821,25439.208000000006
119822,24423.212000000007
119823,23884.210000000006
119824,22918.210000000006
119825,23315.209000000006
119826,22529.208000000006
119827,22352.210000000006
119828,24048.201000000005
119829,24415.202000000005
119830,24441.202000000005
119831,23656.203000000005
119832,24119.197000000004
119833,24583.193000000003
119834,24796.192000000003
119835,25606.191000000003
119836,25428.189000000006
119837,26374.191000000006
119838,27145.191000000003
119839,27541.192000000003
119840,28152.196000000004
119841,28768.189000000002
119842,29614.184
119843,28039.184
119844,27864.184
119845,27679.180999999997
119846,28715.178999999996
119847,27344.181999999997
119848,27149.179
119849,27478.183
119850,26782.179000000004
119851,26831.179000000004
119852,26005.182
119853,25603.181
119854,24669.179
119855,25492.182
119856,24642.185
119857,24038.188000000002
119858,25807.186
119859,25848.182
119860,25796.182
119861,25652.181
119862,26836.183
119863,27267.182
119864,27699.179
119865,27842.183
119866,27406.184
119867,27931.188000000002
119868,28540.182
119869,28591.183
119870,28228.185
119871,28962.186
119872,29027.181
119873,27875.179
119874,27989.187
119875,28025.183
119876,28050.184
119877,27293.179
119878,26455.184
119879,27096.186
119880,26196.184
119881,26928.19
119882,26369.189
119883,26610.184
119884,25533.18
119885,26721.178
119886,26233.179
119887,25861.177
119888,27104.172000000002
119889,26631.179000000004
119890,26715.175000000003
119891,26420.176000000003
119892,27804.174000000003
119893,28548.179
119894,29521.17
119895,29486.178
119896,29069.189000000002
119897,29100.192
119898,28756.19
119899,28609.193000000003
119900,28415.196
119901,28979.204
119902,29568.203
119903,28713.207000000002
119904,28706.210000000003
119905,28417.2
119906,29464.206000000002
119907,28445.215
119908,27788.224
119909,28617.224
119910,28343.224
119911,27955.224
119912,27335.224
119913,28709.222
119914,27721.227
119915,29267.233
119916,28292.236
119917,26756.241
119918,27665.248000000003
119919,27624.258
119920,28620.259000000002
119921,27716.254
119922,29226.257
119923,29395.262000000002
119924,29618.262000000002
119925,29434.268000000004
119926,29653.269000000004
119927,29363.258000000005
119928,28229.258000000005
119929,28450.260000000006
119930,28168.258
119931,29175.259000000002
119932,30035.252000000004
119933,29872.253000000004
119934,29861.255
119935,28303.262000000002
119936,28967.255000000005
119937,28231.258
119938,27684.251000000004
119939,27728.264000000003
119940,27923.265000000003
119941,27388.263000000003
119942,26935.27
119943,27645.269
119944,27631.269
119945,29388.271
119946,28852.272
119947,28642.27
119948,29551.271
119949,29789.258
119950,31256.252
119951,30183.256
119952,30440.257
119953,30873.264
119954,32067.258
119955,31075.258
119956,31130.251
119957,30457.252
119958,31251.248
119959,31529.249
119960,31075.242000000002
119961,31690.234
119962,32256.233
119963,31507.225000000002
119964,30474.223
119965,29149.215
119966,29594.215
119967,28962.217
119968,28270.215000000004
119969,27425.218
119970,27874.211000000003
119971,27766.204
119972,26478.209000000003
119973,26746.203
119974,26842.196000000004
119975,28325.204
119976,27726.202
119977,28775.201
119978,29450.189000000002
119979,29507.182
119980,30510.175
119981,28927.167000000005
119982,28557.166000000005
119983,28377.158000000003
119984,29978.153000000006
119985,30006.146000000004
119986,29592.141000000003
119987,29873.143000000004
119988,30369.141000000003
119989,31272.134000000002
119990,30656.135000000002
119991,32072.122000000003
119992,32653.121000000003
119993,32140.119000000002
119994,31550.119000000002
119995,30812.115
119996,31444.110000000004
119997,30847.112
119998,30930.107
119999,30902.108
120000,30656.109
120001,30424.115
120002,29369.119
120003,30330.121000000003
120004,29559.123
120005,30498.125000000004
120006,30361.120000000003
120007,30886.123000000003
120008,31064.123000000003
120009,30247.123000000003
120010,30369.125000000004
120011,28857.125000000004
120012,29010.126000000004
120013,29652.121000000003
120014,30675.117000000002
120015,30510.11
120016,30854.109
120017,30859.105
120018,30259.106000000003
120019,30835.106000000003
120020,30658.106000000003
120021,31433.105000000003
120022,31662.102000000003
120023,31962.096
120024,31585.097
120025,30616.099000000002
120026,30898.092
120027,30677.093
120028,30027.092
120029,30410.092
120030,30001.092
120031,30256.087
120032,28594.09
120033,28750.087000000003
120034,28530.084000000003
120035,29507.086000000003
120036,28873.088000000003
120037,29443.082000000002
120038,30216.082000000002
120039,29491.078
120040,30004.081000000002
120041,28857.08
120042,29421.079
120043,29044.081000000002
120044,30200.081000000002
120045,30042.079
120046,30397.079
120047,30499.082000000002
120048,30772.081000000002
120049,31162.079
120050,30812.076
120051,32212.073
120052,33192.072
120053,32976.068999999996
120054,31701.074000000004
120055,31200.076000000005
120056,32240.071000000004
120057,32315.065000000002
120058,31660.069000000003
120059,32220.068000000003
120060,32015.063000000002
120061,31625.064000000002
120062,30255.065000000002
120063,30390.067000000003
120064,29840.065000000002
120065,30775.068000000003
120066,30590.067
120067,30225.068000000003
120068,30055.068000000003
120069,28945.067000000003
120070,30330.068000000003
120071,28755.072000000004
120072,29370.071000000004
120073,29855.068000000003
120074,30995.069000000003
120075,30595.066000000003
120076,30780.070000000003
120077,31165.071
120078,31650.068000000003
120079,32290.068000000003
120080,31740.066000000003
120081,32915.066000000006
120082,33110.067
120083,31815.068000000003
120084,31295.066000000003
120085,31125.066000000003
120086,31285.068000000003
120087,31095.067000000003
120088,31160.064000000002
120089,31555.063000000002
120090,30755.068000000003
120091,30585.068000000003
120092,29960.063000000006
120093,29915.063000000006
120094,30080.064000000002
120095,31340.062
120096,30755.062
120097,30590.061000000005
120098,30405.059000000005
120099,29660.057000000004
120100,30070.060000000005
120101,29130.058000000005
120102,30165.056000000004
120103,31530.059000000005
120104,32325.056000000004
120105,30960.056000000004
120106,31380.055000000004
120107,31380.056000000004
120108,31635.063000000006
120109,31870.060000000005
120110,31160.061000000005
120111,31755.059000000005
120112,32370.058000000005
120113,31625.056000000004
120114,31045.056000000004
120115,31650.057000000004
120116,32600.057000000004
120117,32760.059000000005
120118,32765.058000000005
120119,32980.05900000001
120120,32375.058000000005
120121,32795.058000000005
120122,31795.058000000005
120123,31235.058000000005
120124,31210.054000000004
120125,31785.056000000004
120126,31195.057000000004
120127,30765.060000000005
120128,30390.057000000004
120129,29630.058000000008
120130,30575.05900000001
120131,30065.054000000004
120132,30685.053000000007
120133,32430.050000000003
120134,32550.055000000004
120135,31220.054000000004
120136,31350.058000000005
120137,31515.060000000005
120138,31330.064000000006
120139,30705.067000000006
120140,30770.064000000006
120141,31780.062000000005
120142,31630.063000000006
120143,31610.062000000005
120144,31200.061000000005
120145,31965.064000000006
120146,32435.066000000003
120147,32040.068000000003
120148,31255.069000000003
120149,31865.069000000003
120150,30785.067000000006
120151,30480.065000000006
120152,29565.063000000006
120153,29090.058000000005
120154,30270.056000000004
120155,30320.056000000008
120156,30390.052000000007
120157,30960.050000000003
120158,30175.053000000004
120159,29365.055000000004
120160,30335.056000000004
120161,29500.057000000004
120162,30500.057000000004
120163,31890.057000000004
120164,32515.054000000007
120165,31700.056000000008
120166,31990.052000000003
120167,32775.05200000001
120168,33385.05500000001
120169,33945.055
120170,33840.052
120171,34425.052
120172,34830.049000000006
120173,34475.049000000006
120174,33400.054000000004
120175,33410.05700000001
120176,34730.053
120177,34205.051
120178,34185.051
120179,34800.05
120180,33590.049000000006
120181,33490.044
120182,32905.04400000001
120183,31730.045000000006
120184,31620.052000000007
120185,31420.053000000007
120186,30620.052000000007
120187,30420.055000000008
120188,30130.052000000007
120189,29530.050000000007
120190,30760.048000000006
120191,30205.047000000006
120192,30090.048000000006
120193,31745.044000000005
120194,31545.045000000006
120195,31375.045000000006
120196,31340.047000000006
120197,31950.047000000006
120198,32685.046000000006
120199,33470.045000000006
120200,33470.045000000006
120201,34415.046
120202,34640.045000000006
120203,34195.046
120204,33545.05
120205,32990.05
120206,33630.049000000006
120207,33800.05
120208,34385.05100000001
120209,35430.047000000006
120210,34490.045000000006
120211,34690.044
120212,34355.043000000005
120213,33235.04400000001
120214,33375.045000000006
120215,33705.046
120216,32725.047000000006
120217,32925.047000000006
120218,32135.049000000006
120219,30765.051000000007
120220,31500.055000000008
120221,30615.056000000004
120222,30855.053000000007
120223,32800.05500000001
120224,32740.059000000005
120225,32710.057000000004
120226,32730.058000000008
120227,32940.055
120228,32705.06000000001
120229,33315.060000000005
120230,32935.063
120231,33745.062999999995
120232,34510.06100000001
120233,33760.062000000005
120234,33010.062000000005
120235,32020.06500000001
120236,33050.06500000001
120237,32820.06800000001
120238,33030.066000000006
120239,33825.068
120240,32810.066000000006
120241,33045.06400000001
120242,32330.06200000001
120243,30985.063000000006
120244,31440.06100000001
120245,31650.058000000005
120246,30390.06100000001
120247,30720.06500000001
120248,30620.06100000001
120249,29990.057000000008
120250,30925.060000000005
120251,30730.060000000005
120252,30520.064000000006
120253,31890.06300000001
120254,32420.064000000006
120255,33265.06100000001
120256,33320.060000000005
120257,33125.060000000005
120258,33800.05700000001
120259,33795.058000000005
120260,33365.062000000005
120261,34045.058000000005
120262,34640.058
120263,34900.056
120264,34440.057
120265,34800.054000000004
120266,35605.055
120267,35170.059
120268,35430.056000000004
120269,35805.058
120270,34090.060000000005
120271,34055.063
120272,33450.062000000005
120273,32790.06300000001
120274,33190.061
120275,32375.063000000006
120276,31545.05900000001
120277,31945.057000000008
120278,31700.057000000008
120279,30855.061000000005
120280,32185.06300000001
120281,31595.064000000006
120282,32265.062000000005
120283,33070.062000000005
120284,33325.06300000001
120285,33960.063
120286,34090.066
120287,34065.066
120288,34240.065
120289,34015.066000000006
120290,33990.066000000006
120291,34920.064000000006
120292,34300.066000000006
120293,34500.06500000001
120294,33575.06500000001
120295,33650.060000000005
120296,34120.05900000001
120297,34330.056000000004
120298,34655.059
120299,34425.065
120300,32765.070000000007
120301,32675.07200000001
120302,31460.07100000001
120303,30520.06800000001
120304,30580.06600000001
120305,30845.06200000001
120306,30270.06000000001
120307,30885.059000000005
120308,29905.06000000001
120309,29875.061000000005
120310,30900.061000000005
120311,30225.06400000001
120312,31470.068000000007
120313,32850.06800000001
120314,34215.06800000001
120315,35095.063
120316,35305.066000000006
120317,34415.065
120318,34300.06500000001
120319,33730.067
120320,32970.06700000001
120321,33530.067
120322,33635.07
120323,34074.069
120324,32959.07000000001
120325,32469.075000000004
120326,33154.07000000001
120327,33379.07000000001
120328,33309.075000000004
120329,33525.07800000001
120330,33175.075000000004
120331,33182.07400000001
120332,32237.073000000008
120333,30797.07800000001
120334,30627.07900000001
120335,30431.08700000001
120336,29261.08800000001
120337,29523.08500000001
120338,29110.08500000001
120339,28750.08400000001
120340,30060.08500000001
120341,30384.07800000001
120342,30824.07900000001
120343,31589.077000000005
120344,32539.07800000001
120345,33764.077000000005
120346,34405.076
120347,34286.07400000001
120348,34671.070999999996
120349,34646.070999999996
120350,34093.071
120351,34148.07
120352,34395.066999999995
120353,34450.066999999995
120354,34540.064
120355,34150.065
120356,34725.069
120357,34495.071
120358,35160.06500000001
120359,35780.063
120360,34445.062000000005
120361,34220.064000000006
120362,34450.06300000001
120363,33456.065
120364,33091.066000000006
120365,33507.06300000001
120366,32122.063000000006
120367,31666.069000000007
120368,31216.072000000007
120369,30981.075000000008
120370,31521.08000000001
120371,30536.08200000001
120372,31131.08000000001
120373,31816.08400000001
120374,32241.08200000001
120375,33111.07900000001
120376,33764.08600000001
120377,33566.08900000001
120378,33188.08900000001
120379,33068.08900000001
120380,32702.088000000007
120381,32672.089000000007
120382,32328.088000000007
120383,32750.087000000007
120384,32555.088000000007
120385,32587.088000000007
120386,33187.090000000004
120387,34207.08700000001
120388,34615.08900000001
120389,34430.088
120390,34015.08900000001
120391,33925.092000000004
120392,33751.092000000004
120393,32980.09400000001
120394,32577.09400000001
120395,31847.09500000001
120396,30076.09800000001
120397,29844.102000000006
120398,29682.105000000007
120399,30088.105000000007
120400,31159.104000000007
120401,30858.108000000007
120402,31973.11200000001
120403,32548.11900000001
120404,33363.117000000006
120405,34566.121
120406,35585.124
120407,35363.126000000004
120408,35218.130000000005
120409,34868.129
120410,34125.13200000001
120411,34015.138000000006
120412,33215.14000000001
120413,32840.14600000001
120414,32731.144000000008
120415,33021.141
120416,34198.14200000001
120417,34698.14400000001
120418,34992.14600000001
120419,35488.138000000006
120420,35108.13700000001
120421,35180.134000000005
120422,35365.136000000006
120423,34773.139
120424,34660.138000000006
120425,34510.13100000001
120426,32978.134000000005
120427,32768.133
120428,32745.135000000002
120429,32691.145000000004
120430,33501.148
120431,33321.145000000004
120432,34108.14600000001
120433,35198.149000000005
120434,36053.153000000006
120435,36216.155000000006
120436,36909.15
120437,37162.151
120438,36821.152
120439,36413.155
120440,35977.159
120441,36379.16
120442,34986.164000000004
120443,34572.168000000005
120444,33922.169
120445,33836.174999999996
120446,35440.176
120447,35847.175
120448,36011.179000000004
120449,35671.185000000005
120450,35421.177
120451,36408.181000000004
120452,36527.181000000004
120453,36354.17800000001
120454,35787.18200000001
120455,35982.182
120456,34603.188
120457,33971.19
120458,33906.19500000001
120459,34145.209
120460,35072.213
120461,33573.21500000001
120462,34848.216
120463,36202.21600000001
120464,36241.21400000001
120465,36609.215000000004
120466,36872.21600000001
120467,36441.217000000004
120468,36761.223000000005
120469,36164.225000000006
120470,35846.22600000001
120471,36017.232
120472,35125.231
120473,35213.231
120474,35655.227999999996
120475,35447.229
120476,36476.231
120477,36834.234
120478,36247.241
120479,35658.24300000001
120480,35011.25000000001
120481,35715.254
120482,35151.256
120483,34653.26
120484,35029.261000000006
120485,34968.263
120486,33525.27
120487,33525.275
120488,33965.269
120489,34601.270000000004
120490,36154.275
120491,35845.285
120492,36999.294
120493,37278.29
120494,37383.291000000005
120495,37952.292
120496,38615.299000000006
120497,38240.3
120498,38560.297
120499,38102.301
120500,38464.303
120501,37797.309
120502,36576.314
120503,36991.321
120504,37476.325000000004
120505,36812.326
120506,37968.321
120507,37834.321
120508,37229.32200000001
120509,37020.328
120510,36278.32800000001
120511,36595.333000000006
120512,36906.33500000001
120513,36161.335999999996
120514,35571.334
120515,35223.33500000001
120516,34382.33400000001
120517,34557.339
120518,35062.338
120519,35026.345
120520,36185.346000000005
120521,36630.344000000005
120522,36934.350000000006
120523,36960.35100000001
120524,36667.348000000005
120525,36581.349
120526,37511.352000000006
120527,37429.35200000001
120528,38047.34900000001
120529,38277.35100000001
120530,38095.35600000001
120531,37528.353
120532,37334.355
120533,37458.36600000001
120534,38746.375
120535,38787.37300000001
120536,38649.37700000001
120537,40024.37699999999
120538,39555.37699999999
120539,39131.379
120540,39274.379
120541,39553.378
120542,39073.384000000005
120543,38049.39
120544,38208.38900000001
120545,38062.391
120546,37432.393000000004
120547,37435.392000000014
120548,37157.39200000001
120549,36746.393000000004
120550,37843.397000000004
120551,39471.39800000001
120552,40293.40700000001
120553,40479.40500000001
120554,39067.41100000002
120555,38510.419000000016
120556,39861.41800000002
120557,38968.42000000002
120558,39642.42400000001
120559,40780.42300000002
120560,40472.42800000002
120561,39534.426000000014
120562,39077.42600000003
120563,39878.42400000002
120564,40825.41800000002
120565,40423.42400000001
120566,41106.428000000014
120567,42346.43100000001
120568,42574.43700000001
120569,41785.447000000015
120570,41833.453000000016
120571,41370.449000000015
120572,40862.45200000002
120573,41240.446000000025
120574,41128.449000000015
120575,41429.455000000016
120576,40928.45700000002
120577,40623.45400000001
120578,39436.46500000001
120579,39395.47400000002
120580,39200.47700000002
120581,39972.47400000002
120582,40703.48400000002
120583,40702.49000000002
120584,40604.49200000002
120585,41471.49000000002
120586,41955.48500000002
120587,41951.48500000002
120588,42014.489000000016
120589,41913.49200000002
120590,42318.495000000024
120591,42768.49000000002
120592,43170.48800000002
120593,42661.49300000002
120594,42929.501000000026
120595,42221.50100000002
120596,43113.500000000015
120597,43446.50500000002
120598,44238.504000000015
120599,44249.508000000016
120600,43606.51500000003
120601,42808.52100000003
120602,42201.52100000003
120603,41813.529000000024
120604,41087.523000000016
120605,41370.52800000002
120606,40875.52900000002
120607,40271.539000000026
120608,40205.54400000002
120609,39774.54300000001
120610,39423.54200000002
120611,39683.54400000002
120612,40541.54300000003
120613,41534.54500000003
120614,41776.54700000002
120615,42160.55600000001
120616,43297.55800000001
120617,44102.56300000001
120618,43161.56300000001
120619,43130.56700000002
120620,42550.57000000002
120621,42852.57500000002
120622,42645.57900000002
120623,42491.57800000002
120624,43065.57500000001
120625,43480.572000000015
120626,43731.58500000002
120627,43655.57900000002
120628,43950.58200000002
120629,44687.586
120630,43422.59700000001
120631,43679.58800000002
120632,42785.589000000014
120633,42147.591000000015
120634,41282.60100000002
120635,40389.60100000001
120636,39508.60100000002
120637,38707.60200000002
120638,39036.589000000014
120639,39485.58800000002
120640,39741.59400000002
120641,39265.597000000016
120642,39795.60000000002
120643,41082.60200000002
120644,40803.60900000002
120645,41807.60800000001
120646,42632.614000000016
120647,42974.614000000016
120648,43176.59600000002
120649,43383.59400000001
120650,43383.591000000015
120651,43550.585000000014
120652,43840.584000000024
120653,43276.59200000002
120654,44274.590000000026
120655,44812.59500000002
120656,44814.60200000002
120657,45011.601000000024
120658,45649.593000000015
120659,45731.59900000001
120660,45259.60400000001
120661,45062.619000000006
120662,44187.62000000001
120663,41907.63100000001
120664,42063.637
120665,41544.62500000001
120666,40522.62400000001
120667,39613.616
120668,39774.61200000001
120669,39350.623000000014
120670,39694.62300000001
120671,39763.62000000001
120672,40563.610000000015
120673,41426.60500000001
120674,39991.61500000001
120675,40527.614000000016
120676,42558.60400000001
120677,43288.60300000001
120678,44422.60100000002
120679,44517.59900000001
120680,44571.597000000016
120681,43531.59900000002
120682,42927.60000000002
120683,43155.612000000016
120684,43642.61600000002
120685,44100.59800000002
120686,42774.60500000002
120687,43498.609000000026
120688,42907.612000000016
120689,43156.612000000016
120690,43154.61600000001
120691,43808.61800000002
120692,43309.608000000015
120693,42803.60500000002
120694,43156.597000000016
120695,42054.60300000002
120696,40311.60700000001
120697,39330.608000000015
120698,38463.610000000015
120699,37778.60900000002
120700,38029.612000000016
120701,38167.60800000002
120702,38868.607000000025
120703,40562.60100000002
120704,39698.616000000016
120705,40484.63200000003
120706,41625.62600000002
120707,42147.62600000002
120708,42089.62400000002
120709,42748.622000000025
120710,42296.62700000002
120711,40988.63200000002
120712,40676.63000000002
120713,40466.62800000001
120714,40835.625000000015
120715,40866.622000000025
120716,40609.62400000002
120717,40885.624000000025
120718,41343.622000000025
120719,41193.625000000015
120720,40891.62200000003
120721,41050.62900000002
120722,40218.63200000003
120723,39175.637000000024
120724,39641.63900000002
120725,39805.63500000002
120726,39195.633000000016
120727,38402.627000000015
120728,38601.63900000002
120729,38296.63600000002
120730,39043.63000000002
120731,38717.62700000002
120732,38977.62200000002
120733,39967.61700000002
120734,38951.61500000001
120735,38346.62200000002
120736,38923.621000000014
120737,39146.61500000001
120738,38470.61100000001
120739,38689.61100000002
120740,38346.61000000002
120741,37636.61500000002
120742,37251.61700000001
120743,36410.614000000016
120744,36356.61600000002
120745,35745.61900000001
120746,35726.625000000015
120747,36007.625000000015
120748,35022.621000000014
120749,35788.62600000002
120750,35892.623000000014
120751,36144.62200000001
120752,35986.619000000006
120753,35569.61700000001
120754,35541.611000000004
120755,35555.611000000004
120756,34856.61200000001
120757,35325.59500000001
120758,35760.59900000002
120759,35131.583000000006
120760,34587.58900000001
120761,34531.58600000001
120762,35391.57400000001
120763,34812.57300000001
120764,34279.56400000001
120765,35338.560000000005
120766,35077.569
120767,34240.56900000001
120768,33546.56000000001
120769,33473.567000000025
120770,33518.56200000002
120771,33194.567000000025
120772,32491.57100000002
120773,32713.57600000002
120774,33709.576000000015
120775,32469.55800000002
120776,32263.560000000016
120777,32894.55400000002
120778,32537.55700000002
120779,32722.552000000018
120780,32303.553000000018
120781,32307.549000000017
120782,31406.551000000018
120783,31286.553000000018
120784,30531.552000000018
120785,30571.55800000002
120786,30383.54400000002
120787,30570.544000000016
120788,30419.54500000002
120789,29698.54500000002
120790,29919.53700000002
120791,29541.53600000002
120792,30390.536000000015
120793,29521.537000000015
120794,29632.548000000013
120795,29647.547000000013
120796,30580.546000000013
120797,30813.53600000001
120798,29439.541000000012
120799,29146.535000000014
120800,28680.534000000014
120801,28000.541000000012
120802,29214.536000000015
120803,29903.531000000014
120804,30607.518000000015
120805,29931.510000000017
120806,30593.517000000018
120807,31367.505000000016
120808,32385.499000000014
120809,33325.49200000001
120810,32661.493000000017
120811,32725.48900000002
120812,31143.48700000002
120813,30440.494000000017
120814,28806.497000000018
120815,29851.50100000002
120816,29138.496000000017
120817,29054.508000000016
120818,28723.497000000018
120819,28215.497000000014
120820,28697.493000000013
120821,28689.50300000002
120822,28285.50200000001
120823,27717.491000000016
120824,28145.480000000014
120825,27331.47800000001
120826,27308.476000000013
120827,27493.479000000018
120828,27133.480000000014
120829,26794.473000000013
120830,25979.48500000001
120831,25745.48000000001
120832,26387.48400000001
120833,26998.486000000008
120834,26907.49700000001
120835,26869.49200000001
120836,27593.49000000001
120837,27218.483000000007
120838,27678.488000000012
120839,27097.48100000001
120840,26591.497000000007
120841,25770.49600000001
120842,25162.48800000001
120843,25805.482000000007
120844,25111.47400000001
120845,25584.47900000001
120846,25094.478000000006
120847,26484.475000000006
120848,26215.47400000001
120849,26682.47700000001
120850,26728.466000000008
120851,26760.46000000001
120852,26631.463000000007
120853,25711.465000000007
120854,25651.464000000007
120855,24967.465000000007
120856,24030.468000000008
120857,23160.465000000007
120858,22198.479000000007
120859,22037.47300000001
120860,21636.474000000006
120861,21732.468000000008
120862,22864.460000000006
120863,23313.467000000008
120864,24027.466000000004
120865,24141.453000000005
120866,24120.458000000006
120867,23373.457000000006
120868,24093.45300000001
120869,23229.446000000004
120870,23941.434000000005
120871,23201.43600000001
120872,22262.439000000006
120873,22890.434000000005
120874,22244.43400000001
120875,21922.443000000007
120876,21969.44200000001
120877,22886.43900000001
120878,22384.433000000008
120879,22637.43700000001
120880,23580.431000000008
120881,23170.43400000001
120882,23035.422000000006
120883,22865.423000000006
120884,22932.422000000006
120885,22089.425000000003
120886,21976.417000000005
120887,21084.420000000002
120888,21049.419000000005
120889,22388.409000000003
120890,22487.411000000004
120891,23069.411000000004
120892,22798.413000000004
120893,22526.406000000006
120894,21921.404000000006
120895,22571.406000000006
120896,22750.405000000002
120897,22951.399
120898,23648.399
120899,22057.403000000002
120900,20841.395
120901,20118.397
120902,20906.389000000003
120903,21251.388000000003
120904,22246.388
120905,21231.388
120906,21126.387
120907,20444.391
120908,20038.389
120909,20915.389
120910,21682.387
120911,20913.384
120912,20139.384000000002
120913,19434.390000000003
120914,19042.388000000003
120915,18894.395
120916,18051.404000000002
120917,17918.406000000003
120918,18038.405000000002
120919,19175.399000000005
120920,18695.397000000004
120921,19261.4
120922,20386.396000000004
120923,19643.390000000003
120924,18862.388000000003
120925,21081.386000000002
120926,21893.381
120927,21936.373000000003
120928,21738.368000000002
120929,21770.351
120930,22170.342999999997
120931,21728.339999999997
120932,20731.343999999997
120933,20475.353
120934,20366.359
120935,17795.357
120936,16587.36
120937,15913.361000000003
120938,14917.358000000002
120939,12961.360999999999
120940,12151.366000000002
120941,12063.371000000001
120942,11598.373000000001
120943,11411.383000000003
120944,10801.383000000003
120945,10933.387000000004
120946,10344.390000000005
120947,10725.401000000003
120948,11764.403000000008
120949,13097.402000000007
120950,13590.408000000009
120951,13827.41700000001
120952,13105.43500000001
120953,11538.447000000011
120954,10006.461000000012
120955,9903.478000000014
120956,9028.501000000017
120957,6956.529000000014
120958,5149.562000000018
120959,1207.6129999999982
120960,2619.435
120961,2737.434000000003
120962,3982.421000000019
120963,5693.412000000024
120964,6773.410000000024
120965,7648.407000000024
120966,7947.3960000000225
120967,9362.391000000021
120968,10799.387000000022
120969,11727.379000000017
120970,15249.367000000015
120971,15511.364000000016
120972,14651.364000000014
120973,13596.366000000013
120974,12914.36600000001
120975,12691.37200000001
120976,12899.37300000001
120977,12859.369000000012
120978,12151.37000000001
120979,11809.367000000006
120980,8926.365000000003
120981,10284.369000000004
120982,12499.362000000005
120983,13579.352000000003
120984,14917.343000000004
120985,15732.338000000002
120986,17392.333000000002
120987,18990.325999999997
120988,19163.323999999997
120989,20986.315999999995
120990,19556.327999999998
120991,18926.326999999997
120992,18826.327999999998
120993,19511.335
120994,19518.339
120995,19248.343
120996,18106.34
120997,17741.342
120998,18508.343
120999,18438.338
121000,20013.336
121001,20168.33
121002,18806.33
121003,17631.322
121004,16351.315
121005,17021.307
121006,16848.313000000002
121007,16336.303000000002
121008,16526.299000000006
121009,15504.298000000004
121010,14809.297000000004
121011,14184.293000000003
121012,15459.284000000005
121013,15769.281
121014,16159.282000000001
121015,15634.28
121016,16039.275
121017,15721.28
121018,15636.272
121019,16989.265
121020,16368.262000000002
121021,16711.258
121022,16051.257000000003
121023,16396.255000000005
121024,17756.248000000007
121025,17286.248000000007
121026,16679.246000000003
121027,17431.246000000006
121028,17146.248000000003
121029,17153.244000000002
121030,18961.236000000004
121031,18156.231000000003
121032,18548.232000000004
121033,19123.224000000006
121034,17336.218000000004
121035,18314.215000000004
121036,18289.210000000003
121037,17949.200000000004
121038,18314.202000000005
121039,17557.199000000004
121040,16994.195000000003
121041,17212.192000000006
121042,17214.190000000006
121043,16467.188000000006
121044,15067.193000000005
121045,15399.202000000007
121046,15196.204000000005
121047,15781.203000000005
121048,16374.207000000006
121049,17416.202000000005
121050,17852.195000000003
121051,18452.193000000003
121052,18037.197000000004
121053,17202.20700000001
121054,17584.207000000006
121055,17564.212000000007
121056,17954.211000000007
121057,17994.206000000006
121058,17801.206000000006
121059,17419.208000000006
121060,17424.213000000007
121061,17429.213000000007
121062,18029.215000000007
121063,17804.218000000004
121064,18252.212000000007
121065,18249.212000000007
121066,17854.214000000007
121067,17669.212000000007
121068,17834.212000000003
121069,18014.212000000003
121070,18014.212000000003
121071,18029.210000000003
121072,17624.211000000007
121073,17454.208000000002
121074,17289.204
121075,16914.202
121076,17091.204
121077,17633.209000000006
121078,18030.208000000006
121079,18623.206000000006
121080,18253.203000000005
121081,18306.200000000004
121082,18101.199000000004
121083,18699.198
121084,18717.196000000004
121085,18482.202000000005
121086,18482.202000000005
121087,17912.200000000004
121088,17492.204000000005
121089,17722.203000000005
121090,17747.200000000004
121091,18114.202000000005
121092,17917.205000000005
121093,17742.203000000005
121094,16749.204
121095,17526.205000000005
121096,17888.209000000003
121097,18070.212000000003
121098,18683.208000000002
121099,18706.206000000006
121100,18511.206000000006
121101,18747.202000000005
121102,18752.201000000005
121103,18597.198000000004
121104,19582.195000000003
121105,18972.196000000004
121106,19157.198000000004
121107,19887.202000000005
121108,19092.203000000005
121109,20047.204
121110,20452.203
121111,19854.203
121112,19056.205
121113,18634.207000000002
121114,17639.210000000003
121115,17852.208000000002
121116,17662.206000000006
121117,16842.211000000003
121118,17242.212000000003
121119,17439.211000000007
121120,17824.212000000003
121121,18799.213000000003
121122,19349.214000000004
121123,19144.215000000004
121124,18939.215000000004
121125,19139.216000000004
121126,19691.220000000005
121127,20129.214000000004
121128,20939.210000000003
121129,20002.207000000002
121130,18847.206000000006
121131,18910.200000000004
121132,18305.204000000005
121133,18325.200000000004
121134,19097.200000000004
121135,18682.203000000005
121136,18872.203000000005
121137,19252.202
121138,18477.2
121139,19452.200000000004
121140,20622.200000000004
121141,19257.198000000004
121142,19655.199000000004
121143,19635.202000000005
121144,19407.205000000005
121145,18982.207000000002
121146,18602.207000000002
121147,19579.208000000002
121148,20592.204
121149,21187.202
121150,20762.205
121151,21942.204
121152,21354.204
121153,21159.205
121154,20774.204
121155,20769.203
121156,21364.203
121157,20163.202000000005
121158,20186.199000000004
121159,19444.192000000003
121160,19049.192000000003
121161,18464.192000000003
121162,18124.186
121163,17914.186
121164,18679.187
121165,19454.186
121166,20252.183
121167,20037.185
121168,19442.187
121169,20032.186
121170,20992.190000000002
121171,19432.192000000003
121172,20962.195000000003
121173,20937.198000000004
121174,20344.196000000004
121175,20534.196000000004
121176,20349.194000000003
121177,21316.196000000004
121178,21489.198000000004
121179,21697.195000000003
121180,21502.195000000003
121181,22864.192000000003
121182,22274.194000000003
121183,22144.192000000006
121184,21556.190000000006
121185,21168.186000000005
121186,21768.183000000005
121187,21358.185000000005
121188,22125.186000000005
121189,21340.185000000005
121190,20945.186
121191,20768.183000000005
121192,19943.186
121193,19348.188000000002
121194,21163.181
121195,21371.176
121196,22326.175
121197,21711.178
121198,21131.177
121199,21351.181000000004
121200,21776.18
121201,20591.184
121202,21181.188000000002
121203,20936.191000000003
121204,20921.195000000003
121205,21513.197
121206,21273.203000000005
121207,22228.204
121208,22038.203
121209,22030.205
121210,22614.204
121211,23773.204
121212,23393.205
121213,23572.207000000002
121214,23425.202
121215,23271.204000000005
121216,23886.203000000005
121217,23721.199000000004
121218,24304.201000000005
121219,23789.202
121220,23366.204
121221,22376.210000000003
121222,21791.211000000003
121223,21813.210000000003
121224,22417.211000000003
121225,22607.213000000003
121226,22779.215000000004
121227,23001.212000000003
121228,23029.209000000003
121229,23027.208000000002
121230,22216.213000000003
121231,22101.206000000006
121232,22256.212000000007
121233,22502.212000000007
121234,22514.210000000006
121235,22336.212000000003
121236,22725.214000000004
121237,23537.211000000007
121238,24137.209000000006
121239,24554.209000000006
121240,24570.210000000006
121241,25828.204000000005
121242,25874.203000000005
121243,25463.206000000006
121244,25310.201000000005
121245,25099.199000000004
121246,25566.195000000003
121247,25366.199000000004
121248,25364.196000000004
121249,25592.193000000003
121250,25641.191
121251,25430.191000000003
121252,24413.195000000003
121253,24261.194000000003
121254,24444.198000000004
121255,25492.191000000003
121256,25692.192000000003
121257,25848.199000000004
121258,26248.197000000004
121259,25889.195000000003
121260,26114.196000000004
121261,25559.196000000004
121262,26113.196000000004
121263,25763.195000000003
121264,25744.198000000004
121265,26179.198000000004
121266,25613.200000000004
121267,25802.203000000005
121268,27254.2
121269,27438.203
121270,26900.2
121271,28105.201
121272,27699.201000000005
121273,28011.195000000003
121274,28054.201000000005
121275,28046.200000000004
121276,28226.203000000005
121277,27563.211000000003
121278,27010.209000000003
121279,26611.214000000004
121280,25824.212000000003
121281,24877.210000000003
121282,25258.212000000003
121283,24751.203
121284,25538.203
121285,26026.199
121286,25592.205
121287,25968.206000000002
121288,27220.196000000004
121289,25866.191000000003
121290,25647.196000000004
121291,25818.195
121292,26438.193
121293,26113.19
121294,26416.185
121295,26804.188
121296,27488.181
121297,26320.181
121298,27524.184
121299,27301.188
121300,26959.189
121301,28175.183999999997
121302,27592.184999999998
121303,26980.186999999998
121304,27820.187
121305,28099.187
121306,28914.185
121307,29175.181
121308,28874.176
121309,28236.18
121310,28020.181000000004
121311,27693.183
121312,28815.185
121313,28644.186
121314,29849.184
121315,30858.185
121316,30038.185
121317,29646.185
121318,30335.188000000002
121319,29202.188000000002
121320,28583.187
121321,27640.188000000002
121322,27690.185
121323,28473.184
121324,28571.178
121325,28434.172000000002
121326,28043.174000000003
121327,27261.178000000004
121328,27834.179
121329,27730.180000000004
121330,27556.183
121331,28742.188000000002
121332,28952.192000000003
121333,28076.198000000004
121334,28270.198000000004
121335,28449.202000000005
121336,29085.206000000006
121337,28986.204000000005
121338,27436.213000000003
121339,32725.217000000004
121340,32863.22
121341,32363.221000000005
121342,32570.222
121343,32556.227000000003
121344,34018.228
121345,34451.227
121346,34079.228
121347,34091.227
121348,35263.23300000001
121349,34693.236000000004
121350,33870.23300000001
121351,32755.229000000003
121352,33801.223
121353,33985.231
121354,33595.235
121355,33224.237
121356,27219.238
121357,27846.230000000003
121358,28621.233
121359,28320.244000000002
121360,28129.239
121361,29675.238
121362,30067.242000000002
121363,29712.240000000005
121364,30377.246000000003
121365,30728.250000000004
121366,32111.252000000004
121367,31282.258000000005
121368,30260.259000000005
121369,32261.266000000003
121370,32284.274000000005
121371,32227.272000000004
121372,31989.277000000002
121373,32159.276000000005
121374,33001.274000000005
121375,34143.28
121376,33985.272
121377,33763.274000000005
121378,34739.268
121379,33709.270000000004
121380,33235.270000000004
121381,32059.273000000005
121382,32661.273000000005
121383,32671.271000000004
121384,31824.273000000005
121385,31036.277000000006
121386,30684.267000000003
121387,30307.267000000003
121388,31243.274
121389,30717.272000000004
121390,29323.272000000004
121391,30043.273000000005
121392,29838.274000000005
121393,29993.271000000004
121394,30929.258
121395,31272.258
121396,32542.269000000004
121397,32174.264000000003
121398,32634.259000000002
121399,32645.257
121400,32942.258
121401,32591.249000000003
121402,32800.246
121403,32639.239000000005
121404,33047.236000000004
121405,33858.227
121406,34058.221
121407,34695.223
121408,33889.219999999994
121409,32823.226
121410,32454.225000000006
121411,31679.214000000007
121412,31725.212000000007
121413,31868.210000000006
121414,31820.203000000005
121415,31449.195000000003
121416,31781.190000000002
121417,31763.188000000006
121418,33140.185
121419,33493.181000000004
121420,32136.179000000004
121421,32703.179000000004
121422,32484.179000000004
121423,33492.171
121424,33763.164
121425,33766.162
121426,34375.159
121427,34337.157
121428,33589.149999999994
121429,33434.144
121430,33633.142
121431,33916.132
121432,34365.126
121433,34381.127
121434,35080.12899999999
121435,35867.130999999994
121436,34236.134
121437,35418.13199999999
121438,35046.130999999994
121439,34771.13299999999
121440,34773.13199999999
121441,38721.132000000005
121442,38577.130000000005
121443,37132.134000000005
121444,36127.130000000005
121445,35992.12700000001
121446,36918.125
121447,36991.124
121448,37339.126000000004
121449,37689.128000000004
121450,37602.128000000004
121451,38310.129
121452,38711.124
121453,39665.126000000004
121454,40082.124
121455,39039.126000000004
121456,39757.12500000001
121457,38581.128000000004
121458,38399.12300000001
121459,37806.121
121460,38191.12300000001
121461,38368.12400000001
121462,39362.119000000006
121463,39575.118
121464,40156.115
121465,40181.115
121466,39483.117000000006
121467,40181.111000000004
121468,41011.10999999999
121469,40823.10599999999
121470,41264.10399999999
121471,39843.106999999996
121472,34964.10399999999
121473,33719.108
121474,32688.109000000008
121475,32565.102000000006
121476,32507.105000000007
121477,31852.108000000007
121478,31723.102000000006
121479,32468.103000000006
121480,32508.099000000006
121481,32920.101
121482,32756.098
121483,33128.100000000006
121484,33323.09900000001
121485,32966.09500000001
121486,33376.096000000005
121487,32586.09700000001
121488,32586.09600000001
121489,32646.085000000006
121490,32648.084000000006
121491,32647.086000000007
121492,31607.088000000007
121493,32057.086000000007
121494,32830.08500000001
121495,33363.082
121496,33003.07600000001
121497,33563.076
121498,34563.075000000004
121499,34948.075000000004
121500,35928.072
121501,34943.074
121502,35388.071
121503,34703.067
121504,34663.071
121505,34118.07400000001
121506,33788.072
121507,33573.071
121508,33040.066000000006
121509,32715.065000000006
121510,32315.067000000006
121511,33100.066000000006
121512,33290.069
121513,34070.07000000001
121514,33030.064000000006
121515,32475.06300000001
121516,32695.06400000001
121517,32865.064000000006
121518,33255.06500000001
121519,32430.07000000001
121520,32475.066000000006
121521,32500.066000000006
121522,31320.06900000001
121523,31655.072000000007
121524,32595.074000000008
121525,33100.071
121526,32700.073000000008
121527,33420.073000000004
121528,34365.07399999999
121529,34200.073
121530,35155.07199999999
121531,34455.06999999999
121532,34425.07099999999
121533,33845.07
121534,34020.064
121535,34930.06199999999
121536,36035.06199999999
121537,35870.060999999994
121538,34700.060999999994
121539,35510.06
121540,35350.058999999994
121541,35420.060999999994
121542,36865.05499999999
121543,37905.051999999996
121544,37280.055
121545,36500.05499999999
121546,36530.054
121547,36285.06
121548,36515.059
121549,36065.061
121550,35615.063
121551,35645.063
121552,35485.061
121553,35165.062
121554,35400.060000000005
121555,35320.061
121556,34915.064
121557,34750.063
121558,35890.064
121559,35860.065
121560,36215.066999999995
121561,36080.065
121562,35915.064000000006
121563,35370.062
121564,35355.064999999995
121565,35870.07
121566,35780.073
121567,36170.073000000004
121568,35790.071
121569,36445.067
121570,36080.067
121571,36110.066000000006
121572,36465.069
121573,37440.069
121574,36715.068
121575,35715.068
121576,42635.06100000001
121577,42670.059
121578,42235.05400000001
121579,42325.05100000001
121580,42205.055
121581,42435.05400000001
121582,42095.05400000001
121583,42100.05300000001
121584,41955.05400000001
121585,42285.058000000005
121586,41900.057
121587,41125.057
121588,42135.05500000001
121589,41520.056000000004
121590,41280.061
121591,41315.060000000005
121592,40840.062000000005
121593,39055.065
121594,39700.06300000001
121595,40405.05900000001
121596,40160.06000000001
121597,40655.065
121598,40690.06300000001
121599,40855.065
121600,40975.06700000001
121601,40740.07000000001
121602,41275.06999999999
121603,42470.070999999996
121604,41935.070999999996
121605,35935.071
121606,37405.06500000001
121607,36925.070000000014
121608,36375.06800000001
121609,36455.06800000001
121610,36490.06600000001
121611,36750.06300000001
121612,34115.07000000001
121613,32995.07000000001
121614,33235.066000000006
121615,34020.06500000001
121616,33435.06500000001
121617,32920.06100000001
121618,33735.05900000001
121619,33370.05900000001
121620,33815.058000000005
121621,33680.05600000001
121622,33455.058000000005
121623,33030.060000000005
121624,34205.059
121625,34440.056000000004
121626,34210.058000000005
121627,35225.055
121628,34395.05500000001
121629,34990.05300000001
121630,34355.058000000005
121631,34380.058000000005
121632,34565.060000000005
121633,35725.06300000001
121634,35145.062000000005
121635,34390.062000000005
121636,35180.060000000005
121637,35145.064000000006
121638,34505.065
121639,33975.064000000006
121640,33820.06100000001
121641,33625.06100000001
121642,34145.062000000005
121643,32830.06100000001
121644,32445.06000000001
121645,33215.062000000005
121646,32635.06100000001
121647,32350.06400000001
121648,33350.066000000006
121649,32730.06800000001
121650,33000.07200000001
121651,33360.075000000004
121652,32565.078000000012
121653,32735.07800000001
121654,34130.077000000005
121655,34930.078
121656,34925.08
121657,35385.076
121658,34610.075000000004
121659,34630.077
121660,34515.075999999994
121661,33900.077000000005
121662,35015.068999999996
121663,35250.070999999996
121664,34695.070999999996
121665,33265.07400000001
121666,34530.07
121667,34325.073
121668,33885.073000000004
121669,34500.072
121670,33685.075000000004
121671,33295.07600000001
121672,33560.072
121673,32975.073000000004
121674,33195.06800000001
121675,33615.067
121676,33555.060000000005
121677,33405.062000000005
121678,34540.065
121679,33960.064
121680,34165.064
121681,34885.066
121682,34300.066
121683,34300.066
121684,35345.062
121685,35340.065
121686,35645.067
121687,35870.067
121688,35315.066000000006
121689,35245.07200000001
121690,35670.07000000001
121691,35100.073000000004
121692,35940.071
121693,37280.06799999999
121694,36920.06699999999
121695,36130.068999999996
121696,35965.06799999999
121697,35915.07000000001
121698,35810.06800000001
121699,36055.069
121700,35780.07200000001
121701,35555.07400000001
121702,36045.07000000001
121703,35460.071
121704,34870.072
121705,35360.06700000001
121706,35165.06700000001
121707,34955.07
121708,35445.07400000001
121709,34640.07400000001
121710,35740.074
121711,35470.07600000001
121712,35115.07600000001
121713,34745.076
121714,35345.073000000004
121715,35625.07000000001
121716,36455.07
121717,36335.07
121718,36065.064999999995
121719,36065.065
121720,35645.066
121721,34060.068
121722,34880.065
121723,35520.064
121724,35615.066999999995
121725,35445.066999999995
121726,35600.066
121727,35405.066
121728,35580.064999999995
121729,35965.064999999995
121730,35395.062
121731,35945.064
121732,36165.064
121733,36160.065
121734,36325.066000000006
121735,35925.06800000001
121736,34885.07100000001
121737,34915.07000000001
121738,35165.073000000004
121739,34935.075000000004
121740,35910.075000000004
121741,35590.075000000004
121742,34580.077000000005
121743,34020.07600000001
121744,33895.081000000006
121745,34575.07700000001
121746,35495.077000000005
121747,35330.076
121748,35860.077000000005
121749,35665.077000000005
121750,35540.073000000004
121751,34560.074
121752,34975.075000000004
121753,34890.077
121754,35255.077
121755,34775.076
121756,35205.074
121757,35235.073000000004
121758,34485.073000000004
121759,35080.07200000001
121760,34750.071
121761,35310.071
121762,35280.073000000004
121763,36060.073000000004
121764,36530.066999999995
121765,36009.067
121766,35569.067
121767,35674.067
121768,35599.073
121769,35314.075999999994
121770,34209.07699999999
121771,34179.079
121772,33499.08500000001
121773,33307.086
121774,32747.089000000007
121775,33292.09200000001
121776,33477.09500000001
121777,33483.09100000001
121778,33224.09700000001
121779,32549.097000000012
121780,32614.095000000012
121781,32466.09200000001
121782,32896.09200000001
121783,32921.09300000001
121784,32771.09000000001
121785,32151.094000000012
121786,32523.09300000001
121787,32670.09300000001
121788,31553.09200000001
121789,31683.095000000012
121790,31203.098000000013
121791,31913.09300000001
121792,32678.09100000001
121793,32773.09700000001
121794,32798.09700000001
121795,32598.099000000013
121796,32643.096000000012
121797,32789.09000000001
121798,33674.08400000001
121799,34034.085000000014
121800,34048.085000000014
121801,33600.087000000014
121802,33461.08200000001
121803,32782.08200000001
121804,33402.08000000001
121805,33387.08300000001
121806,33557.08400000001
121807,32797.08600000001
121808,39477.08300000001
121809,38777.087000000014
121810,38640.08600000001
121811,38995.08900000001
121812,38955.092000000004
121813,39935.091
121814,39670.096000000005
121815,39471.094000000005
121816,39276.094000000005
121817,39506.093
121818,38578.09000000001
121819,38778.08900000001
121820,40662.083999999995
121821,41176.081
121822,41397.08
121823,41007.08
121824,40902.077
121825,41285.073
121826,42344.069
121827,43129.07
121828,43139.068
121829,43904.070999999996
121830,43811.075
121831,43051.082
121832,42487.081
121833,42119.082
121834,42330.083
121835,43169.083999999995
121836,42387.087
121837,41552.088
121838,42903.09
121839,42343.09599999999
121840,42197.094000000005
121841,42081.092000000004
121842,36943.096999999994
121843,37363.09999999999
121844,37253.100999999995
121845,36523.102
121846,36312.102999999996
121847,36507.104
121848,34830.108
121849,33738.11
121850,33534.111000000004
121851,34906.111
121852,34659.119999999995
121853,34813.12499999999
121854,34763.126
121855,33883.13
121856,35223.13199999999
121857,36578.12999999999
121858,36442.13099999999
121859,36666.132999999994
121860,36624.13899999999
121861,36739.13999999999
121862,36711.14299999999
121863,36484.14699999999
121864,37055.149
121865,37912.153
121866,36747.158
121867,36067.158
121868,37202.165
121869,37211.166
121870,37021.168
121871,36701.16999999999
121872,36178.17
121873,36452.166
121874,36037.173
121875,35838.176999999996
121876,35686.181000000004
121877,35535.181
121878,34623.183000000005
121879,34618.182
121880,34584.182
121881,34422.186
121882,33832.19000000001
121883,35372.195
121884,35772.201
121885,35610.203
121886,36128.204
121887,37739.20199999999
121888,37744.20399999999
121889,38014.20599999999
121890,37964.21099999999
121891,37748.208999999995
121892,38065.208
121893,38127.208999999995
121894,38337.208999999995
121895,38406.217
121896,37441.22
121897,36111.227
121898,37172.223
121899,37237.223000000005
121900,36706.23200000001
121901,36941.232
121902,37722.237
121903,37396.236000000004
121904,37662.232
121905,37663.233
121906,37543.235
121907,38442.232
121908,38197.231
121909,37511.231
121910,37308.22900000001
121911,37010.232
121912,36683.228
121913,37127.225000000006
121914,37047.23
121915,36292.23500000001
121916,37169.245
121917,38107.24800000001
121918,39245.247
121919,39670.251000000004
121920,40098.25400000001
121921,40554.255000000005
121922,39890.259000000005
121923,39546.258
121924,39076.264
121925,39471.26600000001
121926,38421.271
121927,37408.26900000001
121928,37800.272000000004
121929,37935.27300000001
121930,38965.27700000001
121931,39118.28100000001
121932,40275.283
121933,40368.28200000001
121934,40785.281
121935,40457.289000000004
121936,40603.293000000005
121937,40835.298
121938,40223.304000000004
121939,45531.308000000005
121940,45199.30900000001
121941,45331.307
121942,45371.312000000005
121943,45845.322
121944,44640.318
121945,43591.32000000001
121946,44615.322
121947,45853.32000000001
121948,45905.322
121949,45193.32400000001
121950,45101.325
121951,44892.33
121952,44149.331000000006
121953,43152.32800000001
121954,43572.32800000001
121955,43459.331000000006
121956,42754.341
121957,42142.33900000001
121958,42812.33900000001
121959,43188.33900000001
121960,38500.34300000001
121961,38605.34900000001
121962,39000.348000000005
121963,39583.34500000001
121964,39576.350000000006
121965,39983.35100000001
121966,39926.35800000001
121967,39202.35800000001
121968,38865.36000000001
121969,39617.36
121970,39646.35800000001
121971,39746.35600000001
121972,40837.355
121973,41373.351
121974,40600.357
121975,40508.357
121976,41165.35700000001
121977,42713.35600000001
121978,43070.35700000001
121979,41907.364000000016
121980,41602.37400000002
121981,41020.381000000016
121982,40661.37800000002
121983,40487.38000000001
121984,40986.37400000002
121985,40761.38600000001
121986,40562.39100000001
121987,40013.39200000001
121988,40339.395000000004
121989,40567.39700000001
121990,40832.40200000001
121991,41180.40600000001
121992,41492.40900000001
121993,41917.41300000001
121994,41673.42200000001
121995,41712.42500000001
121996,42723.43100000001
121997,43128.42900000001
121998,43365.42300000002
121999,43950.42000000001
122000,43649.415000000015
122001,43213.413000000015
122002,43560.408000000025
122003,42018.413000000015
122004,41920.419000000016
122005,42002.42700000002
122006,41269.41700000001
122007,42429.423
122008,42330.42000000001
122009,42116.424000000006
122010,42089.426000000014
122011,41762.43400000001
122012,40744.43700000001
122013,40956.44100000001
122014,41100.44200000001
122015,40908.44600000001
122016,41796.44900000001
122017,41548.447
122018,42521.45100000001
122019,42747.457
122020,42836.465
122021,43521.473000000005
122022,44219.477000000006
122023,44556.473000000005
122024,44424.470000000016
122025,43563.48200000001
122026,44430.490000000005
122027,43640.496
122028,42549.503000000004
122029,43001.503000000004
122030,42126.511000000006
122031,42791.50400000001
122032,43393.513
122033,43684.50900000001
122034,43679.516
122035,44214.51500000001
122036,43181.519000000015
122037,43259.51800000002
122038,43546.51200000001
122039,42738.50900000001
122040,42679.519000000015
122041,42718.529000000024
122042,41141.53900000001
122043,41505.54400000001
122044,41596.55
122045,41612.549000000006
122046,41919.547000000006
122047,41691.56000000001
122048,42407.554
122049,43102.564
122050,43518.55500000001
122051,44061.55400000002
122052,44551.55300000001
122053,43345.561
122054,43041.553
122055,42834.563
122056,44436.562000000005
122057,43971.558
122058,43732.55899999999
122059,43996.556
122060,43482.555
122061,44060.55800000001
122062,45121.561
122063,45088.55500000001
122064,45408.552
122065,46153.549
122066,45870.55100000001
122067,45810.55900000001
122068,45857.57800000001
122069,45438.58200000001
122070,45385.585000000014
122071,45214.59200000001
122072,44106.60000000001
122073,44179.606000000014
122074,44691.60000000002
122075,44195.613000000005
122076,43004.62700000001
122077,43003.622
122078,41778.61900000001
122079,43059.61800000002
122080,42835.62400000001
122081,43028.61300000001
122082,42971.60700000002
122083,43081.606000000014
122084,43620.59900000002
122085,43131.595000000016
122086,43790.59900000002
122087,43982.599000000024
122088,45031.601000000024
122089,45000.601000000024
122090,44904.597000000016
122091,45374.59600000001
122092,45611.59800000001
122093,44985.6
122094,45426.59200000001
122095,45844.595000000016
122096,45659.59900000002
122097,45706.59700000002
122098,45558.59300000002
122099,44537.597000000016
122100,45456.59100000001
122101,45192.591000000015
122102,44773.58700000002
122103,44745.58600000001
122104,44129.58500000001
122105,44662.58200000001
122106,43928.59000000001
122107,49182.59400000002
122108,48938.60000000001
122109,49067.60000000001
122110,48310.60400000001
122111,46881.606000000014
122112,46824.602000000006
122113,46757.60600000002
122114,46961.61200000001
122115,47213.609000000004
122116,48459.60800000001
122117,47621.613
122118,47255.60500000001
122119,47638.608000000015
122120,46611.62000000001
122121,47153.633
122122,47146.63000000001
122123,47326.62600000001
122124,47594.62200000001
122125,48405.61700000001
122126,48300.61400000001
122127,48861.617000000006
122128,48197.619000000006
122129,48437.61200000001
122130,49017.61
122131,48726.618
122132,48456.61499999999
122133,48781.619999999995
122134,48041.623999999996
122135,47113.617
122136,46161.607
122137,46638.611
122138,47473.611000000004
122139,46453.622
122140,45767.63000000001
122141,45341.63400000001
122142,45980.63300000001
122143,45764.63000000001
122144,45591.63400000001
122145,46501.631000000016
122146,48632.63000000001
122147,47714.641
122148,47524.644
122149,48040.627
122150,48565.626
122151,49525.619
122152,49277.62100000001
122153,43927.630999999994
122154,44337.628000000004
122155,44439.625
122156,44559.631
122157,44554.632
122158,44712.634000000005
122159,44660.626
122160,44922.62200000001
122161,43976.62600000001
122162,43697.626000000004
122163,43170.631
122164,42800.633
122165,41661.64
122166,39893.63
122167,40437.637
122168,40934.634
122169,40248.631
122170,38907.63100000001
122171,38868.62400000001
122172,38533.62300000001
122173,38084.621999999996
122174,38593.619
122175,39474.61499999999
122176,40124.615
122177,39032.609999999986
122178,38053.61199999999
122179,37758.617
122180,38303.617
122181,38267.613
122182,38926.614
122183,39122.600000000006
122184,38823.609
122185,37911.618
122186,37537.612
122187,38073.605
122188,38487.597
122189,38108.604
122190,38189.601
122191,38644.602
122192,38166.604
122193,38597.593
122194,38075.595
122195,37478.60600000001
122196,36443.598
122197,36727.593
122198,36710.587999999996
122199,36089.591
122200,35498.596000000005
122201,34492.593000000015
122202,33874.589000000014
122203,33845.574000000015
122204,33959.578000000016
122205,34927.57700000001
122206,36430.58
122207,35653.57300000001
122208,35375.558000000005
122209,35412.56100000001
122210,35640.560000000005
122211,36529.555
122212,36651.545999999995
122213,35906.54499999999
122214,35353.53799999999
122215,33682.551999999996
122216,32580.54500000002
122217,32970.54200000001
122218,33570.53800000001
122219,33870.539000000004
122220,33639.54000000001
122221,32897.53300000002
122222,32468.534000000018
122223,34168.534
122224,33494.53700000001
122225,33102.53600000001
122226,31991.54300000002
122227,31452.547000000017
122228,31473.55400000002
122229,30961.557000000015
122230,30457.55700000002
122231,30090.560000000016
122232,30602.55400000002
122233,30301.55800000002
122234,31572.552000000018
122235,32443.549000000017
122236,33646.55500000001
122237,33739.56200000001
122238,32983.568000000014
122239,32142.561000000016
122240,32305.55700000002
122241,33174.551000000014
122242,32144.55400000002
122243,30642.54200000002
122244,30258.54000000002
122245,29707.55100000002
122246,29268.55100000002
122247,29199.54100000002
122248,29386.53200000002
122249,30501.53500000002
122250,30870.53300000002
122251,29945.532000000017
122252,29251.535000000018
122253,30622.529000000017
122254,30281.52300000002
122255,29906.513000000024
122256,29367.509000000024
122257,29711.499000000018
122258,29790.501000000022
122259,29037.500000000022
122260,27868.50500000002
122261,28009.516000000018
122262,28390.510000000017
122263,28225.50800000002
122264,28874.51300000002
122265,29670.503000000022
122266,31163.49300000002
122267,30468.500000000022
122268,30298.500000000022
122269,29139.495000000024
122270,29278.49000000002
122271,30253.49100000002
122272,30004.485000000015
122273,29219.48700000002
122274,28855.487000000016
122275,28756.478000000017
122276,28129.483000000015
122277,29040.485000000015
122278,29977.46900000002
122279,30609.468000000015
122280,30993.460000000014
122281,29968.453000000012
122282,29467.462000000014
122283,30441.46700000001
122284,29682.473000000013
122285,29445.469000000012
122286,29206.459000000013
122287,28381.461000000014
122288,27907.453000000012
122289,27988.450000000015
122290,28050.440000000013
122291,28450.441000000013
122292,28552.441000000013
122293,28538.438000000013
122294,28463.441000000013
122295,28664.43600000001
122296,29435.43800000001
122297,29987.43100000001
122298,29108.435000000012
122299,28095.430000000015
122300,27752.43100000001
122301,27655.430000000015
122302,26795.43100000001
122303,25709.432000000008
122304,25189.42400000001
122305,24033.43000000001
122306,23753.42900000001
122307,24195.42900000001
122308,24760.426000000014
122309,24706.434000000012
122310,24728.438000000016
122311,24290.437000000013
122312,23943.439000000013
122313,25356.442000000014
122314,25512.44100000001
122315,25771.443000000014
122316,24945.444000000014
122317,23919.445000000014
122318,23036.443000000014
122319,24026.43900000001
122320,25140.434000000012
122321,26766.428000000007
122322,26116.43800000001
122323,25317.42800000001
122324,25720.423000000006
122325,25422.41500000001
122326,27029.40200000001
122327,27807.393000000007
122328,27496.391000000007
122329,26073.391000000007
122330,24676.39100000001
122331,24311.39200000001
122332,24453.38400000001
122333,23719.38500000001
122334,22500.385000000006
122335,21928.389000000006
122336,20624.396000000004
122337,20612.400000000005
122338,20979.398000000005
122339,20775.396000000004
122340,20880.393000000007
122341,20046.402000000006
122342,18434.403000000006
122343,19755.402000000006
122344,19602.403000000006
122345,19918.392000000007
122346,19860.396000000004
122347,20145.386000000002
122348,20971.394
122349,22342.389
122350,22422.390000000003
122351,22481.385000000002
122352,22942.384000000002
122353,22657.370000000003
122354,23021.377
122355,22638.366
122356,23511.365999999998
122357,23687.361
122358,22943.364
122359,22215.363
122360,21014.361999999997
122361,20662.352000000003
122362,20504.356
122363,19708.357
122364,18747.353
122365,18224.355000000003
122366,18003.350000000002
122367,18408.334
122368,17835.329
122369,18781.319
122370,19244.316
122371,18555.325
122372,17682.328
122373,18496.335
122374,17802.340000000004
122375,18232.348
122376,16619.357
122377,16176.368000000002
122378,15945.369000000002
122379,15328.371000000001
122380,14904.381000000005
122381,14852.385000000006
122382,15814.381000000005
122383,15720.382000000005
122384,16415.387000000006
122385,15396.392000000007
122386,16445.394000000008
122387,16286.403000000008
122388,16416.41000000001
122389,16472.418000000012
122390,16238.429000000015
122391,15386.442000000015
122392,13023.460000000017
122393,12072.468000000017
122394,10554.476000000019
122395,8879.503000000022
122396,8127.513000000019
122397,6442.540000000021
122398,4458.572000000011
122399,1116.6239999999962
122400,2693.4280000000063
122401,3953.426000000012
122402,5308.412000000012
122403,7096.398000000018
122404,7794.39300000002
122405,8499.393000000022
122406,9686.382000000023
122407,10476.386000000022
122408,11579.381000000021
122409,12792.380000000021
122410,15069.375000000018
122411,14821.369000000015
122412,14293.366000000015
122413,13375.369000000013
122414,13243.368000000011
122415,13730.365000000009
122416,13435.36300000001
122417,13092.362000000006
122418,12830.358000000006
122419,12623.351000000006
122420,10209.346000000005
122421,10794.352000000004
122422,12382.344000000001
122423,13807.339
122424,15285.327000000003
122425,15423.320000000002
122426,16108.312000000004
122427,17298.306
122428,18742.301
122429,18722.302
122430,18904.307999999997
122431,19932.31
122432,20010.307999999997
122433,19390.310999999998
122434,18832.319
122435,19070.317
122436,18997.323
122437,17792.325
122438,16270.337000000003
122439,18585.331
122440,18922.329
122441,23157.331
122442,22937.327
122443,23262.323
122444,23302.314000000002
122445,23577.316
122446,23022.312
122447,23307.302
122448,23880.295
122449,22075.295000000002
122450,21353.287000000004
122451,20918.283000000003
122452,20853.279000000002
122453,22383.276000000005
122454,21703.278000000006
122455,21230.281000000003
122456,22635.27
122457,23036.269
122458,23218.265000000003
122459,23853.265
122460,24461.257
122461,24086.258
122462,24498.252
122463,22766.244000000002
122464,23086.242000000002
122465,23456.233
122466,22656.232000000004
122467,22246.223000000005
122468,20866.224000000002
122469,20816.224000000002
122470,20831.218
122471,21186.218
122472,16508.210000000003
122473,16448.209000000003
122474,15852.210000000003
122475,15870.211000000003
122476,15708.2
122477,15798.202000000003
122478,16893.202000000005
122479,15933.197000000004
122480,15566.191
122481,16179.186000000003
122482,14647.185000000001
122483,16792.185000000005
122484,16802.189000000006
122485,16447.187000000005
122486,17432.188000000002
122487,18422.187000000005
122488,17999.193000000003
122489,18199.196000000007
122490,18966.199000000008
122491,17966.206000000006
122492,18361.207000000006
122493,17551.212000000007
122494,17571.209000000006
122495,17384.209000000003
122496,15824.209000000003
122497,15239.210000000003
122498,14269.209000000003
122499,15664.204000000002
122500,15474.203000000001
122501,15879.202000000001
122502,16459.205
122503,15512.204000000002
122504,15312.207
122505,16102.206
122506,16082.210000000001
122507,16097.207
122508,18437.207000000006
122509,17067.207000000006
122510,16297.207000000002
122511,17467.205000000005
122512,17622.205000000005
122513,18979.205000000005
122514,19194.204000000005
122515,18812.204000000005
122516,19769.207000000006
122517,20144.210000000006
122518,18589.209000000006
122519,19184.207000000006
122520,19959.207000000006
122521,19931.209000000006
122522,19736.207000000006
122523,19902.208000000002
122524,20112.203000000005
122525,20317.203000000005
122526,19332.204000000005
122527,18957.204
122528,17727.210000000003
122529,17529.211000000007
122530,17357.209000000003
122531,16627.205
122532,16852.201
122533,15679.201000000001
122534,16464.199
122535,16869.196
122536,17069.195
122537,17085.193
122538,19825.191000000003
122539,19042.194000000003
122540,18662.194000000003
122541,19447.193000000003
122542,19837.194000000003
122543,21377.197000000004
122544,20967.199000000004
122545,19972.203000000005
122546,19562.206000000006
122547,19934.206000000006
122548,18576.205000000005
122549,19139.208000000006
122550,20334.204000000005
122551,21301.204000000005
122552,20901.204000000005
122553,20526.201000000005
122554,20126.202000000005
122555,20896.203000000005
122556,21836.203000000005
122557,21074.200000000004
122558,20279.202000000005
122559,19884.203000000005
122560,19314.201000000005
122561,17774.2
122562,16399.204
122563,15616.202000000003
122564,17001.201
122565,16219.203000000001
122566,16029.203000000003
122567,16594.206000000002
122568,18724.206000000006
122569,19134.202000000005
122570,19539.202000000005
122571,20749.199000000004
122572,22314.198000000004
122573,24469.198000000004
122574,24484.198000000004
122575,23676.199000000004
122576,24056.199000000004
122577,24266.196000000004
122578,23104.197000000004
122579,23099.199000000004
122580,23294.199000000004
122581,23289.199000000004
122582,23874.199000000004
122583,23292.200000000004
122584,22522.197000000004
122585,23072.201000000005
122586,22094.202000000005
122587,21544.200000000004
122588,21146.200000000004
122589,20214.197000000004
122590,19021.200000000004
122591,18459.197
122592,17292.197
122593,16142.195000000002
122594,17317.194
122595,17302.193
122596,17097.193
122597,17662.193000000003
122598,18442.191000000003
122599,19632.189000000006
122600,21197.188000000006
122601,21947.190000000006
122602,22114.193000000007
122603,24447.194000000007
122604,24604.197000000007
122605,23422.197000000007
122606,24384.198000000004
122607,24194.197000000007
122608,23794.197000000007
122609,23404.196000000004
122610,24009.191000000006
122611,23819.190000000006
122612,24189.191000000006
122613,24189.190000000006
122614,23764.193000000007
122615,24385.190000000006
122616,23387.193000000007
122617,23807.189000000006
122618,22629.189000000006
122619,21254.190000000006
122620,20697.186000000005
122621,20497.187
122622,19686.187
122623,19101.188000000002
122624,20699.183000000005
122625,20696.184000000005
122626,19346.184
122627,20326.181000000004
122628,21253.184000000005
122629,22598.183000000008
122630,23398.179000000007
122631,23563.183000000008
122632,23563.185000000005
122633,24521.187000000005
122634,24496.186000000005
122635,23931.189000000006
122636,24291.193000000007
122637,23304.196000000007
122638,23090.200000000008
122639,21517.20200000001
122640,22132.201000000005
122641,22522.20100000001
122642,22512.20500000001
122643,22730.20400000001
122644,22742.205000000005
122645,22922.207000000006
122646,22171.20400000001
122647,22396.20200000001
122648,21439.200000000008
122649,21676.196000000007
122650,21867.196000000007
122651,21677.197000000007
122652,21301.197000000007
122653,20547.196000000007
122654,22092.199000000004
122655,22858.199000000004
122656,22662.20100000001
122657,23283.198000000008
122658,22683.199000000008
122659,23643.20100000001
122660,23420.207000000006
122661,23990.215000000007
122662,23803.216000000008
122663,26158.217000000008
122664,25391.217000000008
122665,30164.213000000007
122666,30727.213000000007
122667,30757.213000000007
122668,31190.212000000007
122669,30472.209000000006
122670,30299.210000000006
122671,29712.214000000007
122672,30467.214000000007
122673,30068.213000000007
122674,30260.213000000007
122675,30296.212000000007
122676,29523.213000000007
122677,28763.218000000008
122678,28027.215000000007
122679,27076.213000000007
122680,27943.208000000006
122681,27728.213000000007
122682,27785.209000000006
122683,27389.208000000006
122684,28641.205000000005
122685,29847.203000000005
122686,29696.206000000002
122687,29667.209000000003
122688,29397.216000000004
122689,30819.213000000003
122690,30866.215000000004
122691,31667.217000000004
122692,32477.211000000003
122693,34052.213
122694,34084.213
122695,34340.21000000001
122696,29091.208000000006
122697,29702.206000000006
122698,30268.209000000003
122699,30693.200000000004
122700,31119.196000000004
122701,31115.199000000004
122702,31640.194000000003
122703,31827.193000000007
122704,31401.198000000004
122705,30606.204000000005
122706,30055.206000000006
122707,29935.204000000005
122708,29180.201000000005
122709,28473.200000000004
122710,27713.201000000005
122711,26944.201000000005
122712,26008.199000000008
122713,24794.202000000005
122714,27183.193000000007
122715,27777.195000000007
122716,28236.193000000003
122717,28170.197000000004
122718,27383.202
122719,27727.207000000002
122720,27984.206
122721,28699.21
122722,29503.21
122723,30876.209
122724,30716.206
122725,30521.207
122726,31393.199
122727,31385.202
122728,31782.202999999998
122729,29792.205
122730,29803.204
122731,30226.198
122732,30612.198
122733,31440.2
122734,30661.201
122735,29483.204
122736,29256.2
122737,28813.2
122738,28252.201
122739,27567.202
122740,27592.199
122741,27039.2
122742,26523.201000000005
122743,25769.199000000004
122744,27809.198000000004
122745,28984.198000000004
122746,29497.200000000004
122747,28915.202000000005
122748,28586.199000000004
122749,28979.204000000005
122750,28972.206000000006
122751,29366.207000000002
122752,30383.205
122753,31289.208000000002
122754,30436.203000000005
122755,30676.201000000005
122756,31277.202000000005
122757,30854.204000000005
122758,30857.204
122759,30044.209
122760,30240.213000000003
122761,30370.216
122762,30667.215000000004
122763,31427.214000000004
122764,31488.208000000002
122765,30598.205000000005
122766,29850.205000000005
122767,29504.201000000005
122768,28172.201000000005
122769,27381.210000000006
122770,27962.212000000003
122771,27393.219000000005
122772,27411.215000000004
122773,26944.214000000004
122774,27999.210000000003
122775,28359.209000000003
122776,28544.210000000003
122777,29087.213000000003
122778,28854.213000000003
122779,29712.210000000003
122780,29845.215000000004
122781,30635.220000000005
122782,30524.215000000004
122783,31314.213000000003
122784,31831.226000000002
122785,32394.231000000003
122786,31967.238000000005
122787,32214.243000000002
122788,32424.248000000003
122789,32008.245000000003
122790,32162.252000000004
122791,31565.252000000004
122792,31186.253000000004
122793,31398.255000000005
122794,30407.252000000004
122795,29283.248000000003
122796,29530.244000000002
122797,30226.254
122798,30441.259000000002
122799,29314.261000000002
122800,28963.260000000002
122801,28507.265
122802,27554.266000000003
122803,26607.267
122804,27996.264
122805,28558.265000000007
122806,29118.273000000005
122807,29731.274
122808,29825.27
122809,31193.276
122810,30914.286
122811,30835.282000000003
122812,36179.277
122813,36967.270000000004
122814,37167.269
122815,37806.265
122816,38507.266
122817,39109.257
122818,39725.255000000005
122819,38785.25
122820,39312.255000000005
122821,39406.257
122822,38370.258
122823,38683.262
122824,43155.254
122825,42211.252
122826,41763.262
122827,42415.263000000006
122828,41693.26
122829,40796.246
122830,40671.257
122831,39932.251000000004
122832,38933.24800000001
122833,38317.24800000001
122834,39219.251000000004
122835,39560.253000000004
122836,39566.247
122837,40000.235
122838,40133.231
122839,41469.240000000005
122840,40926.234000000004
122841,40854.239
122842,40372.247
122843,41642.246
122844,41332.242
122845,41496.245
122846,42277.236000000004
122847,43310.225000000006
122848,43904.225000000006
122849,43489.225000000006
122850,44272.221000000005
122851,45234.222
122852,45184.217000000004
122853,48253.21099999999
122854,47527.20499999999
122855,40816.202999999994
122856,40545.2
122857,41217.205
122858,41102.193
122859,40395.201
122860,40136.2
122861,39107.200000000004
122862,38392.197
122863,38053.186
122864,38449.178
122865,39099.173
122866,39273.169
122867,38595.163
122868,37787.16
122869,39017.145000000004
122870,38915.14
122871,38540.134000000005
122872,32982.138
122873,34001.137
122874,33397.138
122875,34164.139
122876,34927.143
122877,35501.140999999996
122878,35803.140999999996
122879,35579.143
122880,36224.13799999999
122881,36694.134999999995
122882,37725.13
122883,37160.12499999999
122884,37124.123
122885,36132.123
122886,34992.119999999995
122887,35773.117
122888,35884.12
122889,35566.112
122890,35992.104999999996
122891,35675.104
122892,34660.104999999996
122893,34221.105
122894,35149.108
122895,34559.11
122896,33076.106
122897,32441.110000000004
122898,31928.107
122899,32292.107
122900,31314.107000000007
122901,30805.106000000007
122902,30648.103000000006
122903,31795.104000000007
122904,31032.101000000006
122905,32207.098000000005
122906,32201.101000000006
122907,32426.097000000005
122908,33085.093
122909,32304.090000000004
122910,32309.089000000004
122911,33050.090000000004
122912,34413.087
122913,34466.085
122914,34844.085
122915,34249.087
122916,33093.086
122917,33256.089
122918,32861.088
122919,32989.090000000004
122920,33604.088
122921,33802.089
122922,33146.086
122923,32926.089
122924,33340.088
122925,33504.086
122926,34125.08500000001
122927,34110.08
122928,32919.077000000005
122929,33280.078
122930,32613.080000000005
122931,32118.077000000005
122932,32656.074000000004
122933,33013.076
122934,32289.073000000004
122935,33036.073000000004
122936,33626.06800000001
122937,33850.06800000001
122938,34430.06800000001
122939,33445.06800000001
122940,33060.067
122941,33645.067
122942,33245.06800000001
122943,33070.069
122944,33060.071
122945,32245.073000000008
122946,31045.074000000008
122947,31660.073000000008
122948,32450.071000000007
122949,32135.068000000007
122950,33355.063
122951,33785.061
122952,32220.063000000006
122953,32045.065000000006
122954,33360.065
122955,33525.067
122956,33560.07000000001
122957,33685.07000000001
122958,32705.071000000007
122959,34178.066000000006
122960,33388.06800000001
122961,32828.06800000001
122962,33378.07000000001
122963,34593.066000000006
122964,33843.065
122965,34093.064000000006
122966,34723.06500000001
122967,34618.06200000001
122968,34823.06100000001
122969,33853.06100000001
122970,33253.05900000001
122971,32723.058000000008
122972,33248.060000000005
122973,32798.06300000001
122974,31988.06400000001
122975,31793.064000000006
122976,30753.067000000006
122977,31433.06300000001
122978,32233.065000000006
122979,32888.06100000001
122980,34353.062000000005
122981,33863.060000000005
122982,32468.06100000001
122983,32118.058000000008
122984,33313.058000000005
122985,33283.060000000005
122986,34218.058000000005
122987,33993.061
122988,32623.06200000001
122989,33423.06300000001
122990,32613.06400000001
122991,32233.06200000001
122992,33243.060000000005
122993,34268.060000000005
122994,33753.057
122995,33468.05500000001
122996,33873.057
122997,33846.057
122998,33451.05900000001
122999,32201.06000000001
123000,31806.061000000005
123001,32248.06200000001
123002,33093.05900000001
123003,37423.060000000005
123004,37203.05900000001
123005,37503.062000000005
123006,36693.06300000001
123007,36528.06700000001
123008,36948.066000000006
123009,32093.06600000001
123010,31923.06600000001
123011,31983.06600000001
123012,29778.06900000001
123013,30233.06600000001
123014,31468.06300000001
123015,32033.06200000001
123016,32548.06100000001
123017,32353.06100000001
123018,32523.062000000005
123019,32888.062000000005
123020,32498.06200000001
123021,31688.063000000006
123022,33180.06800000001
123023,36690.064999999995
123024,36080.064999999995
123025,36215.066999999995
123026,37575.068999999996
123027,36910.066
123028,36920.064
123029,36200.064
123030,36590.064
123031,37270.06
123032,38085.060999999994
123033,35945.062000000005
123034,35325.064
123035,35060.059
123036,33730.058000000005
123037,34445.06100000001
123038,35055.06100000001
123039,35100.062000000005
123040,35075.063
123041,35165.060000000005
123042,33585.059
123043,33830.059
123044,34640.058000000005
123045,34620.06100000001
123046,34425.06100000001
123047,34340.059
123048,34475.06100000001
123049,35015.067
123050,34050.07000000001
123051,33605.07200000001
123052,34605.07200000001
123053,35270.071
123054,34440.071
123055,34195.07300000001
123056,35395.07200000001
123057,35115.06500000001
123058,34820.07000000001
123059,33570.067
123060,33845.06500000001
123061,34660.064000000006
123062,34400.067
123063,33480.066000000006
123064,33940.062000000005
123065,34145.060000000005
123066,33170.060000000005
123067,33420.062000000005
123068,31315.06200000001
123069,32015.06400000001
123070,32330.06000000001
123071,32310.06000000001
123072,31430.057000000008
123073,31170.06000000001
123074,32375.058000000008
123075,33300.059
123076,33675.059
123077,34045.063
123078,33485.064000000006
123079,34415.068
123080,34280.066000000006
123081,33530.065
123082,34535.064
123083,35185.060999999994
123084,34010.063
123085,33540.06
123086,34510.060999999994
123087,33670.063
123088,33525.063
123089,32245.06000000001
123090,32660.06000000001
123091,33675.06
123092,33645.061
123093,33195.064000000006
123094,32700.06600000001
123095,31765.068000000007
123096,30735.06900000001
123097,30338.071000000007
123098,31288.07200000001
123099,31698.06900000001
123100,31508.068000000007
123101,31598.066000000006
123102,30863.06700000001
123103,30078.068000000007
123104,31873.06600000001
123105,32028.06900000001
123106,31833.06900000001
123107,32853.06500000001
123108,32398.06900000001
123109,33848.06700000001
123110,33653.068000000014
123111,32908.066000000006
123112,34008.06700000001
123113,34843.065
123114,34713.061
123115,34818.065
123116,36188.069
123117,35633.068
123118,35308.066
123119,33293.06500000001
123120,33573.064000000006
123121,34333.063
123122,33973.062
123123,33423.060000000005
123124,33038.05900000001
123125,32843.062000000005
123126,32238.06300000001
123127,32020.06800000001
123128,33025.067
123129,32800.06800000001
123130,32050.06700000001
123131,32050.06700000001
123132,31200.071000000007
123133,30575.075000000008
123134,31500.075000000008
123135,31495.07600000001
123136,31465.07800000001
123137,32210.08000000001
123138,31880.07800000001
123139,33045.081000000006
123140,33280.08000000001
123141,32950.079000000005
123142,33480.08000000001
123143,34415.083000000006
123144,33930.08400000001
123145,37055.08000000001
123146,37785.07600000001
123147,37195.073000000004
123148,37635.071
123149,36235.07300000001
123150,37340.073000000004
123151,36880.07200000001
123152,36560.06900000001
123153,35385.07000000001
123154,34595.07200000001
123155,34200.07300000001
123156,33460.07000000001
123157,33900.069
123158,34410.068
123159,34185.069
123160,34165.068
123161,33960.069
123162,33350.069
123163,32920.073000000004
123164,34020.068
123165,34475.065
123166,35665.062000000005
123167,36870.06
123168,36045.06
123169,38000.058999999994
123170,37400.062
123171,37420.062999999995
123172,38075.063
123173,39205.066000000006
123174,38840.066000000006
123175,39430.064
123176,39855.062
123177,38855.062
123178,39575.056
123179,38665.05299999999
123180,38115.05099999999
123181,37755.049999999996
123182,37330.051
123183,35450.049999999996
123184,35200.05
123185,34225.049000000006
123186,33795.048
123187,33860.045000000006
123188,34830.045000000006
123189,34185.047000000006
123190,34475.05200000001
123191,34025.05500000001
123192,33120.05700000001
123193,33550.05400000001
123194,35130.051
123195,35440.056000000004
123196,35775.05700000001
123197,36745.05700000001
123198,36080.059
123199,36676.060000000005
123200,37346.062000000005
123201,37916.06000000001
123202,37851.06300000001
123203,39941.064000000006
123204,39758.06300000001
123205,39192.069
123206,39197.07200000001
123207,38612.07300000001
123208,38272.07400000001
123209,37447.07400000001
123210,36602.07700000001
123211,36952.07600000001
123212,36597.074000000015
123213,34617.07500000001
123214,33117.07300000001
123215,32657.077000000012
123216,31482.078000000012
123217,31972.074000000008
123218,32822.07200000001
123219,33402.07500000001
123220,33437.073000000004
123221,33047.073000000004
123222,32889.07100000001
123223,32924.07000000001
123224,34899.07100000001
123225,35644.07500000001
123226,35629.08000000001
123227,36558.081000000006
123228,36793.079000000005
123229,37267.08400000001
123230,37729.08000000001
123231,37789.079000000005
123232,38159.07800000001
123233,39786.077000000005
123234,39626.076
123235,40026.076
123236,40171.07800000001
123237,39155.079000000005
123238,39010.079000000005
123239,37505.07800000001
123240,36748.07800000001
123241,36758.081000000006
123242,36928.081000000006
123243,36044.077000000005
123244,34999.07200000001
123245,33908.077000000005
123246,33658.078
123247,33536.073000000004
123248,33838.077000000005
123249,34265.077000000005
123250,34520.075000000004
123251,33895.079000000005
123252,33921.077000000005
123253,33531.077000000005
123254,34842.081000000006
123255,35856.081000000006
123256,36532.07600000001
123257,38519.075000000004
123258,38159.07600000001
123259,38458.081000000006
123260,38013.08400000001
123261,37936.079000000005
123262,37503.083000000006
123263,39276.084
123264,38936.086
123265,39102.085
123266,39518.083
123267,38743.083
123268,38021.081
123269,36846.082
123270,36826.081000000006
123271,37467.078
123272,36458.083
123273,34769.084
123274,33034.081000000006
123275,32824.08
123276,32210.087000000007
123277,31760.093000000008
123278,32697.09800000001
123279,33152.098000000005
123280,33062.102000000006
123281,33462.100000000006
123282,33715.098
123283,33544.096000000005
123284,35294.100000000006
123285,36453.099
123286,36507.105
123287,37787.10800000001
123288,37757.111000000004
123289,38639.118
123290,39214.117
123291,38849.122
123292,39544.122
123293,41155.126
123294,40898.126
123295,40303.130999999994
123296,40524.137
123297,39439.142
123298,38919.14200000001
123299,37756.14400000001
123300,38107.14000000001
123301,38098.142
123302,37026.143000000004
123303,35950.148
123304,34307.147000000004
123305,33495.148
123306,33051.145000000004
123307,32826.147000000004
123308,33848.148
123309,33690.149000000005
123310,33580.149000000005
123311,33407.148
123312,33397.151000000005
123313,32097.16100000001
123314,33934.162000000004
123315,34992.166000000005
123316,35605.172
123317,36910.177
123318,36975.178
123319,38655.174
123320,37601.183
123321,37976.188
123322,38411.191
123323,39817.192
123324,40366.197
123325,40585.200000000004
123326,42168.2
123327,41397.204
123328,41053.203
123329,40054.208999999995
123330,39849.21599999999
123331,40354.21399999999
123332,39849.21599999999
123333,38753.221999999994
123334,37188.223
123335,35793.228
123336,34548.23
123337,34063.231
123338,34976.232
123339,34521.23700000001
123340,34254.243
123341,34199.238000000005
123342,34290.238000000005
123343,33705.239
123344,35221.244000000006
123345,36525.245
123346,36364.251000000004
123347,38292.248999999996
123348,38145.248999999996
123349,39150.25199999999
123350,39758.248999999996
123351,40691.25199999999
123352,41146.255999999994
123353,42170.255999999994
123354,42756.248999999996
123355,42347.255999999994
123356,43297.263
123357,41795.265
123358,41304.265
123359,40683.262
123360,40328.265
123361,39558.272000000004
123362,39011.280000000006
123363,37701.282
123364,36480.281
123365,35585.282
123366,34674.287000000004
123367,35296.29000000001
123368,36500.28800000001
123369,36531.29600000001
123370,36560.29300000001
123371,35536.299000000006
123372,36497.30000000001
123373,36050.30600000001
123374,37923.31100000001
123375,39937.30600000001
123376,39928.30200000001
123377,40373.30200000001
123378,40212.30900000001
123379,42007.305000000015
123380,42662.305000000015
123381,43007.31000000002
123382,42756.31600000001
123383,44234.31100000001
123384,43586.31400000001
123385,42614.318000000014
123386,44229.31200000002
123387,43429.309000000016
123388,42603.31500000001
123389,42586.31200000001
123390,43171.31400000001
123391,43257.31300000002
123392,42092.31500000002
123393,40986.31700000002
123394,39737.32600000002
123395,38888.33100000001
123396,38249.33600000002
123397,39044.337000000014
123398,39832.339000000014
123399,38965.34100000002
123400,38540.34100000002
123401,38268.34400000002
123402,39003.34400000002
123403,39273.34600000002
123404,40154.34900000002
123405,42350.34900000002
123406,42981.34400000002
123407,43870.34300000002
123408,43676.34200000001
123409,44742.343000000015
123410,44336.34400000001
123411,44643.34200000002
123412,45199.34600000001
123413,46002.35500000001
123414,45739.359000000004
123415,44331.366000000016
123416,44707.36800000001
123417,43790.366000000016
123418,42492.37300000001
123419,42373.37700000001
123420,42196.37800000001
123421,42787.37300000001
123422,42343.371000000014
123423,40199.378000000004
123424,40504.380000000005
123425,39143.384000000005
123426,38281.395000000004
123427,38210.393000000004
123428,38850.39600000001
123429,38129.398000000016
123430,38404.40100000001
123431,38355.40100000001
123432,38155.40400000001
123433,36556.40800000001
123434,37475.41200000001
123435,38861.42100000001
123436,39174.42800000001
123437,39711.43200000001
123438,39782.43200000001
123439,41636.43500000001
123440,41909.437000000005
123441,42075.443
123442,42944.43700000001
123443,43633.447
123444,42783.456000000006
123445,41755.45700000001
123446,42096.460000000014
123447,41140.46100000002
123448,41603.461
123449,41295.467000000004
123450,40672.47000000001
123451,41090.46200000001
123452,41428.461
123453,39817.46600000001
123454,38448.475000000006
123455,39474.475
123456,38814.482
123457,39224.479
123458,39523.478
123459,38226.47400000001
123460,38231.478
123461,37969.484000000004
123462,37279.487
123463,38873.487
123464,39298.495
123465,40768.5
123466,41166.499
123467,42111.505000000005
123468,42502.507
123469,43847.511
123470,44499.511
123471,45032.513999999996
123472,45007.513999999996
123473,45180.526
123474,45279.53600000001
123475,44124.534
123476,44249.53799999999
123477,43539.536
123478,45308.534999999996
123479,45331.53600000001
123480,44347.54300000001
123481,44512.544
123482,44059.549000000006
123483,42129.54000000001
123484,40346.552
123485,41158.549000000006
123486,40667.548
123487,40565.545000000006
123488,38857.55000000001
123489,37471.56700000001
123490,37370.57700000001
123491,37640.57600000001
123492,37719.57500000001
123493,39187.576000000015
123494,40439.57700000001
123495,41537.585000000014
123496,41460.58600000001
123497,42770.595
123498,42254.60000000001
123499,43044.600000000006
123500,44226.59800000001
123501,44585.60100000001
123502,45356.595000000016
123503,45021.609000000004
123504,45798.602
123505,44868.60100000001
123506,45546.60900000001
123507,50875.61200000002
123508,52288.61900000002
123509,52004.61600000001
123510,51395.61700000001
123511,51048.61600000001
123512,51445.61300000001
123513,49600.613000000005
123514,48111.617999999995
123515,48100.61100000001
123516,50398.60700000002
123517,50311.60900000001
123518,43615.60800000001
123519,42488.606000000014
123520,41786.600000000006
123521,43073.594000000005
123522,42763.598000000005
123523,43470.611000000004
123524,44823.62200000001
123525,45987.622
123526,46129.62600000002
123527,47050.63000000002
123528,46949.630000000005
123529,47620.63400000001
123530,49300.625
123531,50505.62800000001
123532,50674.64300000002
123533,50997.63800000001
123534,50717.644000000015
123535,50306.64600000002
123536,51145.642000000014
123537,50038.643000000025
123538,51435.64600000001
123539,51247.644000000015
123540,50515.64100000001
123541,48973.65000000001
123542,49083.64500000002
123543,48013.65300000001
123544,46076.64600000001
123545,45814.638
123546,45081.632
123547,45650.637
123548,45037.62900000001
123549,44487.62900000001
123550,44743.63400000001
123551,44655.63200000001
123552,43082.63900000002
123553,41155.646
123554,42262.64400000001
123555,42679.642000000014
123556,42872.64300000001
123557,42854.63200000002
123558,42326.64500000002
123559,43501.63500000001
123560,44734.629000000015
123561,45332.633000000016
123562,45393.64100000002
123563,45430.63900000002
123564,46095.63500000001
123565,46159.63600000001
123566,46399.64000000001
123567,45736.639
123568,47238.639
123569,47232.638
123570,45846.64200000001
123571,44591.64300000001
123572,45321.63800000001
123573,44474.63800000001
123574,42955.64800000001
123575,42075.63300000001
123576,41153.630000000005
123577,41682.622
123578,40149.628000000004
123579,39937.625
123580,41339.625
123581,41807.632
123582,40725.62999999999
123583,41482.619999999995
123584,42765.61699999999
123585,43712.61
123586,44187.615999999995
123587,44100.62299999999
123588,44148.62399999999
123589,44499.61899999999
123590,44926.62299999999
123591,45454.62200000001
123592,45848.621
123593,45374.630000000005
123594,45404.618
123595,44801.624
123596,45546.621999999996
123597,44889.628000000004
123598,45896.631
123599,45964.631
123600,45245.627
123601,44002.62500000001
123602,44585.63300000001
123603,43752.636000000006
123604,42699.640999999996
123605,42091.645000000004
123606,41186.64100000001
123607,40023.63700000001
123608,39541.635000000024
123609,40360.63000000001
123610,40335.63400000001
123611,40777.64100000002
123612,39952.63100000001
123613,39642.63500000001
123614,40147.631000000016
123615,40110.641
123616,40151.63400000001
123617,39538.63000000001
123618,39499.634000000005
123619,38590.630000000005
123620,38882.619
123621,39216.615000000005
123622,38931.617000000006
123623,38110.617000000006
123624,37891.616000000016
123625,38411.611000000004
123626,38366.62
123627,38525.605
123628,39044.595
123629,39022.598000000005
123630,37982.59300000001
123631,36308.59300000001
123632,36724.59100000001
123633,37274.58600000001
123634,35932.581000000006
123635,35151.58100000001
123636,33786.58100000003
123637,34293.57900000002
123638,33113.58700000002
123639,33736.58200000002
123640,34793.584
123641,35535.575000000004
123642,34869.57900000002
123643,34214.57700000002
123644,35399.58000000001
123645,35794.57400000001
123646,36225.56
123647,35929.561
123648,36566.573
123649,35495.57
123650,35747.562999999995
123651,34638.567
123652,34408.56800000001
123653,34523.557
123654,34215.55900000001
123655,34575.557
123656,35565.558
123657,35515.55700000001
123658,35364.557
123659,36124.554000000004
123660,34886.556000000004
123661,34234.556
123662,33908.562
123663,34596.553
123664,33653.55000000001
123665,32603.558000000015
123666,32123.55400000002
123667,32752.549000000014
123668,32846.53700000001
123669,32784.52200000002
123670,32621.524000000016
123671,33461.52000000001
123672,33081.517000000014
123673,32022.517000000018
123674,33338.506000000016
123675,33780.51500000001
123676,33807.507000000005
123677,32982.51100000001
123678,33738.509000000005
123679,32896.496000000014
123680,33115.49900000001
123681,32854.49500000001
123682,32155.498000000018
123683,31862.498000000014
123684,31842.500000000015
123685,31996.495000000017
123686,32321.50100000002
123687,32485.50200000002
123688,32700.499000000018
123689,33127.49900000002
123690,32154.496000000017
123691,31200.506000000016
123692,31313.514000000017
123693,32680.508000000016
123694,31748.499000000014
123695,30770.495000000017
123696,30441.487000000016
123697,30923.484000000015
123698,29219.489000000016
123699,28211.48800000002
123700,28901.494000000013
123701,29543.490000000016
123702,30674.48400000002
123703,29369.479000000018
123704,30197.479000000014
123705,30178.48400000002
123706,30335.486000000015
123707,29356.480000000018
123708,30014.474000000017
123709,30169.485000000015
123710,30126.48300000002
123711,29635.485000000015
123712,28654.480000000018
123713,28611.475000000017
123714,28851.478000000017
123715,29370.466000000015
123716,29660.466000000015
123717,30289.462000000014
123718,30401.460000000017
123719,30439.459000000017
123720,29488.457000000017
123721,29119.449000000015
123722,30088.453000000016
123723,30141.459000000017
123724,28810.45500000002
123725,28069.459000000017
123726,27247.462000000018
123727,27618.459000000013
123728,27050.451000000015
123729,26328.444000000018
123730,25751.44700000001
123731,26649.443000000014
123732,26639.446000000014
123733,26091.455000000013
123734,26122.454000000012
123735,26032.445000000014
123736,26185.441000000013
123737,24794.441000000013
123738,24362.441000000013
123739,24703.44600000001
123740,25853.44500000001
123741,25121.44800000001
123742,24242.455000000013
123743,24501.453000000012
123744,25741.446000000014
123745,25961.452000000012
123746,25677.45600000001
123747,26590.45300000001
123748,26315.45500000001
123749,26291.456000000013
123750,25079.452000000012
123751,25576.44800000001
123752,26794.45500000001
123753,26831.456000000006
123754,25621.45600000001
123755,24901.45700000001
123756,24878.460000000006
123757,24547.46700000001
123758,24523.46200000001
123759,23951.45400000001
123760,23598.45100000001
123761,24009.449000000008
123762,23978.447000000007
123763,22465.44400000001
123764,23023.44400000001
123765,23333.44500000001
123766,23575.451000000012
123767,22086.45200000001
123768,22037.449000000008
123769,22100.436000000005
123770,23198.437000000005
123771,23064.432000000004
123772,23462.426000000003
123773,24340.418
123774,23259.436
123775,23259.431000000004
123776,21870.435
123777,22391.433000000005
123778,21688.435000000005
123779,22739.429000000004
123780,21922.431000000004
123781,20940.439000000006
123782,20326.440000000006
123783,21202.44100000001
123784,20882.446000000007
123785,20198.443000000007
123786,20185.439000000006
123787,20280.433000000008
123788,20435.432000000004
123789,20405.433000000005
123790,21167.429000000004
123791,21359.426000000003
123792,20693.431000000004
123793,20089.427
123794,19772.43
123795,19484.43
123796,20442.436999999998
123797,20421.425
123798,19944.419000000005
123799,19501.418000000005
123800,19305.413000000004
123801,19199.411000000004
123802,19535.407000000003
123803,19620.396000000004
123804,20596.395
123805,20764.39
123806,19526.392
123807,19199.396999999997
123808,19482.396
123809,19639.385000000002
123810,20072.357999999997
123811,20087.357999999997
123812,19418.361
123813,19118.366
123814,16864.372
123815,16518.375999999997
123816,16299.375
123817,15470.380000000001
123818,14647.385
123819,14922.395000000002
123820,14323.391000000001
123821,15152.392000000003
123822,15307.405000000004
123823,15720.409000000003
123824,15711.412000000004
123825,16494.411000000007
123826,16017.41900000001
123827,16529.41800000001
123828,15937.41900000001
123829,15656.422000000013
123830,17721.42500000001
123831,15875.445000000014
123832,15596.456000000013
123833,14621.467000000017
123834,13697.490000000018
123835,12260.513000000023
123836,11244.526000000018
123837,8728.545000000018
123838,6818.582000000019
123839,2620.635000000014
123840,1123.4369999999967
123841,3236.426000000012
123842,4916.419000000015
123843,6416.408000000026
123844,7126.403000000025
123845,7976.397000000024
123846,8426.399000000025
123847,8848.397000000024
123848,9611.385000000024
123849,10326.385000000022
123850,13291.377000000022
123851,11798.376000000018
123852,11828.365000000016
123853,11727.360000000013
123854,11550.363000000012
123855,12240.36100000001
123856,12258.363000000012
123857,12138.360000000011
123858,11994.364000000007
123859,11924.357000000005
123860,10409.357000000004
123861,12391.352000000003
123862,12624.343000000004
123863,13447.337000000005
123864,15087.327000000003
123865,15402.317000000001
123866,16647.314
123867,17447.309999999998
123868,18052.303
123869,18674.303999999996
123870,19177.306999999997
123871,18412.314
123872,19522.316
123873,20185.313
123874,19198.318
123875,19758.322
123876,18728.327999999998
123877,18198.336
123878,18160.336000000003
123879,18558.331000000002
123880,18268.318
123881,17768.314000000002
123882,17658.302
123883,16438.302
123884,16788.299
123885,16803.3
123886,16322.297000000002
123887,16068.296
123888,16226.292000000001
123889,15536.285000000002
123890,14146.282000000003
123891,13891.287000000004
123892,12766.287000000004
123893,13686.282000000003
123894,14161.273000000003
123895,12999.271000000002
123896,13669.266000000003
123897,14216.265000000003
123898,13456.271000000004
123899,14821.262000000002
123900,15826.256000000005
123901,15346.253000000004
123902,16726.249000000003
123903,17256.248000000003
123904,17168.245000000003
123905,17751.246000000003
123906,17281.248000000003
123907,17886.245000000003
123908,18274.24
123909,17669.233
123910,17201.233000000004
123911,17013.228000000006
123912,17174.225000000006
123913,15749.222000000007
123914,15254.227000000008
123915,16256.221000000007
123916,16096.215000000007
123917,16696.207000000006
123918,16288.204000000007
123919,16483.20100000001
123920,15701.196000000007
123921,16501.18900000001
123922,15323.191000000008
123923,15956.185000000007
123924,16161.185000000007
123925,15351.188000000006
123926,14958.188000000006
123927,13599.191000000006
123928,13199.194000000007
123929,13994.192000000005
123930,18696.194000000003
123931,18514.193000000007
123932,20274.193000000003
123933,21834.191000000006
123934,21424.196000000004
123935,22029.193000000003
123936,22004.202000000005
123937,22206.204000000005
123938,23019.201000000005
123939,22439.20100000001
123940,23989.202000000005
123941,23836.200000000004
123942,22861.202000000005
123943,20708.203000000005
123944,21696.202000000005
123945,22091.204000000005
123946,22089.206000000006
123947,22449.210000000006
123948,21889.208000000006
123949,17739.211000000007
123950,16364.213000000007
123951,16764.211000000007
123952,16577.208000000006
123953,17547.209000000003
123954,16767.208000000006
123955,16982.206000000002
123956,16967.207000000006
123957,16387.207000000006
123958,15792.206000000006
123959,14589.211000000007
123960,14194.212000000005
123961,14569.215000000007
123962,15926.215000000007
123963,17099.213000000007
123964,16889.215000000007
123965,16689.215000000004
123966,17079.212000000003
123967,17489.209000000003
123968,18056.211000000007
123969,17866.212000000007
123970,18851.211000000007
123971,17901.208000000006
123972,17091.210000000006
123973,16157.207000000006
123974,16737.208000000006
123975,17532.206000000006
123976,17372.204000000005
123977,18567.202000000005
123978,19162.200000000004
123979,20347.197000000004
123980,20130.200000000004
123981,19770.196000000004
123982,18985.194000000003
123983,18575.196000000004
123984,18195.195000000003
123985,17810.194000000003
123986,18970.196000000004
123987,17785.197000000004
123988,17590.198000000004
123989,17205.196000000004
123990,16412.197000000004
123991,17797.194000000003
123992,18385.194000000003
123993,18390.194000000003
123994,18175.198000000004
123995,17992.197000000004
123996,18217.192000000003
123997,19182.194000000003
123998,19562.197000000004
123999,18577.199000000004
124000,19942.198000000004
124001,17961.201000000005
124002,18154.201000000005
124003,18561.200000000004
124004,18716.201000000005
124005,19734.195000000003
124006,19764.193000000003
124007,20359.191000000003
124008,20362.192000000003
124009,21142.193000000003
124010,20939.193000000003
124011,20924.195000000003
124012,20309.200000000004
124013,19129.200000000004
124014,19137.200000000004
124015,17767.200000000004
124016,18932.201000000005
124017,18157.200000000004
124018,18147.199000000004
124019,18917.198
124020,18117.2
124021,18697.201
124022,19492.199
124023,19672.202
124024,19847.203
124025,20637.201
124026,20287.195
124027,20442.198
124028,21202.199
124029,20252.196
124030,20822.198
124031,18847.201000000005
124032,18237.204
124033,19196.206000000002
124034,19232.203
124035,20169.208000000002
124036,20744.211000000003
124037,20764.211000000003
124038,20559.212000000003
124039,21149.209000000003
124040,21919.209000000003
124041,22499.209000000003
124042,21962.205
124043,20407.204
124044,20414.203
124045,19437.204
124046,20804.2
124047,21169.199
124048,20589.198
124049,20784.199
124050,19404.2
124051,19974.201
124052,20952.2
124053,21357.201000000005
124054,22687.199000000004
124055,22259.202000000005
124056,21274.204000000005
124057,21687.201000000005
124058,22297.198000000004
124059,22272.199000000004
124060,23072.198000000004
124061,21877.200000000004
124062,21692.196000000004
124063,22272.197000000004
124064,21481.198000000004
124065,22686.197000000004
124066,23892.194000000003
124067,23717.192000000003
124068,23739.190000000002
124069,23724.189000000002
124070,22929.188000000002
124071,22564.187
124072,20781.191000000003
124073,19406.193000000003
124074,18958.196000000004
124075,18988.195000000003
124076,19603.192000000003
124077,20003.190000000002
124078,20223.190000000002
124079,19841.189000000002
124080,19253.192000000006
124081,18873.193000000007
124082,20591.195000000003
124083,21386.194000000003
124084,24146.192000000003
124085,24361.191000000003
124086,23978.190000000002
124087,23762.192000000003
124088,24336.197000000004
124089,24143.196000000004
124090,25113.198000000004
124091,24342.204000000005
124092,24005.203000000005
124093,24054.2
124094,22737.197000000004
124095,22947.194000000003
124096,24266.197000000004
124097,24628.199
124098,24642.197
124099,24239.202
124100,23499.2
124101,23494.201
124102,22568.204
124103,22001.202
124104,21234.202
124105,22005.208000000002
124106,22806.204
124107,21635.205
124108,22567.208000000002
124109,22990.208000000002
124110,22598.207000000002
124111,22226.202000000005
124112,23073.197000000004
124113,22855.201000000005
124114,25613.199000000004
124115,25649.201
124116,24947.199000000004
124117,25104.202
124118,24940.199000000004
124119,25349.197000000004
124120,25574.198000000004
124121,25594.199000000004
124122,25544.200000000004
124123,26531.201000000005
124124,25755.202000000005
124125,25387.203000000005
124126,26339.207000000006
124127,26934.205000000005
124128,27146.205000000005
124129,25728.208000000006
124130,25116.206000000006
124131,25701.206000000006
124132,25340.210000000006
124133,24933.209000000006
124134,24330.208000000006
124135,24743.205000000005
124136,24816.202000000005
124137,24041.200000000004
124138,24822.203000000005
124139,25202.208000000006
124140,25638.206000000002
124141,25107.203
124142,25542.203
124143,25928.204
124144,27878.199
124145,28038.202
124146,27445.205
124147,27615.210000000003
124148,27453.209000000003
124149,27336.210000000003
124150,26987.211000000003
124151,27659.217000000004
124152,27694.218000000004
124153,28641.220000000005
124154,29072.217
124155,29114.214
124156,29867.217
124157,29554.216
124158,29285.21
124159,28088.211
124160,26746.212
124161,26981.21
124162,26598.213
124163,26738.214
124164,26357.216
124165,26557.214
124166,27130.211000000003
124167,26441.210000000003
124168,26880.209000000003
124169,27480.207000000002
124170,28284.205
124171,26368.204
124172,26725.203
124173,26987.202
124174,27328.201
124175,27743.206000000002
124176,28133.198
124177,28482.188
124178,27809.184
124179,27445.185
124180,27679.183
124181,27981.179
124182,28214.184
124183,29012.188000000002
124184,29798.187
124185,29400.187
124186,30342.189000000002
124187,30941.192000000003
124188,29977.193000000003
124189,29838.193
124190,29257.194
124191,29397.201
124192,29421.198
124193,29275.194
124194,29198.197000000004
124195,28819.196000000004
124196,29040.197000000004
124197,28521.192000000003
124198,28743.187
124199,28565.186000000005
124200,29675.19
124201,28371.184999999998
124202,28525.193
124203,28956.190000000002
124204,29760.186
124205,30078.185999999998
124206,29076.187
124207,27755.185999999998
124208,27371.185
124209,27023.19
124210,26596.197
124211,26639.197000000004
124212,27038.200000000004
124213,28332.195000000003
124214,29148.195000000003
124215,28895.196000000004
124216,29694.197000000004
124217,29315.206000000002
124218,28012.208000000002
124219,28255.207000000002
124220,27869.217000000004
124221,28850.221000000005
124222,28922.223
124223,28390.222000000005
124224,28040.222000000005
124225,28618.224000000006
124226,29757.224000000006
124227,28558.230000000003
124228,28600.223000000005
124229,28770.228000000006
124230,29369.229000000003
124231,28029.229000000007
124232,28738.234000000004
124233,30384.234000000004
124234,29516.239000000005
124235,30192.236000000004
124236,29226.235000000004
124237,29277.236000000004
124238,29669.233000000004
124239,34549.239
124240,33930.24600000001
124241,34358.24800000001
124242,34785.254
124243,35485.25200000001
124244,36618.25600000001
124245,36663.26000000001
124246,36521.26400000001
124247,36774.274000000005
124248,35168.268000000004
124249,35706.273
124250,36246.281
124251,36255.277
124252,35730.277
124253,35546.276
124254,34687.278000000006
124255,34535.278000000006
124256,34577.28200000001
124257,33732.28200000001
124258,34138.279
124259,33944.277
124260,34462.28200000001
124261,34467.270000000004
124262,35675.268000000004
124263,36879.264
124264,37577.259000000005
124265,37493.268000000004
124266,37401.263000000006
124267,38001.264
124268,38785.258
124269,39001.251000000004
124270,37840.24800000001
124271,37644.24800000001
124272,38039.247
124273,37421.247
124274,37610.253000000004
124275,37690.262
124276,37448.257000000005
124277,37471.254
124278,35742.25
124279,35490.242000000006
124280,35430.236000000004
124281,35295.22600000001
124282,33728.227000000006
124283,33758.219000000005
124284,32564.224000000006
124285,33376.212
124286,34278.21500000001
124287,33272.216
124288,34428.217000000004
124289,35188.200000000004
124290,35696.20300000001
124291,35636.208000000006
124292,36124.208
124293,36897.209
124294,32276.218000000004
124295,32904.213
124296,32883.213
124297,33306.211
124298,34449.198000000004
124299,34858.191000000006
124300,33373.185
124301,33800.178
124302,33991.173
124303,33740.173
124304,34908.167
124305,35297.15899999999
124306,35453.15299999999
124307,35486.14499999999
124308,34364.136999999995
124309,33579.134
124310,33299.134
124311,32677.131
124312,32327.125
124313,31687.125
124314,30560.123
124315,30777.123
124316,31109.124
124317,30724.124
124318,31083.125
124319,31089.119
124320,32306.117
124321,32310.113
124322,33486.111
124323,33864.114
124324,34116.11
124325,34126.108
124326,33096.112
124327,33560.116
124328,33609.115000000005
124329,34412.11
124330,33996.108
124331,33931.11
124332,32752.11
124333,32735.108
124334,33101.11
124335,33291.11
124336,33237.114
124337,33790.111
124338,32497.111000000004
124339,31772.109000000008
124340,32367.103000000003
124341,32343.105000000007
124342,31323.108000000007
124343,30796.104000000007
124344,30971.103000000006
124345,31026.101000000006
124346,31272.098000000005
124347,30041.100000000006
124348,30573.101000000006
124349,30359.099000000006
124350,30544.099000000006
124351,30122.099000000006
124352,30913.100000000006
124353,31733.097000000005
124354,31572.091000000004
124355,32618.084000000006
124356,32018.088000000007
124357,31358.091000000008
124358,31566.092000000008
124359,31914.090000000007
124360,30779.087000000007
124361,32239.082000000006
124362,31691.081000000006
124363,31883.082000000006
124364,32693.078000000005
124365,32628.081000000006
124366,32969.084
124367,33505.08500000001
124368,31795.083000000006
124369,32423.080000000005
124370,33023.08
124371,33559.077000000005
124372,33021.07
124373,32381.070000000003
124374,32620.065000000006
124375,32480.064000000006
124376,32310.063000000006
124377,31300.065000000006
124378,31685.067000000006
124379,31276.071000000007
124380,31485.069000000007
124381,29410.063000000006
124382,30738.064000000006
124383,31683.066000000006
124384,32113.063000000006
124385,32363.062000000005
124386,31613.064000000006
124387,31983.063000000006
124388,32618.063000000006
124389,31873.061000000005
124390,30283.062000000005
124391,31618.064000000006
124392,31073.062000000005
124393,31123.062000000005
124394,31118.063000000006
124395,30888.065000000006
124396,32128.062000000005
124397,32458.064000000006
124398,31473.066000000006
124399,32048.069000000007
124400,32433.071000000007
124401,32713.068000000007
124402,32410.067000000006
124403,30870.069000000007
124404,29330.070000000007
124405,28965.070000000007
124406,29565.067000000006
124407,29140.066000000006
124408,29570.063000000006
124409,29535.066000000006
124410,30345.065000000006
124411,29595.064000000006
124412,36945.05900000001
124413,38115.05900000001
124414,39420.061
124415,40085.06
124416,39480.059
124417,39840.06
124418,40455.058999999994
124419,39070.066
124420,37985.059
124421,39410.059
124422,38885.058000000005
124423,38850.061
124424,39160.065
124425,39510.069
124426,40185.066
124427,40185.066
124428,39535.069
124429,39755.069
124430,40700.06999999999
124431,39525.071
124432,37595.073000000004
124433,36220.075000000004
124434,35195.071
124435,34185.072
124436,34215.071
124437,33810.07000000001
124438,33470.07000000001
124439,34355.06500000001
124440,34320.067
124441,34315.064000000006
124442,36295.063
124443,37635.063
124444,38420.062000000005
124445,38840.062000000005
124446,38015.057
124447,38570.060000000005
124448,38600.060000000005
124449,38235.060000000005
124450,36665.063
124451,37860.064000000006
124452,37605.067
124453,38205.063
124454,39600.062000000005
124455,40645.058000000005
124456,40940.053
124457,40940.053
124458,41355.053
124459,41000.051
124460,41585.053
124461,40665.052
124462,39520.05300000001
124463,37565.054000000004
124464,35610.055
124465,35740.058000000005
124466,36325.058000000005
124467,35710.059
124468,35705.060000000005
124469,36265.060000000005
124470,36940.05700000001
124471,36385.05700000001
124472,37765.054000000004
124473,39020.052
124474,39230.054000000004
124475,38295.052
124476,38140.049000000006
124477,38750.049000000006
124478,38890.052
124479,38720.052
124480,37755.05
124481,38365.05
124482,33260.05
124483,33980.053
124484,35710.053
124485,36955.057
124486,36730.058
124487,35740.061
124488,35745.060000000005
124489,35300.058000000005
124490,35900.055
124491,35925.049999999996
124492,34615.049
124493,32940.048
124494,31195.047000000006
124495,31585.047000000006
124496,31350.050000000007
124497,30870.049000000006
124498,31095.048000000006
124499,31510.048000000006
124500,32870.044
124501,33105.041000000005
124502,34105.041
124503,34160.04
124504,34350.041
124505,33455.046
124506,33585.05
124507,34590.05100000001
124508,34975.053
124509,34040.05500000001
124510,33065.05500000001
124511,33230.056000000004
124512,33210.05500000001
124513,34560.053
124514,36095.053
124515,37245.054
124516,37565.049
124517,36895.051
124518,36350.053
124519,36190.05100000001
124520,36063.057
124521,35073.06
124522,33658.065
124523,32298.06400000001
124524,30708.06600000001
124525,30743.06400000001
124526,30373.06500000001
124527,30388.06700000001
124528,30538.06600000001
124529,30793.06400000001
124530,31718.06500000001
124531,31708.06700000001
124532,32618.06400000001
124533,32748.06800000001
124534,33288.07100000001
124535,32773.06700000001
124536,33738.05900000001
124537,34168.056000000004
124538,33998.056000000004
124539,34033.054
124540,32820.058000000005
124541,32615.06000000001
124542,31275.06500000001
124543,32690.06500000001
124544,33740.064000000006
124545,35335.06300000001
124546,36340.06300000001
124547,36070.05900000001
124548,36655.060000000005
124549,35710.05900000001
124550,35285.06300000001
124551,34305.064000000006
124552,33335.06300000001
124553,31720.06400000001
124554,31035.06000000001
124555,31210.05900000001
124556,31310.06100000001
124557,31655.06200000001
124558,31495.06000000001
124559,32435.058000000008
124560,33245.06100000001
124561,34000.06300000001
124562,35220.064000000006
124563,35590.064000000006
124564,35825.065
124565,34795.066
124566,34765.067
124567,35015.062000000005
124568,35470.060000000005
124569,34825.066
124570,33910.06800000001
124571,34115.06700000001
124572,33625.06300000001
124573,34765.064000000006
124574,35145.066000000006
124575,36165.06900000001
124576,35990.07000000001
124577,36155.07200000001
124578,36200.073000000004
124579,35510.066999999995
124580,35510.066999999995
124581,35945.062999999995
124582,34860.067
124583,33440.07000000001
124584,33110.06900000001
124585,32600.07000000001
124586,32230.06600000001
124587,32200.06300000001
124588,31390.06400000001
124589,32655.06500000001
124590,32330.07100000001
124591,33495.06800000001
124592,35255.068
124593,34815.072
124594,34935.076
124595,33615.07600000001
124596,33750.077000000005
124597,33685.08000000001
124598,34820.078
124599,34820.078
124600,34490.07600000001
124601,34040.07800000001
124602,33110.07800000001
124603,33735.07800000001
124604,34325.077000000005
124605,35630.07899999999
124606,35565.08199999999
124607,35435.07899999999
124608,35175.081000000006
124609,33650.083000000006
124610,33705.08200000001
124611,33705.081000000006
124612,33155.07800000001
124613,32215.076000000012
124614,31765.07800000001
124615,31000.08000000001
124616,31000.080000000013
124617,31980.07900000001
124618,31260.07700000001
124619,32365.07100000001
124620,32270.075000000008
124621,32430.07700000001
124622,33760.079000000005
124623,33400.07800000001
124624,33385.081000000006
124625,32945.08100000001
124626,32160.08200000001
124627,31765.083000000013
124628,32950.08000000001
124629,33155.07800000001
124630,33010.07500000001
124631,32585.07700000001
124632,32290.073000000008
124633,32865.07500000001
124634,32600.079000000012
124635,33980.07800000001
124636,34785.078
124637,34655.075
124638,35240.076
124639,34460.076
124640,34260.077000000005
124641,34460.077000000005
124642,33570.07500000001
124643,32255.076000000012
124644,32475.076000000012
124645,32425.07900000001
124646,31645.07900000001
124647,32350.07900000001
124648,30845.078000000005
124649,31040.078000000005
124650,30130.08400000001
124651,30520.084000000006
124652,31425.088000000007
124653,37180.08500000001
124654,38150.08600000001
124655,36925.08800000001
124656,37580.08400000001
124657,37955.08200000001
124658,38770.08
124659,38770.08200000001
124660,33275.082
124661,32825.084
124662,32035.088000000007
124663,33010.090000000004
124664,32090.08900000001
124665,33697.08500000001
124666,34314.085
124667,34754.085
124668,35724.086
124669,35364.085
124670,35169.087
124671,34949.087
124672,34169.090000000004
124673,33224.08900000001
124674,32994.09100000001
124675,33419.08900000001
124676,32249.08900000001
124677,31719.08900000001
124678,30322.09200000001
124679,30972.08900000001
124680,31527.09100000001
124681,31947.09000000001
124682,33222.09300000001
124683,33022.095000000016
124684,33552.09600000001
124685,32652.09800000001
124686,33602.098000000005
124687,32682.09800000001
124688,33062.10100000001
124689,32872.10100000001
124690,32412.09700000001
124691,32244.09700000001
124692,31448.09800000001
124693,32180.09800000001
124694,32115.10100000001
124695,33030.10300000001
124696,33365.10500000001
124697,33885.10800000001
124698,34320.104
124699,34375.098999999995
124700,34075.096
124701,33901.096000000005
124702,33396.09500000001
124703,32716.090000000007
124704,32296.086000000007
124705,32711.086000000007
124706,31649.088000000007
124707,32520.083000000006
124708,31319.087000000007
124709,32067.091000000008
124710,32336.089000000007
124711,32368.089000000007
124712,33503.09100000001
124713,34058.092000000004
124714,35100.091
124715,33930.09300000001
124716,35467.095
124717,34752.094
124718,34881.097
124719,33852.107
124720,33292.109000000004
124721,33667.109000000004
124722,32887.111000000004
124723,33672.11
124724,33082.11600000001
124725,34882.115
124726,34497.115999999995
124727,34519.118
124728,35923.119999999995
124729,35920.119999999995
124730,35605.126
124731,36158.128000000004
124732,35561.133
124733,34600.133
124734,32215.14300000001
124735,32398.14800000001
124736,31808.15100000001
124737,32589.144000000008
124738,31672.14100000001
124739,31978.14200000001
124740,32220.138000000006
124741,32055.138000000006
124742,33518.138000000006
124743,34718.138
124744,35919.137
124745,33909.14200000001
124746,36064.145000000004
124747,35956.149000000005
124748,35835.152
124749,35211.155
124750,35596.156
124751,34631.16
124752,34246.162
124753,34380.169
124754,34334.171
124755,36272.172999999995
124756,35592.172
124757,35526.175
124758,36335.18
124759,36049.181
124760,35429.188
124761,36526.188
124762,35928.187000000005
124763,34486.189
124764,33887.19200000001
124765,33847.194
124766,33681.192
124767,33291.19600000001
124768,32094.20200000001
124769,32616.20500000001
124770,32568.20900000001
124771,32906.20500000001
124772,39109.214
124773,45522.217
124774,40851.22
124775,39391.225000000006
124776,40294.23000000001
124777,40438.22900000001
124778,40999.224
124779,40190.22600000001
124780,39540.235
124781,38786.23700000001
124782,38552.234
124783,39040.232
124784,39156.235
124785,40486.234
124786,40336.236000000004
124787,40571.23700000001
124788,42066.231
124789,42359.239
124790,42096.240000000005
124791,43151.241
124792,42750.242000000006
124793,41126.249
124794,40322.252
124795,40037.261000000006
124796,39912.26200000001
124797,39423.268000000004
124798,38564.268000000004
124799,38838.26900000001
124800,39416.272000000004
124801,38271.27400000001
124802,39462.27300000001
124803,39979.273
124804,41152.273
124805,40523.272
124806,41273.279
124807,41569.274
124808,41695.273
124809,40656.282
124810,40019.284
124811,39809.291
124812,39510.28999999999
124813,40612.291000000005
124814,40277.294
124815,41875.294
124816,41288.297
124817,41822.307
124818,43047.303
124819,43311.304000000004
124820,42997.311
124821,39025.307
124822,38158.315
124823,37180.319
124824,36936.31799999999
124825,36489.32199999999
124826,35784.326
124827,35299.334
124828,34996.336
124829,35507.338
124830,36099.342
124831,35157.345
124832,36085.35
124833,36522.342000000004
124834,37391.338
124835,36987.342000000004
124836,37951.34500000001
124837,36925.35400000001
124838,36644.357
124839,36298.354
124840,36135.356
124841,35359.362
124842,35459.362
124843,36691.356999999996
124844,36747.350999999995
124845,37623.349
124846,37316.348
124847,38731.347
124848,39193.352
124849,40255.352
124850,39779.356
124851,41077.354
124852,41038.359000000004
124853,40394.363000000005
124854,39156.365
124855,38935.367
124856,38475.368
124857,38455.365
124858,37197.371
124859,37391.37400000001
124860,37903.37700000001
124861,37186.372
124862,38273.37000000001
124863,38263.372
124864,39686.374
124865,39757.380000000005
124866,40833.384000000005
124867,39975.39100000001
124868,39993.39100000001
124869,38508.39200000001
124870,38050.39300000001
124871,37695.39600000001
124872,37111.40200000001
124873,38432.40600000001
124874,37933.42000000001
124875,38964.42200000001
124876,38717.42600000001
124877,38932.428
124878,40051.42999999999
124879,41513.437000000005
124880,41023.439000000006
124881,42984.441000000006
124882,42140.450000000004
124883,40887.454000000005
124884,39994.453
124885,39862.45300000001
124886,39260.455
124887,39266.458
124888,38571.462
124889,38827.465
124890,39312.468
124891,38533.456000000006
124892,40116.457
124893,40331.458000000006
124894,41122.459
124895,41070.466
124896,42295.47299999999
124897,43074.471999999994
124898,43982.475
124899,42266.47499999999
124900,42024.46399999999
124901,41734.46599999999
124902,41106.47299999999
124903,42829.465
124904,43337.46399999999
124905,42866.471999999994
124906,43192.475
124907,43157.472
124908,43615.47800000001
124909,44192.47900000001
124910,43954.48800000001
124911,46272.48600000001
124912,45947.49300000001
124913,44529.503000000004
124914,44542.50800000001
124915,44729.50400000001
124916,43538.515
124917,43407.51899999999
124918,41858.528
124919,41829.534
124920,42016.537000000004
124921,39949.538
124922,40873.546
124923,41674.552
124924,41918.549
124925,42906.551
124926,44266.54
124927,44781.54
124928,45679.54000000001
124929,45035.551
124930,44712.56100000001
124931,43409.56500000001
124932,42730.567
124933,43818.573
124934,44470.584
124935,43937.592
124936,43398.602999999996
124937,43464.6
124938,43200.601
124939,44814.59599999999
124940,44549.596999999994
124941,47114.598
124942,46686.606999999996
124943,44770.619000000006
124944,44730.61400000001
124945,44734.611000000004
124946,43777.62
124947,43185.61800000001
124948,41783.63200000002
124949,40404.63700000001
124950,40904.63500000001
124951,39025.638000000006
124952,39783.63200000001
124953,40944.62900000001
124954,41823.62700000001
124955,41036.632000000005
124956,43102.62600000001
124957,43759.62
124958,44607.617000000006
124959,44314.60900000001
124960,44512.608000000015
124961,43303.61500000002
124962,42541.63700000002
124963,43664.63000000001
124964,44558.61400000001
124965,43609.62300000001
124966,44040.62200000002
124967,43860.62500000001
124968,44092.62500000001
124969,46056.61900000001
124970,45096.622
124971,47563.60800000001
124972,46889.612
124973,45815.60400000001
124974,45521.609
124975,46348.619000000006
124976,44655.61000000001
124977,43614.621
124978,42549.617
124979,42629.607
124980,43347.604
124981,41817.61200000001
124982,42066.61300000001
124983,42054.62100000001
124984,42075.618
124985,41719.61700000001
124986,42359.61800000001
124987,42819.62300000001
124988,43088.63000000002
124989,41621.63000000001
124990,42160.63500000001
124991,41615.630000000005
124992,41854.63200000001
124993,42904.625000000015
124994,44133.61900000001
124995,43081.61800000001
124996,44061.62200000001
124997,44687.62100000001
124998,45076.62600000001
124999,46396.627
125000,45314.630000000005
125001,47807.62300000001
125002,47452.62100000001
125003,45767.636
125004,45378.63900000001
125005,45457.63700000001
125006,44279.63900000002
125007,44107.629000000015
125008,42707.63200000002
125009,42123.63600000002
125010,42306.62900000001
125011,41031.632000000005
125012,41618.627
125013,42343.625
125014,41392.636
125015,41312.64000000001
125016,41702.640000000014
125017,41975.638000000006
125018,42888.63500000002
125019,42036.631000000016
125020,42217.625000000015
125021,41320.62600000001
125022,41711.622
125023,42567.61600000001
125024,42384.62500000001
125025,42494.63000000001
125026,43433.622
125027,43303.631
125028,43648.635
125029,44971.63200000001
125030,42952.62600000001
125031,44866.62300000001
125032,44557.62400000001
125033,43602.622
125034,45041.616
125035,45118.611999999994
125036,44836.615
125037,44385.61400000001
125038,42586.61400000001
125039,42118.61600000001
125040,42441.61600000001
125041,41845.61500000001
125042,42326.616000000016
125043,41590.61900000001
125044,41661.611000000004
125045,41714.602000000006
125046,41629.60300000001
125047,41813.60600000001
125048,43109.609000000026
125049,42236.616000000016
125050,43801.59800000003
125051,42263.60200000002
125052,41529.59600000002
125053,42485.59600000002
125054,41963.59900000001
125055,41793.60000000002
125056,41418.60300000001
125057,41391.59900000001
125058,40917.605
125059,41213.613000000005
125060,39510.594000000005
125061,41654.58500000001
125062,40561.59500000001
125063,39370.602
125064,39881.60800000001
125065,39451.60800000001
125066,39760.605
125067,39725.608
125068,38410.60599999999
125069,37792.606
125070,37983.61
125071,36399.616
125072,37238.61500000001
125073,36571.615000000005
125074,36323.61100000001
125075,36657.61300000001
125076,36483.609000000004
125077,35977.60400000001
125078,36313.599
125079,35510.59500000001
125080,36559.590000000004
125081,35814.586
125082,35383.590000000004
125083,36289.583000000006
125084,35659.586
125085,35225.593
125086,34617.594000000005
125087,35675.586
125088,36559.581000000006
125089,36752.58200000001
125090,35409.57200000001
125091,36536.56600000001
125092,35412.575000000004
125093,34896.578000000016
125094,35676.58300000001
125095,35761.58
125096,36281.583000000006
125097,36039.582
125098,35027.59000000001
125099,35019.583000000006
125100,34699.58800000001
125101,33938.59500000001
125102,34434.59300000001
125103,34518.59400000001
125104,34640.58400000002
125105,34610.57200000001
125106,34569.56500000001
125107,33615.56200000001
125108,33240.56200000001
125109,32820.56500000001
125110,33834.554000000004
125111,32676.556000000015
125112,31784.560000000012
125113,32874.55800000001
125114,32007.55800000001
125115,31829.555000000015
125116,32669.542000000016
125117,32992.53500000002
125118,33594.52800000001
125119,32746.520000000015
125120,31707.521000000015
125121,33980.523000000016
125122,33530.525000000016
125123,32883.523000000016
125124,33378.51200000002
125125,33086.508000000016
125126,33073.500000000015
125127,32986.500000000015
125128,32620.507000000016
125129,32820.50700000001
125130,33759.504000000015
125131,32296.51400000002
125132,32776.508000000016
125133,33339.50900000001
125134,33153.506000000016
125135,33358.50300000001
125136,33359.496000000014
125137,32262.502000000015
125138,31536.510000000017
125139,32380.51300000002
125140,32522.51100000002
125141,30651.510000000017
125142,31056.506000000016
125143,31548.50800000002
125144,31085.51200000002
125145,31462.51100000002
125146,31697.50900000002
125147,31660.50200000002
125148,32078.496000000017
125149,31173.496000000014
125150,29537.499000000014
125151,31662.494000000017
125152,30553.48600000001
125153,29688.471000000016
125154,30593.459000000017
125155,29444.465000000015
125156,29188.468000000015
125157,29337.462000000018
125158,28901.470000000016
125159,28236.46700000001
125160,28812.456000000013
125161,27966.452000000012
125162,28317.44900000001
125163,28918.45000000001
125164,27716.447000000015
125165,27876.44400000001
125166,27919.452000000016
125167,28926.457000000013
125168,28887.453000000016
125169,29955.454000000012
125170,30600.446000000014
125171,29514.434000000012
125172,30419.421000000013
125173,30789.422000000013
125174,30663.42400000001
125175,30455.42800000001
125176,29960.42900000001
125177,28505.42500000001
125178,28780.433000000008
125179,27973.441000000006
125180,26826.43600000001
125181,28209.435000000012
125182,27466.43700000001
125183,26225.43800000001
125184,27297.43400000001
125185,26184.44000000001
125186,26167.44200000001
125187,27030.444000000007
125188,26372.440000000006
125189,26517.43600000001
125190,26409.434000000005
125191,25842.441000000003
125192,26013.439000000002
125193,26251.442000000003
125194,24906.440000000002
125195,25669.433
125196,25575.436
125197,25496.440000000002
125198,25228.444
125199,25326.439000000002
125200,25438.444000000003
125201,24992.441000000003
125202,25106.429000000004
125203,24611.433000000005
125204,25548.430000000004
125205,25847.427000000003
125206,25983.419000000005
125207,25406.412000000004
125208,25923.409000000003
125209,25979.408000000003
125210,24726.406000000003
125211,24830.408000000003
125212,24925.399000000005
125213,24450.4
125214,24590.395000000008
125215,23841.391000000003
125216,23834.395
125217,22984.392000000007
125218,21982.392
125219,21558.392
125220,21426.397000000004
125221,21467.400000000005
125222,21377.402000000002
125223,21425.402000000006
125224,20401.408
125225,20557.407000000003
125226,20750.4
125227,21142.4
125228,22047.398
125229,22033.393
125230,23119.381
125231,22103.39
125232,21373.384
125233,21807.388000000003
125234,22561.382
125235,23440.383
125236,23612.383
125237,23426.383
125238,22537.387000000002
125239,23876.383
125240,22892.380000000005
125241,21753.387000000002
125242,22100.384000000002
125243,21589.378
125244,20601.38
125245,20669.383
125246,20507.374
125247,20507.367
125248,20755.355
125249,20771.343
125250,21444.340999999997
125251,21912.340999999993
125252,20366.341999999997
125253,20040.348999999995
125254,19501.357999999997
125255,17693.362000000005
125256,16782.367000000002
125257,15637.373000000003
125258,14851.384000000005
125259,12948.385
125260,12715.382000000001
125261,12753.378000000004
125262,11955.388000000004
125263,11567.391000000007
125264,11174.394000000008
125265,11695.39200000001
125266,11858.402000000013
125267,11049.405000000012
125268,11753.40700000001
125269,13209.413000000011
125270,14430.418000000014
125271,13059.430000000017
125272,13466.440000000017
125273,13106.451000000017
125274,12153.47000000002
125275,11026.482000000022
125276,9099.506000000023
125277,7035.53200000002
125278,6096.56000000002
125279,1392.6069999999975
125280,2753.438000000001
125281,4966.423000000027
125282,7041.412000000028
125283,8395.401000000027
125284,8822.394000000026
125285,10637.37800000002
125286,11269.373000000018
125287,11714.375000000016
125288,12532.369000000015
125289,12937.366000000016
125290,15631.371000000017
125291,14401.372000000014
125292,13533.369000000013
125293,13613.366000000013
125294,14133.365000000014
125295,13240.360000000013
125296,13663.352000000012
125297,13613.35000000001
125298,13223.356000000009
125299,13230.356000000009
125300,10140.356000000007
125301,11390.354000000007
125302,13590.346000000005
125303,14010.343000000006
125304,14795.337000000005
125305,16098.326000000003
125306,16563.319000000003
125307,17804.31
125308,19019.304999999997
125309,19779.295999999995
125310,20249.297999999995
125311,20214.306999999997
125312,19109.304999999997
125313,18034.313
125314,17290.317
125315,16330.324000000002
125316,16308.330000000002
125317,16365.334000000003
125318,15447.340000000002
125319,15417.328000000003
125320,17297.325
125321,17317.323
125322,16887.321
125323,18042.317
125324,18192.318
125325,18170.313
125326,18620.309
125327,17805.306
125328,17785.302
125329,18552.300000000003
125330,15912.299000000003
125331,15927.295000000002
125332,17522.288000000004
125333,16932.287
125334,16939.284000000003
125335,17539.273
125336,17129.27
125337,18012.264000000003
125338,18014.254000000004
125339,17464.252
125340,17387.255
125341,16952.252000000004
125342,16700.252
125343,16345.244000000002
125344,16105.242000000002
125345,16210.241000000002
125346,15575.240000000005
125347,15897.239000000007
125348,15492.238000000007
125349,15343.230000000005
125350,16248.238000000005
125351,17813.230000000003
125352,17053.226000000006
125353,16473.224000000006
125354,16233.228000000006
125355,16223.220000000007
125356,16838.214000000004
125357,15443.211000000007
125358,16453.201000000005
125359,16468.197000000004
125360,16278.191000000004
125361,16093.185000000003
125362,16518.186
125363,16333.188000000004
125364,16708.191000000003
125365,16728.188000000002
125366,16710.190000000002
125367,18050.195000000007
125368,18860.194000000003
125369,19620.197000000004
125370,19785.201000000005
125371,19435.199
125372,19425.199
125373,18825.201
125374,18880.199
125375,20260.196
125376,19660.2
125377,19255.201
125378,18118.201
125379,17718.201000000005
125380,18333.197
125381,17978.197
125382,17383.2
125383,17773.201
125384,16962.205
125385,15392.210000000005
125386,16005.206000000004
125387,14845.203000000003
125388,15660.199000000002
125389,16050.197000000002
125390,15701.194000000001
125391,15878.196000000002
125392,15823.203000000003
125393,16203.204000000003
125394,15413.206000000004
125395,15603.206000000004
125396,15598.206000000004
125397,17146.208000000002
125398,17736.209000000003
125399,19109.208000000002
125400,19922.205
125401,20137.203
125402,20137.203
125403,18932.207000000002
125404,19332.205
125405,19317.205
125406,18729.206000000002
125407,18499.211000000003
125408,18114.210000000003
125409,17154.208000000002
125410,17769.205
125411,17184.205000000005
125412,17184.206000000006
125413,17779.205
125414,17169.208000000006
125415,16769.210000000003
125416,16554.211000000007
125417,15797.210000000005
125418,15822.209000000004
125419,16397.210000000003
125420,16192.212000000005
125421,17582.207000000002
125422,17802.203
125423,18187.204
125424,17592.205
125425,16807.206000000002
125426,17227.203
125427,18012.201
125428,17997.204
125429,18777.204
125430,18969.203
125431,18199.202
125432,18574.204
125433,17786.206000000002
125434,18011.206000000002
125435,19409.2
125436,18817.201
125437,19792.201
125438,19397.202
125439,18402.203
125440,19407.201
125441,19584.202
125442,19426.198
125443,19817.198
125444,19022.201
125445,19237.197
125446,19802.2
125447,19017.2
125448,19394.2
125449,20374.2
125450,20989.199
125451,21422.194
125452,20982.197
125453,20989.197
125454,20209.2
125455,18654.198
125456,18854.199
125457,19406.201
125458,19586.204
125459,19214.202
125460,18392.208000000002
125461,18022.205000000005
125462,18417.203
125463,19002.197
125464,19812.193
125465,20197.192
125466,19584.195
125467,20379.194
125468,19564.2
125469,19004.196
125470,19341.2
125471,19156.198
125472,18561.199
125473,17966.201
125474,17961.201
125475,17391.199
125476,18346.201
125477,18743.202
125478,18979.201
125479,19944.2
125480,20679.201
125481,21269.2
125482,21844.198
125483,22634.197
125484,22649.197
125485,22064.196
125486,22674.189
125487,22309.188
125488,22529.184
125489,22912.182
125490,22122.184
125491,21934.182
125492,21364.181
125493,21554.181
125494,22324.181
125495,22904.181
125496,22529.177
125497,22734.176
125498,22134.176
125499,21944.176
125500,21909.183
125501,21747.181
125502,21132.179
125503,20332.18
125504,19532.183
125505,18919.186
125506,19351.183
125507,19911.181000000004
125508,20681.184000000005
125509,20286.185000000005
125510,20866.186000000005
125511,20851.185000000005
125512,20859.183000000005
125513,21444.182000000004
125514,21449.181000000004
125515,20664.183000000005
125516,20044.185000000005
125517,19694.183000000005
125518,19284.188000000002
125519,19664.191000000003
125520,19659.192
125521,20234.193000000003
125522,21006.195000000003
125523,21251.192000000003
125524,22188.198000000004
125525,22416.195000000003
125526,23426.195000000003
125527,24241.199
125528,24266.197
125529,24451.199
125530,24406.207000000002
125531,24991.207000000002
125532,24011.210000000003
125533,23837.211000000003
125534,22862.215000000004
125535,22497.213000000003
125536,22267.217000000004
125537,22284.214000000004
125538,23913.210000000003
125539,23739.211000000003
125540,24335.212000000003
125541,23770.214000000004
125542,23847.208000000002
125543,23707.210000000003
125544,28592.213000000003
125545,28240.212000000003
125546,27285.211000000003
125547,27480.215000000004
125548,27142.209000000003
125549,26972.214000000004
125550,27757.215000000004
125551,28381.215000000004
125552,29183.220000000005
125553,28582.219000000005
125554,29783.213000000003
125555,29216.212000000003
125556,30394.214000000004
125557,30416.209000000003
125558,25181.207000000002
125559,25319.212000000003
125560,25168.211000000003
125561,25394.208000000002
125562,25407.210000000003
125563,25017.212000000003
125564,24633.215000000004
125565,24088.214000000004
125566,23956.209000000003
125567,24150.208000000002
125568,25096.210000000003
125569,25500.213000000003
125570,26872.211000000003
125571,26869.214000000004
125572,26864.215000000004
125573,27097.211000000003
125574,26303.212000000003
125575,26335.212000000003
125576,25632.210000000003
125577,26227.208000000002
125578,26244.209
125579,26035.21
125580,26450.21
125581,25711.207
125582,26104.208
125583,26311.206
125584,27155.204999999998
125585,26206.202999999998
125586,27214.201999999997
125587,27011.204999999998
125588,27243.201
125589,27851.200000000004
125590,27720.197000000004
125591,27740.199000000004
125592,27293.203
125593,26733.208
125594,26552.209000000003
125595,26014.205000000005
125596,26533.201000000005
125597,26338.204
125598,26560.204
125599,26404.203
125600,27940.208000000002
125601,27951.209000000003
125602,27265.214000000004
125603,26492.215000000004
125604,25166.217000000004
125605,24880.224
125606,23714.222000000005
125607,24972.214
125608,25152.216000000004
125609,25107.219000000005
125610,25275.223000000005
125611,24379.215000000004
125612,24413.214000000004
125613,24483.210000000003
125614,25669.209000000003
125615,24255.211000000003
125616,25325.204
125617,25588.202
125618,25560.201
125619,26147.201
125620,25603.197
125621,25218.198
125622,25251.191
125623,25260.192
125624,24467.192
125625,24215.199
125626,25135.204
125627,25345.199
125628,26409.198
125629,26643.199
125630,29253.197
125631,29809.193
125632,29640.191
125633,29693.188
125634,29117.185999999998
125635,29159.186999999998
125636,29761.188
125637,29614.186
125638,29800.189
125639,30262.184999999998
125640,29727.196000000004
125641,28581.197
125642,29206.196000000004
125643,28609.195000000003
125644,30407.192000000003
125645,29196.193000000003
125646,29707.194000000003
125647,29196.191000000003
125648,29015.187
125649,28856.185000000005
125650,28138.186000000005
125651,27150.195000000007
125652,26781.196000000004
125653,26957.200000000004
125654,25652.199000000008
125655,25324.198000000008
125656,25528.197000000007
125657,25506.203000000005
125658,25670.208000000006
125659,25730.215000000004
125660,27278.221000000005
125661,27954.219000000005
125662,27984.214000000004
125663,27984.213000000003
125664,27604.217000000004
125665,27425.219000000005
125666,27716.213000000003
125667,28110.217000000004
125668,27799.217000000004
125669,27711.225000000002
125670,27708.232000000004
125671,28023.243000000006
125672,28175.242000000006
125673,33697.240000000005
125674,35641.239
125675,35252.24500000001
125676,36024.25
125677,36016.25200000001
125678,37827.254
125679,38010.261
125680,37697.255000000005
125681,37486.259000000005
125682,36588.262
125683,37919.272000000004
125684,37550.270000000004
125685,37025.268000000004
125686,35897.272000000004
125687,36670.277
125688,36550.274000000005
125689,36794.27100000001
125690,37919.274000000005
125691,37757.276000000005
125692,37189.277
125693,37638.26700000001
125694,37397.270000000004
125695,37398.271
125696,37242.268
125697,36811.272
125698,36084.274000000005
125699,35846.263999999996
125700,35780.268
125701,36727.267
125702,37441.266
125703,37084.263000000006
125704,32765.267000000003
125705,32911.272
125706,34347.26999999999
125707,34145.26699999999
125708,32488.264000000003
125709,32931.261999999995
125710,32001.252000000004
125711,31200.254000000004
125712,31360.248000000003
125713,31621.243000000002
125714,31009.243000000002
125715,30592.242000000006
125716,27869.236000000004
125717,28515.241000000005
125718,29480.242000000006
125719,30037.237000000005
125720,30839.234000000004
125721,30424.230000000003
125722,29592.229000000007
125723,29315.229000000007
125724,29031.228000000006
125725,29030.227000000006
125726,29498.219000000005
125727,28546.210000000006
125728,28652.216000000004
125729,27556.211000000007
125730,27462.211000000007
125731,28267.206000000006
125732,29269.208000000002
125733,28883.203000000005
125734,29886.200000000004
125735,29478.193000000007
125736,30565.192000000006
125737,30353.185000000005
125738,29850.177000000007
125739,30647.176000000007
125740,29940.177000000007
125741,29763.173000000006
125742,30239.177000000007
125743,31375.169000000005
125744,30660.170000000002
125745,30662.169
125746,29458.162000000004
125747,30217.154000000002
125748,30794.154000000002
125749,31030.154000000002
125750,32246.144000000004
125751,33104.138
125752,31897.139000000003
125753,32067.138000000003
125754,31347.133
125755,31196.129
125756,30770.133
125757,29597.134000000002
125758,29644.132
125759,29019.126
125760,29144.127
125761,29354.129
125762,30297.128
125763,30107.126
125764,30929.123000000003
125765,30934.122000000003
125766,31741.121000000003
125767,30968.119000000002
125768,30062.117000000002
125769,32190.118000000002
125770,32130.117000000002
125771,31515.116
125772,31688.117000000002
125773,31897.113000000005
125774,32157.110000000004
125775,31971.107000000004
125776,30768.108000000004
125777,31917.108000000004
125778,32499.109000000004
125779,32771.105
125780,33174.106
125781,32989.103
125782,32214.099000000002
125783,32559.098
125784,32500.101000000002
125785,32279.103000000003
125786,32774.105
125787,32502.105000000003
125788,32115.106000000003
125789,30580.106000000003
125790,29826.107000000004
125791,30163.108000000004
125792,30992.103000000003
125793,31077.098000000005
125794,31077.09500000001
125795,31676.09500000001
125796,32056.096000000005
125797,31476.094000000005
125798,30921.093000000008
125799,31650.09500000001
125800,31048.098000000005
125801,31193.098000000005
125802,31985.095000000005
125803,32017.094000000005
125804,32077.092000000008
125805,31453.090000000007
125806,30323.083000000006
125807,31212.088000000007
125808,31027.087000000007
125809,31057.085000000006
125810,32382.079000000005
125811,31915.083000000006
125812,31588.078000000005
125813,31347.079000000005
125814,31106.085000000006
125815,30402.080000000005
125816,31182.080000000005
125817,30737.07600000001
125818,31307.072000000007
125819,29953.073000000008
125820,29758.074000000008
125821,29748.075000000008
125822,30165.068000000007
125823,30370.066000000006
125824,29440.067000000006
125825,30440.067000000006
125826,30830.067000000006
125827,30225.072000000007
125828,29470.072000000007
125829,29860.072000000007
125830,29455.070000000007
125831,29875.069000000007
125832,31545.064000000006
125833,31800.062000000005
125834,32565.060000000005
125835,32305.064000000006
125836,30735.066000000006
125837,32115.063000000006
125838,33535.062
125839,33945.063
125840,35120.063
125841,34490.067
125842,33510.06800000001
125843,33535.068
125844,33690.071
125845,32330.070000000007
125846,33110.071
125847,32580.070000000007
125848,32555.070000000007
125849,31480.075000000008
125850,31330.071000000007
125851,30940.073000000008
125852,30515.07700000001
125853,30705.073000000004
125854,30210.070000000007
125855,31645.066000000006
125856,32135.071000000004
125857,31475.067000000006
125858,31535.065000000006
125859,31160.067000000006
125860,30230.068000000007
125861,30800.066000000006
125862,31525.067000000006
125863,32165.068000000007
125864,32555.068000000007
125865,32785.067
125866,31805.069000000007
125867,33615.068
125868,33450.067
125869,34600.066
125870,35260.060999999994
125871,36095.060999999994
125872,35485.060999999994
125873,35090.062
125874,35675.06199999999
125875,34500.064
125876,34095.068
125877,32490.072000000007
125878,32455.075000000008
125879,31690.072000000007
125880,32300.073000000008
125881,31240.07600000001
125882,30860.074000000004
125883,30280.075000000008
125884,29870.076000000005
125885,30795.079000000005
125886,30620.076000000005
125887,30065.075000000008
125888,30100.074000000004
125889,30550.072000000004
125890,30615.069000000007
125891,30625.072000000007
125892,31720.069000000007
125893,32560.068000000007
125894,32005.07600000001
125895,32820.07400000001
125896,32250.07800000001
125897,34050.07400000001
125898,34430.067
125899,34985.069
125900,35220.067
125901,36575.068
125902,35985.069
125903,35680.067
125904,37095.064
125905,36235.062
125906,35480.062
125907,35670.064
125908,35900.062
125909,34570.06
125910,34995.059
125911,33985.061
125912,33005.062000000005
125913,32735.067000000006
125914,32905.06800000001
125915,33350.067
125916,34010.063
125917,32850.061
125918,32625.062000000005
125919,33050.060000000005
125920,32620.06300000001
125921,33040.062000000005
125922,33160.067
125923,35785.063
125924,35010.062
125925,35370.063
125926,36150.064
125927,37120.066
125928,36925.066
125929,37295.064999999995
125930,35375.064999999995
125931,36605.064999999995
125932,36405.066
125933,35980.068
125934,36955.068
125935,35575.070999999996
125936,34825.07
125937,35015.073
125938,35610.073
125939,34630.074
125940,35163.077000000005
125941,34473.07400000001
125942,34288.07200000001
125943,33968.069
125944,34828.064000000006
125945,34833.063
125946,35233.06100000001
125947,34488.059
125948,34423.063
125949,35103.05900000001
125950,35798.05700000001
125951,35808.056000000004
125952,36618.05500000001
125953,37388.05700000001
125954,36893.054000000004
125955,37478.054000000004
125956,38155.051
125957,39520.052
125958,38790.051999999996
125959,38555.056
125960,38060.053
125961,44525.05399999999
125962,43545.056
125963,42775.054000000004
125964,43020.054000000004
125965,42060.05100000001
125966,41300.053
125967,41230.047999999995
125968,42650.046
125969,42015.047000000006
125970,42210.047000000006
125971,41420.05100000001
125972,41060.05100000001
125973,41230.05100000001
125974,41820.05
125975,41910.047999999995
125976,42145.045
125977,41595.04400000001
125978,41395.046
125979,41790.045
125980,42185.045
125981,41895.05
125982,43090.051999999996
125983,44010.053
125984,43280.053
125985,44430.053
125986,44220.057
125987,45625.05499999999
125988,45730.05799999999
125989,46145.05799999999
125990,45185.056
125991,45770.057
125992,39380.060999999994
125993,38595.062
125994,38435.05999999999
125995,38020.06
125996,37185.060999999994
125997,37065.06
125998,37410.062
125999,35815.066
126000,36845.065
126001,36640.067
126002,35755.067
126003,35140.06800000001
126004,35385.068
126005,35415.067
126006,36060.067
126007,34850.07000000001
126008,34505.07100000001
126009,34695.07200000001
126010,34280.07200000001
126011,34155.06800000001
126012,34925.07100000001
126013,36460.06800000001
126014,35750.073000000004
126015,36495.07600000001
126016,36920.07400000001
126017,38515.075000000004
126018,39105.074
126019,39555.073
126020,39500.075999999994
126021,40880.074
126022,39870.077000000005
126023,39460.077000000005
126024,39405.078
126025,38680.077000000005
126026,37505.078
126027,37485.077000000005
126028,37090.078
126029,36160.07500000001
126030,36425.075000000004
126031,35990.07600000001
126032,35600.07600000001
126033,34365.076
126034,35250.078
126035,34440.079
126036,35395.078
126037,35095.075
126038,35140.070999999996
126039,35365.07
126040,35060.068
126041,34090.067
126042,34940.066999999995
126043,35660.068999999996
126044,35100.068999999996
126045,35815.07199999999
126046,35950.074
126047,37145.074
126048,38095.074
126049,38985.076
126050,38930.078
126051,40288.07900000001
126052,39898.07900000001
126053,40533.074
126054,41333.07000000001
126055,40893.071
126056,39718.072
126057,38903.07300000001
126058,38358.07000000001
126059,36788.07200000001
126060,36588.073000000004
126061,35943.075000000004
126062,35603.074
126063,35233.075000000004
126064,35788.076
126065,34788.076
126066,35318.081000000006
126067,35008.08000000001
126068,34618.08000000001
126069,35263.078
126070,35918.074
126071,35053.076
126072,36223.076
126073,35638.076
126074,34523.07500000001
126075,35693.075000000004
126076,35983.071
126077,36963.07000000001
126078,37883.068
126079,37458.072
126080,37648.07400000001
126081,39153.075000000004
126082,38988.07400000001
126083,39538.076
126084,39358.07800000001
126085,38578.07800000001
126086,38028.075000000004
126087,37873.075000000004
126088,37033.077999999994
126089,35273.075
126090,34645.079999999994
126091,34200.083
126092,33100.079000000005
126093,33560.075
126094,34900.075
126095,34420.077999999994
126096,35430.07699999999
126097,35335.081999999995
126098,34840.079
126099,35805.081
126100,36132.08499999999
126101,34962.085999999996
126102,37082.08699999999
126103,36187.08699999999
126104,34802.09099999999
126105,35152.094
126106,34987.092000000004
126107,35547.09300000001
126108,36137.09300000001
126109,35902.088
126110,35672.090000000004
126111,37286.086
126112,36896.08700000001
126113,36873.089
126114,37258.091
126115,35653.096000000005
126116,35213.096000000005
126117,35067.093
126118,35067.093
126119,34363.092000000004
126120,34233.08900000001
126121,33808.091
126122,32873.08900000001
126123,33373.09100000001
126124,34188.08900000001
126125,34940.09100000001
126126,35525.091
126127,35702.090000000004
126128,34892.092000000004
126129,35961.085
126130,36141.088
126131,35354.090000000004
126132,37029.091
126133,42327.091
126134,41182.091
126135,42083.086
126136,42513.083000000006
126137,42675.08499999999
126138,43805.087999999996
126139,44000.087999999996
126140,43915.092
126141,44465.094
126142,43311.09299999999
126143,44106.09
126144,43841.098
126145,43531.093
126146,42941.095
126147,41761.09900000001
126148,40576.105
126149,40150.10600000001
126150,40380.10400000001
126151,39967.10500000001
126152,38750.10900000001
126153,38427.10600000001
126154,39732.11100000001
126155,39211.112000000016
126156,39241.11500000001
126157,38961.121000000014
126158,38731.12400000001
126159,40531.12100000001
126160,46246.122
126161,45922.12700000001
126162,48056.129
126163,47330.129
126164,41477.130000000005
126165,41717.134000000005
126166,42857.135
126167,44499.132
126168,45307.132
126169,45697.136
126170,45302.139
126171,46152.138
126172,44914.145
126173,45413.151
126174,44663.151999999995
126175,43683.155999999995
126176,43900.15299999999
126177,43150.153
126178,42593.157
126179,41808.16099999999
126180,42238.162
126181,42176.16799999999
126182,41050.167
126183,38807.171
126184,39664.17600000001
126185,38655.177
126186,39942.176
126187,39092.179000000004
126188,39525.179000000004
126189,40011.178
126190,40074.18
126191,39255.18200000001
126192,41366.183
126193,42001.18499999999
126194,42444.18
126195,43192.184
126196,42579.182
126197,43683.188
126198,44637.188
126199,44936.187000000005
126200,44338.194
126201,39293.19699999999
126202,38817.198
126203,39172.195999999996
126204,38336.201
126205,37376.201
126206,37240.201
126207,36676.200999999994
126208,35611.206
126209,35093.206
126210,35576.207
126211,35614.221
126212,34929.22
126213,34515.222
126214,35810.217
126215,35457.222
126216,37215.223999999995
126217,35460.225
126218,35356.225999999995
126219,36322.221
126220,36527.219999999994
126221,35294.225
126222,37104.223999999995
126223,37358.223
126224,37106.223
126225,37160.22899999999
126226,36740.23099999999
126227,38813.22699999999
126228,39802.227999999996
126229,39772.225999999995
126230,39415.227
126231,39610.231999999996
126232,39614.223999999995
126233,40130.23299999999
126234,40014.23399999999
126235,39958.24199999999
126236,39589.23999999999
126237,38951.24499999999
126238,38268.24399999999
126239,37348.24599999999
126240,38566.25099999999
126241,39071.25199999999
126242,38549.253
126243,38389.259999999995
126244,39165.263
126245,38147.266
126246,38960.268000000004
126247,37157.271
126248,37110.279
126249,37814.283
126250,38599.280000000006
126251,38121.28400000001
126252,39284.291000000005
126253,38929.29200000001
126254,38584.29400000001
126255,39001.29600000001
126256,38273.304000000004
126257,40465.30500000001
126258,41379.30300000001
126259,46980.30900000001
126260,45680.319
126261,45808.32000000001
126262,45236.320999999996
126263,46042.32000000001
126264,40083.321
126265,40429.319
126266,40677.32200000001
126267,40272.317
126268,39653.317
126269,38412.321
126270,38983.327000000005
126271,39153.33
126272,38817.331000000006
126273,38931.33
126274,40238.331
126275,39701.327000000005
126276,40272.327000000005
126277,38303.342
126278,37681.344
126279,39107.345
126280,39603.349
126281,39018.35
126282,40035.35
126283,40342.353
126284,40186.358
126285,40439.36
126286,41074.365000000005
126287,44358.364
126288,44777.369000000006
126289,44925.36900000001
126290,44503.366000000016
126291,44333.37200000002
126292,43345.37700000001
126293,44079.37500000002
126294,43449.375000000015
126295,44170.375000000015
126296,43356.38100000002
126297,42500.38600000002
126298,42172.390000000014
126299,40888.38700000002
126300,41336.38900000002
126301,40574.398000000016
126302,39719.40200000002
126303,38877.40500000002
126304,39964.40600000001
126305,38006.40700000002
126306,38056.40700000002
126307,38128.41000000002
126308,38422.41400000002
126309,40273.42400000002
126310,40967.42700000001
126311,41802.42400000001
126312,43125.43200000001
126313,43764.42900000001
126314,43049.43000000001
126315,43539.43000000001
126316,44290.43400000001
126317,45326.43700000001
126318,45075.43800000001
126319,44700.44300000001
126320,44445.44000000002
126321,45402.443000000014
126322,45117.44200000002
126323,45695.44400000001
126324,45306.447000000015
126325,46245.447000000015
126326,45019.45200000001
126327,44213.45400000001
126328,44103.45800000002
126329,42185.46000000002
126330,42901.46200000002
126331,41490.46000000003
126332,40585.463000000025
126333,38773.472000000016
126334,40010.46900000002
126335,38992.47700000002
126336,38903.48700000002
126337,39344.484000000026
126338,39656.484000000026
126339,41222.48500000003
126340,41577.49000000002
126341,41998.48900000002
126342,43553.48500000002
126343,44045.48900000002
126344,43716.48800000003
126345,44192.48800000003
126346,45383.49000000003
126347,45706.49700000002
126348,45554.49200000001
126349,45445.50400000002
126350,44673.50500000002
126351,44865.51100000001
126352,44365.508000000016
126353,45995.50500000002
126354,46167.50600000002
126355,46428.51000000002
126356,45693.51800000002
126357,45332.520000000004
126358,45251.527
126359,43434.52700000002
126360,43543.53400000002
126361,43468.531000000025
126362,42803.54600000002
126363,42186.55100000002
126364,42808.553000000014
126365,42682.54600000002
126366,42827.54400000002
126367,42367.54900000001
126368,41281.56500000001
126369,42807.55600000001
126370,43354.56100000002
126371,43047.569000000025
126372,44390.57300000002
126373,45597.56900000001
126374,45501.57800000001
126375,46125.57600000001
126376,46035.59200000001
126377,46855.58400000001
126378,46676.588
126379,47485.58800000001
126380,47974.58000000001
126381,47429.590000000004
126382,46277.59300000001
126383,46847.58900000001
126384,47032.593
126385,45978.596999999994
126386,45494.606
126387,45009.600000000006
126388,45754.606
126389,44310.614
126390,44346.619
126391,44242.616000000016
126392,44339.615000000005
126393,44642.61800000001
126394,44872.621000000014
126395,44849.623000000014
126396,44257.63000000001
126397,43100.62700000001
126398,43239.624
126399,43941.632000000005
126400,43903.636
126401,44422.632000000005
126402,45112.637
126403,44872.637
126404,44657.643000000004
126405,44752.658
126406,44784.656
126407,45906.653000000006
126408,45842.641
126409,46619.634
126410,46225.631
126411,47163.638
126412,46702.621
126413,47177.623
126414,47089.63100000001
126415,46477.632
126416,46392.630000000005
126417,45378.625
126418,45879.630000000005
126419,44877.62900000001
126420,44979.645000000004
126421,43095.65
126422,43588.647000000004
126423,43520.64000000001
126424,42609.64100000001
126425,42669.641
126426,40887.649000000005
126427,40630.642000000014
126428,40214.65000000001
126429,41535.648
126430,41629.642000000014
126431,41677.64300000001
126432,41331.65000000001
126433,40842.648
126434,40362.644
126435,41530.64
126436,42107.645
126437,42944.637
126438,42473.652
126439,41838.661
126440,41662.674
126441,43083.672
126442,42914.673
126443,43271.669
126444,44067.655000000006
126445,44076.64800000001
126446,43670.639
126447,43429.64000000001
126448,43868.649
126449,41818.649000000005
126450,42899.64000000001
126451,42470.63700000001
126452,43560.633
126453,42757.635
126454,41789.633
126455,40878.63100000001
126456,40361.63999999999
126457,39484.633
126458,38981.630999999994
126459,40305.625
126460,40202.624
126461,40234.619000000006
126462,39957.634000000005
126463,40268.64199999999
126464,39996.63199999999
126465,41610.63
126466,42045.62300000001
126467,42370.619000000006
126468,41948.62900000001
126469,42658.62300000001
126470,42150.626000000004
126471,43817.61700000001
126472,42917.61000000001
126473,43224.604
126474,43650.61
126475,43063.61
126476,42240.613
126477,42596.604
126478,42870.614
126479,41046.619999999995
126480,41268.62100000001
126481,40919.62000000001
126482,41204.63200000001
126483,40340.64600000001
126484,40521.63700000002
126485,39138.64500000001
126486,38926.647000000004
126487,38919.642000000014
126488,38879.639
126489,39386.64200000001
126490,39798.644
126491,38580.639
126492,38576.634
126493,38102.631
126494,37390.629
126495,38247.635999999984
126496,38528.628
126497,38186.63099999999
126498,37835.623
126499,39017.615000000005
126500,37818.613000000005
126501,38976.617000000006
126502,37645.628000000004
126503,37561.62300000001
126504,37782.61200000001
126505,37902.62000000002
126506,36647.61400000001
126507,36881.61200000001
126508,37222.60400000001
126509,36260.59900000001
126510,36394.60300000001
126511,35934.60100000001
126512,35571.60900000001
126513,35766.61400000001
126514,36111.60800000001
126515,35227.60600000001
126516,35330.605
126517,35150.6
126518,34618.596
126519,35115.587
126520,35691.581999999995
126521,34873.581000000006
126522,35241.586
126523,34579.579000000005
126524,33757.58200000001
126525,33605.57700000001
126526,33078.580000000016
126527,33537.572000000015
126528,34007.563
126529,34716.568999999996
126530,33190.579000000005
126531,33562.58400000002
126532,32948.58100000001
126533,33708.569
126534,33717.566
126535,33843.568
126536,33851.562000000005
126537,33907.55700000001
126538,34397.55300000001
126539,33511.552
126540,32772.557000000015
126541,32413.557000000023
126542,32704.558000000015
126543,33400.546
126544,34361.54200000001
126545,34361.536000000015
126546,34643.532000000014
126547,34360.52400000001
126548,33532.52500000001
126549,33716.525000000016
126550,33916.532000000014
126551,32911.53500000002
126552,32675.534000000018
126553,31124.54100000002
126554,29935.54600000002
126555,30204.527000000016
126556,29930.527000000013
126557,29808.533000000014
126558,30134.536000000015
126559,30561.533000000014
126560,30446.533000000014
126561,31158.538000000015
126562,30902.540000000015
126563,32113.52300000002
126564,31965.51900000002
126565,31664.52300000002
126566,31876.52100000002
126567,31794.52000000002
126568,31785.510000000017
126569,29906.512000000017
126570,30391.504000000015
126571,30205.498000000014
126572,30761.496000000014
126573,30517.497000000018
126574,31228.495000000014
126575,31074.508000000016
126576,31107.509000000016
126577,31026.50000000002
126578,30516.501000000015
126579,30386.503000000015
126580,30372.500000000015
126581,30195.48800000002
126582,30313.487000000016
126583,28526.498000000014
126584,29140.48600000002
126585,28170.492000000013
126586,27430.49700000001
126587,28135.49700000001
126588,28059.512000000006
126589,28363.51400000001
126590,27962.515000000014
126591,29525.505000000012
126592,29092.50000000001
126593,29419.491000000016
126594,29833.490000000013
126595,30813.482000000015
126596,30892.476000000013
126597,30337.477000000014
126598,29670.470000000016
126599,28530.464000000014
126600,27964.471000000016
126601,26381.464000000014
126602,26865.466000000015
126603,27367.462000000014
126604,26036.458000000013
126605,25725.460000000014
126606,26067.456000000013
126607,25201.465000000015
126608,24913.46600000001
126609,25621.46500000001
126610,25728.451000000015
126611,26206.45000000001
126612,25914.44400000001
126613,24344.446000000007
126614,25027.44800000001
126615,24286.441000000013
126616,24247.44200000001
126617,25005.43600000001
126618,25743.43500000001
126619,25513.43500000001
126620,25114.43800000001
126621,25536.439000000006
126622,24773.43500000001
126623,25006.439000000006
126624,25860.432000000004
126625,27701.423000000006
126626,28053.423000000006
126627,27065.434000000005
126628,26655.436000000005
126629,25926.428000000007
126630,26028.427000000007
126631,25537.423000000003
126632,26102.428000000004
126633,27303.426000000003
126634,25774.431000000004
126635,24294.433
126636,23948.440000000006
126637,24415.438000000002
126638,24207.438
126639,25231.431
126640,24661.441
126641,23903.441
126642,23875.437
126643,23387.431
126644,23198.427000000003
126645,22878.423000000003
126646,22577.425000000003
126647,21828.427000000003
126648,21254.425
126649,21222.421000000002
126650,21330.419
126651,21906.412
126652,21613.403
126653,21359.405
126654,22343.399999999998
126655,22887.403
126656,22875.395999999997
126657,22281.396999999997
126658,22762.387
126659,22680.388
126660,22398.379999999997
126661,21942.376999999997
126662,22399.382999999998
126663,21885.393
126664,20113.399
126665,19254.4
126666,19700.405000000002
126667,21124.406000000003
126668,21277.401
126669,21242.401
126670,20959.4
126671,20409.395000000004
126672,20421.391000000003
126673,20148.389000000006
126674,21011.395000000004
126675,21276.383
126676,21521.379
126677,20029.375
126678,19200.373
126679,19242.372
126680,19996.373
126681,20505.375
126682,19618.376
126683,19826.375
126684,19457.382
126685,20035.385000000002
126686,19250.382
126687,19915.377
126688,20736.379000000004
126689,20153.376
126690,20658.357999999997
126691,18773.358999999997
126692,19053.363999999998
126693,18473.367
126694,16627.372
126695,15983.373
126696,15909.372000000001
126697,16272.373000000001
126698,15237.375
126699,15093.378000000004
126700,13556.385000000002
126701,14068.387000000002
126702,13984.392000000003
126703,13056.405000000006
126704,12970.407000000007
126705,13139.407000000007
126706,13558.414000000008
126707,13127.416000000007
126708,13476.42500000001
126709,14221.425000000012
126710,15719.426000000012
126711,15207.434000000016
126712,12973.458000000019
126713,12034.474000000017
126714,11596.493000000017
126715,11177.510000000015
126716,9966.525000000018
126717,9503.544000000022
126718,5621.57500000002
126719,1723.6209999999971
126720,1451.415999999997
126721,2971.407000000007
126722,4479.4010000000135
126723,5324.395000000021
126724,6472.388000000021
126725,7157.383000000019
126726,8237.376000000018
126727,8964.37300000002
126728,10289.364000000018
126729,10384.362000000017
126730,11821.374000000016
126731,11961.359000000017
126732,11069.357000000016
126733,10476.365000000014
126734,11006.356000000009
126735,12489.346000000009
126736,13006.337000000005
126737,12692.338000000005
126738,11882.339000000005
126739,13732.338000000005
126740,12945.340000000004
126741,13453.343
126742,14986.332
126743,16591.331
126744,17238.328000000005
126745,17587.32
126746,16940.315000000002
126747,18385.306999999997
126748,19782.299999999996
126749,20217.297999999995
126750,19707.297999999995
126751,20645.300999999996
126752,20075.300999999996
126753,19025.307999999997
126754,19185.309999999998
126755,18398.314
126756,19070.314
126757,18496.32
126758,19286.318
126759,17436.314000000002
126760,17256.303
126761,17569.304000000004
126762,17579.305
126763,17089.302
126764,17034.296000000002
126765,17954.29
126766,16944.286000000004
126767,15853.286000000004
126768,14838.282000000003
126769,16756.280000000002
126770,17089.278000000002
126771,15124.280000000006
126772,17084.269000000004
126773,16994.273000000005
126774,16166.270000000004
126775,15401.263000000003
126776,14593.264000000003
126777,14910.263000000003
126778,15050.262000000006
126779,15632.256000000007
126780,16131.244000000004
126781,16989.243000000006
126782,16559.244000000006
126783,17504.239000000005
126784,17529.235000000004
126785,17739.229000000003
126786,18672.228000000003
126787,18852.227000000006
126788,19467.225000000002
126789,18399.222000000005
126790,17764.223000000005
126791,18967.215000000004
126792,18552.215000000004
126793,17807.209000000003
126794,17374.209000000006
126795,17784.202000000005
126796,16999.193000000007
126797,16229.187000000004
126798,15849.184000000005
126799,17034.180000000004
126800,17037.175000000003
126801,14904.173000000004
126802,15869.177000000005
126803,16122.172000000002
126804,16682.178000000004
126805,15494.182000000004
126806,15729.178000000004
126807,15859.182000000004
126808,16264.180000000004
126809,16269.182000000004
126810,17477.176000000003
126811,19032.177
126812,18819.179
126813,18784.186
126814,18391.186
126815,18391.189000000002
126816,19556.192000000003
126817,19956.193000000003
126818,20913.195000000003
126819,19001.193000000003
126820,17606.198000000004
126821,18001.202000000005
126822,18254.195000000003
126823,17864.194000000003
126824,17664.194000000003
126825,17479.194000000003
126826,16684.193000000003
126827,15959.190000000002
126828,16934.190000000002
126829,18324.185
126830,19527.183
126831,17539.185
126832,17539.186
126833,16754.187
126834,17929.191
126835,17984.188000000002
126836,17384.189000000002
126837,17544.193
126838,16987.190000000002
126839,17524.198000000004
126840,16919.201000000005
126841,18099.202
126842,18894.197
126843,19049.199
126844,18282.196
126845,19089.195
126846,19884.193
126847,20236.198
126848,20629.2
126849,19292.196
126850,19687.195
126851,20047.198
126852,19632.2
126853,18846.199
126854,19097.195
126855,17687.198
126856,17887.198
126857,17477.201
126858,18677.2
126859,19634.202
126860,19252.2
126861,18477.199
126862,18312.196
126863,18287.197
126864,18692.194
126865,18489.194
126866,18499.192
126867,18276.195
126868,17699.195
126869,18089.195
126870,18469.197
126871,19029.197
126872,19422.198
126873,18842.199
126874,17677.199000000004
126875,18232.205
126876,18432.203
126877,18809.204000000005
126878,19387.205
126879,17587.209000000006
126880,18357.210000000003
126881,19542.207000000002
126882,19737.208000000002
126883,18372.208000000002
126884,18562.209000000003
126885,17597.205
126886,17982.205
126887,17389.207000000002
126888,17394.207000000002
126889,18974.201999999997
126890,19164.202
126891,18201.200000000004
126892,18561.202
126893,18361.201
126894,18333.204
126895,17758.202
126896,17788.196
126897,17816.194
126898,17806.197
126899,18406.193
126900,19186.192
126901,19581.191
126902,19991.189
126903,20566.19
126904,20156.191
126905,20523.194
126906,19586.193
126907,19566.195
126908,20584.192
126909,20196.192
126910,20991.189000000002
126911,21771.189000000002
126912,21771.191
126913,20421.19
126914,19621.194
126915,19041.193000000003
126916,19834.191000000003
126917,19249.189000000002
126918,20199.187
126919,20954.190000000002
126920,20399.185
126921,20179.185
126922,21169.179
126923,20404.178
126924,20599.178
126925,20396.176
126926,20956.177
126927,20924.182
126928,20339.182
126929,19769.184
126930,19584.183
126931,19584.183
126932,20549.183
126933,21562.181
126934,21159.183
126935,22159.178000000004
126936,20604.175000000003
126937,20432.174000000003
126938,21972.174000000003
126939,21367.177000000003
126940,22112.179000000004
126941,22307.178000000004
126942,21572.173000000003
126943,20602.174000000003
126944,20402.172000000002
126945,19447.170000000002
126946,20012.172000000002
126947,18609.178000000004
126948,19981.175000000003
126949,21146.176
126950,21116.178
126951,21511.175
126952,22091.175
126953,20349.175000000003
126954,20134.176
126955,19704.179000000004
126956,20456.181000000004
126957,21007.181000000004
126958,20027.184
126959,20392.194000000003
126960,20242.196000000004
126961,20852.193000000003
126962,21882.191000000003
126963,22254.193000000003
126964,22439.195000000003
126965,23230.197000000004
126966,21860.196000000004
126967,21075.200000000004
126968,23214.199000000004
126969,22439.201000000005
126970,22284.202000000005
126971,23305.200000000004
126972,22920.203000000005
126973,22972.199000000004
126974,21812.203000000005
126975,20650.201000000005
126976,21235.202000000005
126977,20670.206000000006
126978,21681.208000000002
126979,22651.210000000003
126980,22645.214000000004
126981,21045.219000000005
126982,21655.218
126983,20903.218000000004
126984,20554.216
126985,20367.217
126986,21177.216
126987,21745.220000000005
126988,21541.222000000005
126989,22359.221000000005
126990,22951.220000000005
126991,23124.228000000003
126992,24712.227000000003
126993,23773.227000000003
126994,24590.227
126995,25065.223
126996,24697.222
126997,23931.223
126998,25321.224000000002
126999,24565.226000000002
127000,25384.227
127001,25809.225000000002
127002,25253.225000000002
127003,24481.229
127004,23516.226000000002
127005,22920.228000000003
127006,23560.227000000003
127007,22505.235000000004
127008,24245.234
127009,24655.238
127010,25095.235
127011,24536.23
127012,25720.234
127013,24651.241
127014,24520.237
127015,24937.236
127016,24424.234
127017,24631.235
127018,24310.237
127019,24728.236
127020,25486.236
127021,26311.227000000003
127022,27487.227000000003
127023,26824.222
127024,26852.222
127025,26313.223
127026,26145.223
127027,25916.224000000002
127028,26524.223
127029,25869.22
127030,26238.226000000002
127031,26278.223
127032,25531.22
127033,25424.226000000002
127034,25223.230000000003
127035,24451.229000000003
127036,25687.229000000003
127037,25133.228000000003
127038,26943.221
127039,27778.218
127040,27354.219
127041,26788.218
127042,26777.219
127043,26063.216
127044,25693.216
127045,25681.219
127046,25115.219
127047,25484.219
127048,25250.219
127049,25924.218
127050,27102.215
127051,27167.215
127052,27737.216
127053,27814.213
127054,28155.211
127055,27894.207000000002
127056,27370.204
127057,27368.203
127058,27804.198
127059,27582.199
127060,27533.204
127061,28316.201
127062,27178.201
127063,27156.201
127064,26466.194
127065,26116.190000000002
127066,27525.191
127067,27595.191
127068,27552.194
127069,27376.192
127070,27157.195
127071,26955.196
127072,26230.195000000003
127073,25586.198000000004
127074,25042.197000000004
127075,25527.195000000003
127076,24728.197000000007
127077,25745.193000000007
127078,25407.191000000006
127079,26416.191000000006
127080,27982.189000000006
127081,27961.188000000006
127082,29162.188000000006
127083,29287.189000000002
127084,30715.186000000005
127085,30255.187000000005
127086,29456.188000000006
127087,29256.187000000005
127088,29871.184000000005
127089,29462.193000000007
127090,30132.195000000003
127091,30921.195000000003
127092,29305.199000000004
127093,28566.204000000005
127094,28720.209000000003
127095,28322.213000000003
127096,28462.221000000005
127097,28882.225000000006
127098,29746.217000000004
127099,29290.221000000005
127100,28669.225000000006
127101,28004.230000000003
127102,27966.236000000004
127103,27431.234000000004
127104,26675.227000000006
127105,27596.222000000005
127106,27805.222000000005
127107,27921.223000000005
127108,27736.225000000006
127109,27963.224000000006
127110,28491.233000000007
127111,28905.233000000007
127112,30535.230000000007
127113,31023.222000000005
127114,31212.230000000003
127115,30256.237000000005
127116,29919.236000000004
127117,29360.239000000005
127118,30541.245000000006
127119,30193.245000000006
127120,30277.239000000005
127121,30219.246000000003
127122,29258.251000000004
127123,29182.251000000007
127124,29227.251000000004
127125,29373.249000000007
127126,29542.255000000005
127127,30409.260000000006
127128,30792.267000000003
127129,30735.272000000004
127130,30935.280000000002
127131,30599.287000000004
127132,30604.283000000007
127133,29963.275000000005
127134,29634.268000000004
127135,30367.265000000003
127136,30412.261000000006
127137,30058.261000000002
127138,30113.258000000005
127139,30317.255000000005
127140,32122.241
127141,32446.243000000002
127142,33624.236000000004
127143,34646.228
127144,34507.234000000004
127145,32764.228000000003
127146,32297.232000000004
127147,32392.232000000004
127148,33598.231
127149,33169.226
127150,32592.231000000003
127151,32632.243000000002
127152,32356.244000000002
127153,32236.234000000004
127154,31792.231000000003
127155,31909.236
127156,31716.234000000004
127157,32407.234
127158,32296.237
127159,32852.237
127160,33246.238
127161,32873.231
127162,33386.234000000004
127163,32463.233000000004
127164,31805.230000000003
127165,32376.231000000003
127166,33131.218
127167,32339.213000000003
127168,31493.218000000004
127169,31511.221000000005
127170,33740.217000000004
127171,34200.208
127172,34362.207
127173,34380.197
127174,34482.201
127175,31905.195000000003
127176,31753.187
127177,31148.187000000005
127178,31945.184000000005
127179,31791.181000000004
127180,31580.177000000003
127181,32740.171000000002
127182,32071.170000000006
127183,33048.161
127184,33094.154
127185,33265.149
127186,33976.15
127187,34296.153
127188,34786.153
127189,35131.144
127190,34613.137
127191,34212.135
127192,34607.134
127193,34045.133
127194,33381.129
127195,35501.12699999999
127196,35120.12699999999
127197,34927.128
127198,34708.13
127199,34782.126000000004
127200,36128.126999999986
127201,35933.121999999996
127202,36577.12499999999
127203,36370.12499999999
127204,36213.128
127205,35405.123
127206,35607.119999999995
127207,34862.12100000001
127208,34602.122
127209,34767.12100000001
127210,34418.119000000006
127211,34863.116
127212,33618.119000000006
127213,33602.119000000006
127214,33537.12
127215,34097.117000000006
127216,33922.116
127217,34474.118
127218,34633.122
127219,35166.121999999996
127220,34756.118
127221,34076.114
127222,33854.116
127223,33607.12
127224,33535.12700000001
127225,33953.124
127226,33545.124
127227,33223.11600000001
127228,32331.123000000007
127229,32181.11700000001
127230,33465.10800000001
127231,33989.109000000004
127232,34550.10800000001
127233,34538.109000000004
127234,34468.111000000004
127235,33667.111000000004
127236,33919.109000000004
127237,34407.10400000001
127238,34571.105
127239,34559.105
127240,34536.102000000006
127241,34364.09900000001
127242,34329.10100000001
127243,33759.098000000005
127244,33784.09700000001
127245,34088.09900000001
127246,35020.098
127247,35747.097
127248,34918.090000000004
127249,35931.08700000001
127250,35016.08500000001
127251,33825.08700000001
127252,33405.08700000001
127253,32977.08900000001
127254,32392.086000000007
127255,32377.088000000007
127256,31447.08200000001
127257,30807.08100000001
127258,30752.073000000008
127259,30222.072000000007
127260,31382.073000000008
127261,32533.073000000008
127262,32298.074000000008
127263,32743.073000000008
127264,33303.07400000001
127265,32133.074000000008
127266,32693.074000000008
127267,33316.071
127268,34071.071
127269,34186.073000000004
127270,34066.073000000004
127271,34626.074
127272,34881.073000000004
127273,34268.075000000004
127274,33953.077000000005
127275,33743.08000000001
127276,34323.081000000006
127277,35088.079000000005
127278,35283.08
127279,36093.079000000005
127280,34558.08
127281,33983.078
127282,33423.078
127283,32868.077000000005
127284,32098.07600000001
127285,32513.07700000001
127286,31178.07600000001
127287,30588.07700000001
127288,29783.07800000001
127289,28968.08000000001
127290,30268.08300000001
127291,31048.08300000001
127292,31188.084000000006
127293,31923.089000000007
127294,33463.08900000001
127295,32308.091000000008
127296,32408.09600000001
127297,32783.09500000001
127298,33183.09300000001
127299,33858.090000000004
127300,33873.08700000001
127301,33933.08500000001
127302,34798.083000000006
127303,34438.082
127304,34273.081000000006
127305,34148.082
127306,34793.08
127307,35638.077
127308,35293.078
127309,35683.078
127310,34693.081000000006
127311,34123.083000000006
127312,33338.08500000001
127313,33373.083000000006
127314,32838.08400000001
127315,33793.07800000001
127316,32833.075000000004
127317,32253.074000000008
127318,31363.072000000007
127319,31333.074000000008
127320,31918.074000000008
127321,32368.073000000008
127322,34238.071
127323,35003.069
127324,35363.07
127325,35358.071
127326,36593.068
127327,36063.066999999995
127328,36503.068
127329,36468.07
127330,35093.07200000001
127331,35098.071
127332,35463.073000000004
127333,35453.071
127334,34528.071
127335,34513.069
127336,34563.069
127337,35568.068
127338,35558.07
127339,35203.074
127340,35598.073000000004
127341,36018.073000000004
127342,35403.075000000004
127343,35493.07200000001
127344,35688.07200000001
127345,36898.071
127346,35105.07
127347,34720.069
127348,33760.071
127349,34055.075000000004
127350,34915.073000000004
127351,35160.073
127352,35185.073
127353,35405.073
127354,35040.073
127355,34300.07000000001
127356,36050.070999999996
127357,36080.068999999996
127358,36830.07
127359,36610.07
127360,35300.07
127361,35045.072
127362,35460.066999999995
127363,35290.068
127364,35145.068
127365,34385.06900000001
127366,34580.069
127367,35395.066999999995
127368,35420.068
127369,35560.068999999996
127370,41075.07
127371,41490.07
127372,41720.069
127373,41310.068
127374,42385.064
127375,43640.062000000005
127376,40865.067
127377,40655.065
127378,39235.066000000006
127379,39505.066000000006
127380,39595.06500000001
127381,40055.061
127382,40315.058000000005
127383,41070.058000000005
127384,40825.058000000005
127385,39825.058000000005
127386,40785.062999999995
127387,41150.062999999995
127388,42090.065
127389,41865.066000000006
127390,40620.062000000005
127391,40780.062999999995
127392,41030.062000000005
127393,41188.06
127394,40228.062000000005
127395,39838.06300000001
127396,39893.061
127397,40568.058000000005
127398,40953.05900000001
127399,41973.056
127400,42823.053
127401,43133.05499999999
127402,42568.057
127403,41478.061
127404,41653.061
127405,42793.06300000001
127406,41103.06000000001
127407,39363.062000000005
127408,37623.06500000001
127409,37853.06300000001
127410,32728.06700000001
127411,32681.067000000006
127412,32281.07000000001
127413,33706.06900000001
127414,33701.07000000001
127415,32431.076000000012
127416,34953.074
127417,36333.070999999996
127418,36903.07400000001
127419,36343.07400000001
127420,35298.079
127421,36118.076
127422,35943.077000000005
127423,36113.077000000005
127424,36173.075
127425,35728.076
127426,35913.07400000001
127427,36133.07400000001
127428,36790.07000000001
127429,36555.073000000004
127430,36445.075000000004
127431,37385.069
127432,37025.069
127433,35560.065
127434,35020.066000000006
127435,36240.067
127436,34325.066000000006
127437,34450.069
127438,33820.07000000001
127439,34005.07200000001
127440,34845.07000000001
127441,33865.07100000001
127442,34655.07400000001
127443,36015.075
127444,35275.07400000001
127445,33865.079000000005
127446,35935.075000000004
127447,36725.075000000004
127448,36955.075000000004
127449,37170.071
127450,36860.07400000001
127451,36725.072
127452,35710.075000000004
127453,36275.07400000001
127454,36450.078
127455,36435.077
127456,36275.079000000005
127457,36550.078
127458,37300.079000000005
127459,37685.08
127460,38040.07300000001
127461,39435.072
127462,38200.07600000001
127463,37295.07200000001
127464,37475.07400000001
127465,38255.07400000001
127466,36430.069
127467,35270.06800000001
127468,35605.065
127469,35620.064000000006
127470,36000.067
127471,35630.06800000001
127472,37740.067
127473,38795.066000000006
127474,42995.061
127475,43105.06300000001
127476,44345.06300000001
127477,45110.066000000006
127478,44700.07000000001
127479,44615.073000000004
127480,44000.07400000001
127481,43220.07400000001
127482,43285.07100000001
127483,43125.069
127484,44070.07000000001
127485,43085.07200000001
127486,42185.07100000001
127487,42220.06900000001
127488,41660.068000000014
127489,42395.06700000001
127490,42030.06700000001
127491,43345.06700000001
127492,41810.06700000001
127493,41645.064000000006
127494,42075.06500000001
127495,42770.06200000001
127496,40955.06400000001
127497,39820.06200000001
127498,40040.06200000001
127499,38940.06000000001
127500,39815.05600000001
127501,39985.05600000001
127502,41185.05500000001
127503,42050.057
127504,40645.05900000001
127505,41175.06000000001
127506,43355.058
127507,44070.060999999994
127508,43950.06
127509,42865.058
127510,42030.06
127511,41695.058000000005
127512,41265.06100000001
127513,41065.062000000005
127514,41485.064
127515,40315.06400000001
127516,39445.06900000001
127517,39835.06900000001
127518,39865.06900000001
127519,40420.07000000001
127520,39895.068000000014
127521,41060.06900000001
127522,39614.07300000001
127523,39379.073000000004
127524,39479.07800000001
127525,33829.08200000001
127526,31699.08000000001
127527,30784.07900000001
127528,31274.074000000008
127529,31899.071000000007
127530,33269.07000000001
127531,33009.073000000004
127532,34559.07600000001
127533,35124.08000000001
127534,34174.081000000006
127535,34399.08000000001
127536,37378.079
127537,38163.078
127538,38443.076
127539,37263.077999999994
127540,37038.074
127541,37898.074
127542,37941.07
127543,37936.07199999999
127544,38541.073
127545,38635.066999999995
127546,37850.068999999996
127547,37655.070999999996
127548,37390.075999999994
127549,38185.077999999994
127550,37944.079999999994
127551,39149.077999999994
127552,38359.08099999999
127553,37254.081000000006
127554,37444.082
127555,35908.082
127556,33848.08400000001
127557,33653.08400000001
127558,32823.081000000006
127559,32418.07900000001
127560,32608.08100000001
127561,32963.08400000001
127562,32923.08700000001
127563,34123.08600000001
127564,32753.08700000001
127565,33753.08800000001
127566,35264.09200000001
127567,34987.09400000001
127568,35302.09200000001
127569,34547.09200000001
127570,33832.09100000001
127571,34412.08700000001
127572,33997.08700000001
127573,34462.083
127574,35010.085999999996
127575,34613.087
127576,33359.08500000001
127577,34089.091
127578,34289.091
127579,34883.091
127580,35275.092
127581,36685.088
127582,36876.090000000004
127583,36085.091
127584,41935.094
127585,41181.092
127586,38500.090000000004
127587,37715.09100000001
127588,37160.09100000001
127589,37785.088
127590,37356.090000000004
127591,36791.092000000004
127592,37978.09100000001
127593,32998.096000000005
127594,31941.10100000001
127595,32972.100000000006
127596,35077.10400000001
127597,34707.107
127598,34019.119000000006
127599,33041.12500000001
127600,32651.12600000001
127601,32466.12700000001
127602,31322.12500000001
127603,31932.12300000001
127604,32373.12400000001
127605,32024.12500000001
127606,32169.129000000008
127607,32738.13300000001
127608,32946.13700000001
127609,33640.133
127610,34266.135
127611,35456.138999999996
127612,36269.14
127613,35615.14
127614,36615.14199999999
127615,36055.14299999999
127616,33725.143000000004
127617,33717.141
127618,33301.145000000004
127619,33573.152
127620,33013.155000000006
127621,33553.15900000001
127622,34908.164000000004
127623,35335.164
127624,34188.16500000001
127625,34477.16200000001
127626,41623.162
127627,42067.159999999996
127628,41861.153
127629,40686.159
127630,40617.157
127631,39654.16000000001
127632,38034.15900000001
127633,38178.16200000001
127634,38377.164000000004
127635,38768.15700000001
127636,38598.16100000001
127637,39004.166000000005
127638,39354.17100000001
127639,34049.17600000001
127640,35524.174999999996
127641,36680.176999999996
127642,36875.17999999999
127643,36239.185
127644,36544.187999999995
127645,36717.18899999999
127646,34888.18699999999
127647,34790.183999999994
127648,34987.189
127649,35576.18699999999
127650,35052.189
127651,34915.187999999995
127652,35796.18699999999
127653,36319.187999999995
127654,35320.198000000004
127655,36215.19899999999
127656,37753.202999999994
127657,38153.20199999999
127658,37438.20399999999
127659,36704.20399999999
127660,35957.21099999999
127661,33818.221000000005
127662,33388.219000000005
127663,34278.217
127664,34315.217
127665,33495.225
127666,33130.226
127667,32946.225000000006
127668,33302.22900000001
127669,33756.22800000001
127670,35277.23099999999
127671,36335.23499999999
127672,36516.238
127673,35728.24399999999
127674,36166.242999999995
127675,36163.242
127676,34537.246999999996
127677,34309.25
127678,34969.248999999996
127679,34634.261999999995
127680,33884.265
127681,33902.26700000001
127682,33366.270000000004
127683,34245.267
127684,34052.272000000004
127685,34807.276999999995
127686,36553.28799999999
127687,36631.29499999999
127688,36094.295999999995
127689,35528.301999999996
127690,34598.307
127691,32999.313
127692,34001.316
127693,34352.32
127694,33996.324
127695,34187.318
127696,33852.319
127697,33994.314999999995
127698,34554.314999999995
127699,35029.316000000006
127700,36289.33
127701,37595.333000000006
127702,38082.336
127703,36440.33900000001
127704,37294.342000000004
127705,37276.342000000004
127706,34908.346000000005
127707,35815.343
127708,36040.341
127709,37470.337
127710,36959.33500000001
127711,37708.33500000001
127712,37675.331000000006
127713,37482.33900000001
127714,36365.34200000001
127715,36831.34300000001
127716,38781.34400000001
127717,39736.339000000014
127718,39728.33300000001
127719,39737.337000000014
127720,39775.33300000001
127721,39130.335000000014
127722,38006.34200000002
127723,37696.34400000002
127724,38351.345000000016
127725,38710.341000000015
127726,38499.337000000014
127727,38383.343000000015
127728,39707.34800000002
127729,40382.349000000024
127730,41601.349000000024
127731,43051.35200000002
127732,43096.35500000002
127733,42419.36100000002
127734,43301.362000000016
127735,42162.36700000002
127736,40700.37300000002
127737,39827.37600000002
127738,38578.381000000016
127739,38354.38600000002
127740,37268.39100000002
127741,37602.39500000001
127742,37727.40500000001
127743,38983.40600000002
127744,38029.40600000002
127745,38900.40700000002
127746,39822.41200000002
127747,40683.42100000002
127748,38676.42500000001
127749,38448.42600000001
127750,38975.42700000001
127751,37583.43600000001
127752,36663.44200000001
127753,36449.44200000001
127754,36640.443000000014
127755,37146.44900000001
127756,36694.456000000006
127757,37299.46
127758,38602.46400000001
127759,39828.463
127760,41281.460000000014
127761,43338.462000000014
127762,43870.45400000001
127763,43296.453000000016
127764,44081.45300000001
127765,43334.45800000001
127766,42340.458000000006
127767,42198.461
127768,42263.46000000001
127769,42094.458000000006
127770,41065.46100000001
127771,40523.47000000001
127772,41083.46600000001
127773,41971.463
127774,40904.463
127775,40844.46600000001
127776,41794.467000000004
127777,41922.471000000005
127778,41591.479000000014
127779,41536.48100000002
127780,41365.485000000015
127781,40393.489000000016
127782,39494.50100000002
127783,39516.500000000015
127784,39418.506000000016
127785,40026.49700000002
127786,40080.49900000002
127787,40359.49700000001
127788,40415.49400000001
127789,40506.50200000002
127790,41656.50400000002
127791,44277.506000000016
127792,44886.50300000003
127793,43982.516000000025
127794,44285.52200000002
127795,44852.519000000015
127796,43690.53300000001
127797,43791.532000000014
127798,43596.538000000015
127799,42327.548000000024
127800,42245.55100000002
127801,41122.56000000002
127802,41199.55800000002
127803,41465.56400000002
127804,40866.56800000002
127805,40130.56600000001
127806,40908.56700000001
127807,41181.566000000006
127808,41067.57800000001
127809,41274.56900000001
127810,40330.57200000002
127811,40502.57100000001
127812,39886.57100000001
127813,40187.576000000015
127814,40922.56800000001
127815,40411.579000000005
127816,39967.579000000005
127817,40122.58200000001
127818,40291.594
127819,40698.594000000005
127820,40922.600000000006
127821,43699.600000000006
127822,44225.609000000004
127823,43633.602999999996
127824,44749.60100000001
127825,45784.59400000001
127826,44747.60000000001
127827,44753.605000000025
127828,44871.601000000024
127829,44678.60100000002
127830,44722.60400000002
127831,42976.60400000002
127832,42777.60500000002
127833,42904.60800000003
127834,42386.61300000003
127835,41998.61200000003
127836,43331.61400000004
127837,43704.61800000003
127838,42664.63000000003
127839,42632.64000000003
127840,42550.64400000002
127841,42869.64700000002
127842,43134.63900000002
127843,43320.637000000024
127844,43653.64300000002
127845,44191.63600000002
127846,43385.643000000025
127847,43955.63500000002
127848,44574.64000000001
127849,44353.636000000006
127850,45006.638000000006
127851,46320.63500000001
127852,45828.63900000001
127853,45472.63400000001
127854,46199.629000000015
127855,46839.63600000002
127856,46009.631000000016
127857,45667.63700000002
127858,45386.641
127859,45836.63100000001
127860,45068.64000000001
127861,44785.63700000001
127862,44316.636000000006
127863,45501.62700000001
127864,44398.62600000001
127865,43588.62100000002
127866,44362.62100000002
127867,44390.62300000002
127868,43214.62000000002
127869,43634.62200000002
127870,43288.61800000001
127871,43292.624
127872,44171.626000000004
127873,43798.630000000005
127874,44626.624
127875,44752.62400000001
127876,43542.62700000001
127877,43306.63300000001
127878,44599.633000000016
127879,43431.65500000001
127880,43674.65500000001
127881,44877.63700000001
127882,45039.62800000001
127883,43840.633000000016
127884,44591.63300000001
127885,45111.63000000001
127886,43670.643000000004
127887,43432.645000000004
127888,43088.645000000004
127889,43404.648
127890,43982.646
127891,42940.646
127892,42104.63900000001
127893,43003.63500000002
127894,42423.629000000015
127895,41779.62100000001
127896,42330.62100000002
127897,43275.62900000002
127898,42708.625000000015
127899,42725.62600000002
127900,42291.62800000001
127901,42781.62600000001
127902,43119.62000000001
127903,43061.62800000002
127904,42546.625000000015
127905,43602.61700000002
127906,42837.63500000002
127907,42310.64200000002
127908,49034.644000000015
127909,49155.63400000001
127910,49704.62100000002
127911,50521.62700000002
127912,50629.62400000002
127913,49794.622000000025
127914,44044.63400000002
127915,44178.629000000015
127916,43198.62900000002
127917,42179.642000000014
127918,42289.635
127919,41038.642000000014
127920,41314.640000000014
127921,39845.63500000001
127922,39412.63900000002
127923,40706.646000000015
127924,39806.65600000002
127925,38835.65700000001
127926,39921.656
127927,39654.669000000016
127928,39255.66800000002
127929,40090.66200000002
127930,40073.66900000001
127931,40530.66300000001
127932,40133.666
127933,38536.666000000005
127934,38682.664000000004
127935,38734.662000000004
127936,38264.648
127937,39115.644
127938,38912.643000000004
127939,38424.641
127940,39730.643000000004
127941,39262.639
127942,39680.64300000001
127943,39079.64000000001
127944,38994.639
127945,39819.630000000005
127946,38930.62500000001
127947,37908.62100000001
127948,38303.619999999995
127949,37878.615
127950,36717.611
127951,36503.609
127952,36209.604
127953,36919.614
127954,36448.615000000005
127955,34109.61200000001
127956,35125.60600000001
127957,34851.602000000006
127958,34047.60700000002
127959,34266.60600000001
127960,34218.60800000001
127961,34114.601
127962,34838.58900000001
127963,33954.583000000006
127964,33772.586
127965,34579.58500000001
127966,33378.57900000001
127967,33718.572000000015
127968,33428.569
127969,32604.572000000015
127970,34665.564000000006
127971,34149.564000000006
127972,34098.564000000006
127973,33762.56500000001
127974,33546.55800000002
127975,34337.55600000001
127976,34507.549000000006
127977,33725.55000000001
127978,33897.546
127979,34770.53400000001
127980,33835.53300000001
127981,33271.536000000015
127982,32968.525000000016
127983,33608.526000000005
127984,33103.532000000014
127985,31154.54200000002
127986,32175.542000000023
127987,32634.53800000002
127988,31913.53900000002
127989,31470.54700000002
127990,30517.551000000018
127991,31856.533000000018
127992,31639.53700000002
127993,31181.53600000002
127994,31482.53600000002
127995,31776.52100000002
127996,30097.524000000016
127997,30308.520000000015
127998,30303.523000000016
127999,29512.527000000016
128000,31331.529000000017
128001,31303.528000000013
128002,31889.521000000015
128003,32039.516000000014
128004,31773.513000000014
128005,32096.508000000016
128006,32217.513000000014
128007,31651.510000000013
128008,31603.50300000001
128009,31930.49800000001
128010,32234.50100000001
128011,31855.507000000016
128012,31609.509000000016
128013,31500.516000000014
128014,32172.509000000016
128015,32111.503000000015
128016,32183.498000000018
128017,32824.49000000002
128018,32136.479000000018
128019,31999.488000000016
128020,29798.486000000015
128021,30508.501000000015
128022,29936.515000000014
128023,29335.511000000013
128024,28957.514000000014
128025,28236.51500000001
128026,27103.506000000016
128027,26203.510000000017
128028,27563.508000000016
128029,27406.50500000002
128030,28806.495000000017
128031,28313.493000000017
128032,28323.488000000016
128033,28525.490000000016
128034,27752.485000000015
128035,27117.493000000017
128036,26411.496000000017
128037,26455.499000000018
128038,31248.49000000002
128039,31918.483000000015
128040,32574.473000000016
128041,32470.474000000013
128042,32743.467000000015
128043,32672.459000000013
128044,33229.45600000001
128045,32828.45800000001
128046,33245.46300000001
128047,33528.46100000001
128048,32687.46300000001
128049,32408.46400000001
128050,30983.46400000001
128051,32025.45400000001
128052,32249.45900000001
128053,32702.45200000001
128054,32048.45700000001
128055,31506.46400000001
128056,30276.463000000007
128057,30689.45800000001
128058,32281.45400000001
128059,31603.46200000001
128060,32843.45500000001
128061,32692.45500000001
128062,31602.45700000001
128063,30974.46000000001
128064,30389.46100000001
128065,30558.459000000006
128066,30747.454000000005
128067,29902.460000000006
128068,29038.461000000007
128069,28328.460000000003
128070,27535.466000000004
128071,26732.465000000004
128072,27050.461000000003
128073,27997.458000000006
128074,28957.450000000004
128075,27781.471000000005
128076,27735.470000000005
128077,28753.460000000003
128078,28292.462000000007
128079,28067.463000000007
128080,27432.461000000007
128081,28278.469000000005
128082,28757.46300000001
128083,28762.460000000006
128084,27978.458000000006
128085,28198.457000000006
128086,27692.446000000007
128087,26750.45200000001
128088,27339.460000000006
128089,28196.447000000004
128090,29402.450000000004
128091,29169.447000000004
128092,28632.449
128093,22379.446000000004
128094,21552.442000000003
128095,21644.444000000003
128096,21142.440000000002
128097,19835.444000000003
128098,18826.437
128099,18536.430000000004
128100,18312.432000000004
128101,17803.427000000003
128102,17292.429000000007
128103,17793.426000000003
128104,18929.427000000003
128105,18484.425000000007
128106,19405.423000000003
128107,20420.421000000006
128108,20565.419
128109,21108.416000000005
128110,21173.417
128111,21433.409000000003
128112,22273.4
128113,21993.4
128114,20947.399
128115,20466.399000000005
128116,20200.403000000006
128117,20167.399000000005
128118,20781.392000000003
128119,19839.401000000005
128120,18836.402000000006
128121,19057.402000000006
128122,18444.395000000004
128123,19606.386000000002
128124,19249.392
128125,19134.395
128126,18283.391000000003
128127,18353.391
128128,18629.380999999998
128129,18764.373999999996
128130,19767.371
128131,19002.365999999998
128132,19421.369999999995
128133,17784.374999999996
128134,18275.377
128135,17292.379
128136,17019.379
128137,15726.384000000002
128138,14938.384
128139,13554.385
128140,13281.384000000002
128141,13151.395000000004
128142,12686.400000000003
128143,13323.395000000004
128144,12346.407000000007
128145,13287.409000000007
128146,12990.417000000009
128147,13632.425000000008
128148,14139.430000000013
128149,15247.444000000016
128150,13951.452000000016
128151,12814.466000000015
128152,11485.482000000016
128153,10383.501000000018
128154,9294.51400000002
128155,8170.526000000016
128156,6536.543000000018
128157,5531.565000000021
128158,3274.589000000007
128159,385.6280000000001
128160,2510.4380000000006
128161,4780.423000000019
128162,5870.412000000019
128163,7565.405000000022
128164,8060.399000000022
128165,8548.39900000002
128166,9448.393000000022
128167,10303.392000000022
128168,10888.38200000002
128169,12011.376000000015
128170,15121.367000000013
128171,13371.377000000013
128172,13181.375000000011
128173,12461.37500000001
128174,12924.370000000008
128175,13240.36700000001
128176,13718.365000000005
128177,13891.358000000004
128178,13746.362000000005
128179,13541.356000000002
128180,10736.350999999999
128181,12991.350000000002
128182,14984.337000000001
128183,17044.329999999998
128184,17474.328999999998
128185,18279.328999999998
128186,18484.325999999997
128187,19356.318999999996
128188,20909.316999999995
128189,21564.311999999994
128190,21750.316999999995
128191,21095.322999999997
128192,19985.321999999996
128193,19287.317999999996
128194,18112.321999999996
128195,17962.323999999997
128196,18335.323999999997
128197,18375.322999999997
128198,16350.33
128199,17200.327
128200,17142.327999999998
128201,17015.322999999997
128202,18190.320999999996
128203,17875.319
128204,17965.318
128205,18015.305999999997
128206,18175.301999999996
128207,17735.303999999996
128208,17743.302
128209,16918.301
128210,15358.297999999999
128211,15383.304
128212,14795.304999999998
128213,16811.298000000003
128214,16436.292
128215,16621.285
128216,17066.275
128217,16991.273
128218,17871.272
128219,17511.271
128220,19241.267
128221,19091.265000000003
128222,18266.256
128223,17268.255
128224,17271.248
128225,17983.24
128226,17188.239
128227,16168.240000000003
128228,14788.243000000004
128229,15521.235000000004
128230,15286.233000000004
128231,16506.224000000002
128232,17514.217000000004
128233,16949.214000000004
128234,16729.208000000002
128235,16124.209000000004
128236,16289.208000000004
128237,16999.206000000006
128238,17364.199000000004
128239,16994.194000000003
128240,15219.188000000006
128241,15209.189000000006
128242,16019.185000000003
128243,16804.184
128244,16589.188000000002
128245,16974.191000000006
128246,16784.192000000003
128247,16004.195000000003
128248,16704.203000000005
128249,17719.199000000004
128250,19494.196000000004
128251,18144.195000000003
128252,17554.197000000004
128253,17379.198000000004
128254,17184.2
128255,17207.2
128256,16602.204
128257,16574.207000000002
128258,14989.210000000005
128259,14232.209000000003
128260,14842.207000000002
128261,16612.206000000006
128262,17777.209000000003
128263,18599.202
128264,18072.197
128265,17097.202
128266,17084.202000000005
128267,17104.201
128268,17739.196
128269,17964.194
128270,17159.197
128271,17339.197000000004
128272,17944.195000000003
128273,17174.194000000003
128274,17372.193
128275,17934.196000000004
128276,18124.194000000003
128277,16739.195000000003
128278,17894.196000000004
128279,18289.195000000003
128280,19259.194
128281,17537.188
128282,17312.193000000003
128283,17469.197000000004
128284,17882.194000000003
128285,17489.195
128286,17904.192
128287,18874.191000000003
128288,17109.193
128289,17097.195
128290,16707.195
128291,18662.193000000003
128292,19022.195
128293,19637.192000000003
128294,19639.190000000002
128295,19431.191000000003
128296,19621.192000000003
128297,20201.193000000003
128298,20211.191000000003
128299,19639.190000000002
128300,18044.195000000003
128301,18449.192000000003
128302,19014.194000000003
128303,18829.192000000003
128304,18839.190000000002
128305,19407.195000000003
128306,19037.194000000003
128307,17297.192000000003
128308,17507.189000000002
128309,17682.192000000003
128310,18834.193000000003
128311,16274.196000000002
128312,17264.194
128313,17259.195
128314,16902.192
128315,16877.195
128316,17837.198
128317,17837.198000000004
128318,17444.197
128319,18029.198
128320,18072.192000000003
128321,20017.194000000003
128322,19222.195
128323,19602.197
128324,20394.195
128325,20399.193
128326,20437.189
128327,20607.192000000003
128328,21187.194000000003
128329,20957.196
128330,20587.194
128331,20982.192
128332,21352.194
128333,21572.192
128334,21774.192
128335,21947.196
128336,21322.2
128337,19927.202
128338,19727.203
128339,19327.205
128340,19897.205
128341,18117.209000000003
128342,18887.209000000003
128343,19097.206000000002
128344,17902.208000000002
128345,17502.210000000003
128346,18669.209000000003
128347,18464.210000000003
128348,17909.207000000002
128349,18889.205
128350,18714.204
128351,19291.204
128352,19726.199
128353,19516.202
128354,20076.207000000002
128355,20461.207000000002
128356,20278.204
128357,20878.203
128358,21289.201
128359,21864.201
128360,23059.197
128361,23259.197
128362,23821.198
128363,24426.190000000002
128364,24626.188000000002
128365,23626.190000000002
128366,23634.187
128367,22629.188000000002
128368,22654.189000000002
128369,22079.184
128370,21714.185
128371,20919.184
128372,21704.187
128373,21894.187000000005
128374,21324.181000000004
128375,20549.179000000004
128376,20344.182000000004
128377,19379.180000000004
128378,18604.178000000004
128379,19011.175000000003
128380,19356.178000000004
128381,19553.177000000003
128382,19343.179000000004
128383,19143.177
128384,19728.177
128385,20118.174
128386,20723.172
128387,21101.173
128388,20906.172000000002
128389,21306.170000000002
128390,21129.170000000002
128391,20954.171000000002
128392,21734.169
128393,22534.168
128394,23104.169
128395,22729.168
128396,22921.168
128397,22513.171000000002
128398,23253.173000000003
128399,24015.174000000003
128400,24575.175000000003
128401,24215.172000000002
128402,24980.171000000002
128403,24790.175000000003
128404,23255.176000000003
128405,22718.178
128406,23111.179
128407,21726.181
128408,20780.181
128409,19595.183
128410,20565.184
128411,20011.182
128412,20028.184
128413,19082.181
128414,19267.183
128415,18862.186
128416,19083.186
128417,20119.184
128418,20339.185
128419,20529.186
128420,20124.188000000002
128421,21306.184000000005
128422,21912.186000000005
128423,23712.185
128424,25104.184
128425,24886.184
128426,25651.187
128427,25491.186
128428,25884.182
128429,26486.181
128430,27062.185
128431,26147.183
128432,25547.186
128433,25555.188000000002
128434,24435.190000000002
128435,23885.189000000002
128436,23665.188000000002
128437,22290.190000000002
128438,21100.191000000003
128439,21694.189000000002
128440,22267.191000000003
128441,21275.193000000003
128442,21700.191000000003
128443,20319.192000000003
128444,20682.195000000003
128445,21100.193000000003
128446,21746.190000000002
128447,23152.188000000002
128448,23743.188000000002
128449,23971.190000000002
128450,24008.192000000003
128451,24407.195000000003
128452,25450.189000000002
128453,26222.193000000003
128454,26617.195
128455,26073.197
128456,26873.197
128457,26453.204
128458,26898.202
128459,27074.202
128460,26891.201
128461,26318.202
128462,26506.204
128463,27306.202
128464,26444.196
128465,25422.201
128466,25686.2
128467,24730.2
128468,23973.196
128469,24432.194
128470,25003.199
128471,24229.203
128472,23744.207000000002
128473,22560.211
128474,23746.209000000003
128475,23937.211000000003
128476,24122.213000000003
128477,24932.215
128478,24844.223
128479,25083.221
128480,25727.222
128481,26500.22
128482,26707.221
128483,27486.22
128484,27952.22
128485,28120.224000000002
128486,28945.221
128487,28333.228
128488,29155.229
128489,29158.227
128490,29064.236
128491,28496.236
128492,28963.233
128493,29381.233
128494,27458.231
128495,26917.229
128496,26280.228
128497,25627.221
128498,24914.216
128499,24140.218
128500,24071.21
128501,23984.204999999998
128502,24373.206
128503,23080.200999999997
128504,24596.203999999998
128505,24992.204999999998
128506,25320.209
128507,25609.207
128508,26066.204999999998
128509,26932.196
128510,27143.195
128511,28293.195
128512,29093.195
128513,29485.195
128514,30114.195
128515,30131.195
128516,30351.193
128517,29033.192
128518,29611.192
128519,29086.193
128520,28354.191
128521,28171.191
128522,29048.189
128523,29064.189
128524,27691.19
128525,27972.193
128526,27433.188000000002
128527,27214.193000000003
128528,26244.189000000002
128529,25455.191000000003
128530,25863.196000000004
128531,26155.197000000004
128532,26515.201
128533,25427.210000000003
128534,26529.221
128535,26283.226000000002
128536,26199.223
128537,26686.219
128538,27184.216
128539,27742.22
128540,28143.221
128541,28790.221
128542,28022.221
128543,28410.225000000002
128544,29436.221
128545,29596.219
128546,29388.22
128547,28162.229
128548,28340.232
128549,28000.232
128550,28063.235
128551,28561.22
128552,29370.222
128553,29976.223
128554,29819.217
128555,29290.221
128556,29511.221
128557,29675.228
128558,28725.229
128559,27366.235
128560,27191.236
128561,27437.237
128562,27942.245000000003
128563,26974.255
128564,27335.262000000002
128565,27966.264000000003
128566,27901.266000000003
128567,28508.264000000003
128568,28911.265000000003
128569,29343.269000000004
128570,30398.267000000003
128571,30811.267000000003
128572,31206.267
128573,31158.271000000004
128574,32023.263000000003
128575,32080.256
128576,32425.243000000002
128577,30625.248
128578,30852.246000000003
128579,31033.24
128580,29781.245
128581,30085.239
128582,31019.237
128583,31718.245000000003
128584,30901.254
128585,30459.251000000004
128586,30269.250000000004
128587,30426.261000000002
128588,29804.26
128589,28527.269000000004
128590,28652.267
128591,28030.267
128592,27818.265
128593,26560.269
128594,27346.260000000002
128595,27589.252
128596,27939.253
128597,28011.25
128598,29004.239
128599,29589.235
128600,30518.232
128601,30282.234
128602,30397.24
128603,30563.236
128604,31530.223
128605,31281.214
128606,31232.213
128607,30570.21
128608,31014.208
128609,30857.204
128610,29929.198
128611,29736.195
128612,31229.195
128613,30930.201
128614,29788.194
128615,30197.191
128616,30775.188
128617,31139.180000000004
128618,30167.177000000003
128619,29443.167
128620,29279.167
128621,29251.166000000005
128622,28058.163000000004
128623,27755.15
128624,28679.149
128625,29008.146000000004
128626,29270.148000000005
128627,29838.143000000004
128628,30387.140000000003
128629,29789.135000000002
128630,30232.130000000005
128631,30604.123000000003
128632,30864.118000000002
128633,31605.116
128634,32489.108
128635,32101.107
128636,31050.113
128637,30592.116
128638,30619.115000000005
128639,30956.117000000002
128640,30950.114
128641,30979.108000000004
128642,32542.106000000003
128643,32554.102000000003
128644,30931.106
128645,31258.111
128646,31860.107
128647,31460.104
128648,31088.104
128649,30104.106
128650,29918.107
128651,30255.109
128652,29493.105
128653,29214.105
128654,30239.104
128655,29852.102000000003
128656,30848.099
128657,30658.098
128658,30221.098
128659,29794.097
128660,30593.091
128661,30757.093
128662,30500.093
128663,30360.093
128664,31352.086
128665,31299.084
128666,30126.084
128667,29509.089
128668,29453.09
128669,29584.093
128670,28813.092
128671,28458.088000000003
128672,30778.085000000003
128673,31474.080000000005
128674,31224.071000000004
128675,32447.070000000003
128676,32024.072000000004
128677,31724.067000000003
128678,31692.068000000003
128679,30838.070000000003
128680,30656.070000000003
128681,30839.070000000003
128682,29687.070000000003
128683,29662.069000000003
128684,30623.070000000003
128685,30323.066000000003
128686,30922.063000000002
128687,30859.066000000003
128688,31424.065000000002
128689,31224.066000000003
128690,31430.066000000003
128691,31820.063000000002
128692,30754.057
128693,30954.054
128694,30729.054
128695,29729.050000000003
128696,29488.051000000003
128697,29393.055000000004
128698,29078.056000000004
128699,29574.053000000004
128700,28580.055000000004
128701,28025.053000000004
128702,29870.048000000003
128703,30395.051000000003
128704,30030.051000000003
128705,30620.056000000004
128706,31600.056000000004
128707,31235.056000000004
128708,30295.054000000004
128709,30500.052000000003
128710,30530.052000000003
128711,31425.050000000003
128712,30095.053
128713,29910.051000000003
128714,30660.052000000003
128715,29705.054000000004
128716,29675.055000000004
128717,30070.055000000004
128718,30840.057000000004
128719,31235.056000000004
128720,32210.056000000004
128721,31290.055000000004
128722,30465.055000000004
128723,30705.051000000003
128724,30485.051000000003
128725,29685.056000000004
128726,28910.055000000004
128727,28760.052000000003
128728,28795.051000000003
128729,28220.054000000004
128730,27845.051000000003
128731,27425.052000000003
128732,28970.055000000004
128733,29170.054000000004
128734,29430.052000000003
128735,30180.054000000004
128736,30600.054000000004
128737,31005.051000000003
128738,30650.049000000003
128739,29460.053000000004
128740,30055.051000000003
128741,31000.053000000004
128742,30220.055000000004
128743,30755.055000000004
128744,31395.054000000004
128745,31210.053000000004
128746,31430.053000000004
128747,32435.052000000003
128748,32685.051000000007
128749,33100.05100000001
128750,33520.05
128751,33185.049000000006
128752,32210.049000000006
128753,32215.049000000006
128754,31565.053000000007
128755,31200.054000000007
128756,30750.056000000004
128757,29920.056000000004
128758,29960.054000000004
128759,29795.054000000004
128760,28855.053000000007
128761,28240.054000000004
128762,29625.056000000004
128763,28900.056000000008
128764,29010.058000000008
128765,30225.054000000007
128766,30645.055000000004
128767,31100.053000000007
128768,30735.053000000007
128769,30400.052000000007
128770,31405.052000000007
128771,32025.050000000007
128772,31670.048000000006
128773,32150.046000000006
128774,33085.05
128775,33095.04800000001
128776,32890.052
128777,33270.054000000004
128778,33180.057
128779,33835.053
128780,33600.058000000005
128781,33660.058000000005
128782,32935.057
128783,33365.054000000004
128784,32450.052000000007
128785,32620.052000000007
128786,32075.054000000007
128787,30730.055000000008
128788,30345.055000000008
128789,30510.056000000008
128790,29140.057000000008
128791,28350.05900000001
128792,29345.055000000008
128793,29310.057000000008
128794,30160.054000000007
128795,30585.055000000004
128796,30775.056000000004
128797,30765.058000000008
128798,30835.054000000007
128799,30245.055000000008
128800,31010.053000000004
128801,30995.056000000008
128802,31360.057000000008
128803,31815.055000000008
128804,32685.053000000007
128805,32275.057000000008
128806,32085.056000000008
128807,32180.052000000007
128808,32605.050000000007
128809,32340.054000000007
128810,33760.054000000004
128811,33400.053
128812,33345.055
128813,33380.053
128814,32250.050000000003
128815,31135.049000000006
128816,31140.048000000006
128817,30485.052000000003
128818,30550.050000000007
128819,30000.048000000006
128820,29445.047000000006
128821,29060.046000000006
128822,28970.049000000006
128823,29345.047000000006
128824,30605.046000000006
128825,31585.045000000006
128826,31740.050000000003
128827,31600.051000000007
128828,31795.052000000003
128829,32025.050000000007
128830,31305.048000000006
128831,32300.050000000003
128832,32550.051000000003
128833,32740.052000000003
128834,33290.05500000001
128835,33545.05300000001
128836,33720.05200000001
128837,33885.05500000001
128838,33740.05500000001
128839,33870.058000000005
128840,34870.058000000005
128841,34480.058000000005
128842,34495.05500000001
128843,34245.05600000001
128844,33570.05500000001
128845,32465.052000000007
128846,32080.053000000007
128847,32455.052000000007
128848,32055.054000000004
128849,30850.057000000008
128850,29900.057000000008
128851,29310.058000000005
128852,30290.058000000008
128853,30965.055000000008
128854,31450.051000000007
128855,31840.051000000007
128856,32175.053000000007
128857,31975.055000000008
128858,31610.057000000008
128859,31495.051000000007
128860,31885.051000000007
128861,32595.055000000008
128862,32600.054000000007
128863,32575.054000000007
128864,33580.053
128865,33635.05500000001
128866,33470.05500000001
128867,33165.05300000001
128868,33980.05100000001
128869,35110.05100000001
128870,35965.057
128871,35505.052
128872,34620.05100000001
128873,34895.054000000004
128874,33500.06000000001
128875,33115.05900000001
128876,32275.062000000005
128877,32355.061000000005
128878,31600.061000000005
128879,31505.058000000008
128880,31025.052000000007
128881,30400.056000000008
128882,31765.056000000008
128883,31960.056000000008
128884,32010.056000000008
128885,32505.05900000001
128886,33235.05900000001
128887,33200.054000000004
128888,33210.05700000001
128889,32505.052000000007
128890,33120.05100000001
128891,35100.046
128892,34485.047000000006
128893,34130.045000000006
128894,35390.043000000005
128895,35085.045000000006
128896,35465.047000000006
128897,35800.049000000006
128898,36165.05
128899,36150.054000000004
128900,36515.054000000004
128901,35345.054000000004
128902,34910.058000000005
128903,35165.05600000001
128904,33720.06100000001
128905,34240.055
128906,33030.054000000004
128907,32735.05900000001
128908,32135.06200000001
128909,32845.064000000006
128910,31525.06500000001
128911,31110.06600000001
128912,32580.05900000001
128913,32385.06000000001
128914,32670.057000000008
128915,32540.058000000008
128916,32960.056000000004
128917,32475.055000000008
128918,31850.058000000008
128919,30420.06100000001
128920,31110.06400000001
128921,32500.06400000001
128922,31685.06600000001
128923,31990.06800000001
128924,33420.065
128925,32700.063000000006
128926,33670.064000000006
128927,33475.064000000006
128928,34800.062000000005
128929,35015.058000000005
128930,35565.060000000005
128931,34480.058000000005
128932,34040.058000000005
128933,34760.060000000005
128934,34010.05900000001
128935,34250.056000000004
128936,32885.05600000001
128937,33260.054000000004
128938,33255.05500000001
128939,34120.053
128940,33365.05300000001
128941,32790.052
128942,34160.055
128943,32690.056000000008
128944,33610.05300000001
128945,34015.055
128946,33820.05500000001
128947,34420.052
128948,33420.05200000001
128949,31995.053000000007
128950,32060.049000000006
128951,32935.049000000006
128952,32350.048000000006
128953,32350.048000000006
128954,33380.04800000001
128955,32830.049000000006
128956,34390.049
128957,34205.048
128958,34720.051999999996
128959,35010.049
128960,36125.05
128961,35315.052
128962,34165.056
128963,34715.058999999994
128964,33308.063
128965,33743.06
128966,32608.058000000005
128967,32603.059000000005
128968,32503.054000000007
128969,33283.054000000004
128970,33198.053
128971,32792.05300000001
128972,33762.054
128973,33477.058
128974,33312.057
128975,34287.057
128976,34797.053
128977,34232.054000000004
128978,34147.056
128979,32495.059000000005
128980,32190.062
128981,32657.071000000007
128982,32222.070000000007
128983,31639.071000000007
128984,32804.07200000001
128985,31659.072000000007
128986,31994.073000000004
128987,32189.073000000008
128988,32549.074000000008
128989,32614.073000000008
128990,33756.075000000004
128991,32616.07600000001
128992,32790.06800000001
128993,33635.07600000001
128994,33160.07800000001
128995,32780.07600000001
128996,31860.07600000001
128997,32875.07400000001
128998,31906.07700000001
128999,32746.075000000008
129000,31971.07600000001
129001,31488.08100000001
129002,32860.08000000001
129003,32287.07900000001
129004,32737.07800000001
129005,34307.07600000001
129006,34922.07600000001
129007,33802.081000000006
129008,33502.07800000001
129009,31739.08000000001
129010,32294.08100000001
129011,33571.07500000001
129012,32496.073000000008
129013,32531.071000000007
129014,33121.07000000001
129015,32671.073000000004
129016,32706.073000000004
129017,33565.07000000001
129018,34340.072
129019,33625.074
129020,34714.07
129021,34104.07
129022,34632.073000000004
129023,35327.077000000005
129024,35102.079000000005
129025,33583.079000000005
129026,34177.07000000001
129027,34342.07200000001
129028,33806.069
129029,34461.067
129030,34866.064000000006
129031,34274.065
129032,35322.069
129033,35287.071
129034,35937.071
129035,36914.072
129036,37359.073000000004
129037,36229.076
129038,35804.084
129039,35275.083
129040,34572.087
129041,35247.086
129042,34096.088
129043,33635.092000000004
129044,33233.097
129045,33036.099
129046,32316.110000000004
129047,33372.109000000004
129048,33417.11700000001
129049,33852.11800000001
129050,34411.12700000001
129051,33427.12500000001
129052,34079.124
129053,34889.13100000001
129054,34738.13300000001
129055,33159.138000000006
129056,32980.14000000001
129057,33259.14000000001
129058,32672.14600000001
129059,32977.14800000001
129060,32586.146000000008
129061,32206.15000000001
129062,32405.15300000001
129063,32672.15100000001
129064,33707.145000000004
129065,34688.14800000001
129066,35322.14800000001
129067,34710.152
129068,34135.155000000006
129069,32984.16
129070,33758.16200000001
129071,34840.16300000001
129072,33840.164000000004
129073,33496.16500000001
129074,34640.16100000001
129075,34775.158
129076,35098.161
129077,36068.165
129078,36248.169
129079,36076.172000000006
129080,36153.172000000006
129081,35429.171
129082,35859.172
129083,36630.174000000006
129084,36095.172000000006
129085,35434.174
129086,34988.176999999996
129087,34665.179
129088,34265.183999999994
129089,35000.184
129090,33684.183000000005
129091,33208.186
129092,33663.183000000005
129093,33710.189000000006
129094,34371.187
129095,35620.186
129096,35842.194
129097,34401.196
129098,33861.203
129099,33794.200000000004
129100,34730.203
129101,35850.209
129102,35480.211
129103,34818.221
129104,35858.221000000005
129105,35684.222
129106,36261.219999999994
129107,37787.223
129108,38587.221
129109,37743.227
129110,38593.227
129111,37971.231999999996
129112,37671.235
129113,38741.231
129114,37648.23299999999
129115,37136.23499999999
129116,36313.237
129117,36527.241
129118,36157.244
129119,36553.25
129120,35349.255000000005
129121,35293.253000000004
129122,35633.253000000004
129123,35834.253
129124,35703.256
129125,36181.26
129126,36261.26500000001
129127,34690.26900000001
129128,34440.273
129129,34408.27500000001
129130,34567.27300000001
129131,34522.27700000001
129132,34363.274000000005
129133,34147.279
129134,35557.27700000001
129135,35597.276000000005
129136,35892.28100000001
129137,37500.28100000001
129138,37549.28200000001
129139,37130.287000000004
129140,38015.28800000001
129141,38016.28800000001
129142,38720.29200000001
129143,39761.29000000001
129144,39802.29600000001
129145,38537.307000000015
129146,38082.31200000001
129147,37950.31300000002
129148,38769.30600000002
129149,39412.31000000001
129150,38147.31300000002
129151,38426.31300000002
129152,39336.31400000001
129153,39802.31000000001
129154,39049.31300000002
129155,40411.311000000016
129156,40214.31900000001
129157,39276.31900000001
129158,39345.31600000001
129159,38623.322000000015
129160,38895.322000000015
129161,38052.32300000001
129162,37096.32100000001
129163,36227.32300000001
129164,37023.328000000016
129165,37292.330000000016
129166,38352.33300000001
129167,39253.33400000001
129168,38498.33900000001
129169,38197.34200000001
129170,39184.34700000001
129171,38742.34800000001
129172,39356.34700000001
129173,40090.34900000001
129174,40341.350000000006
129175,39341.35500000001
129176,37988.35900000001
129177,37790.36700000002
129178,38993.36500000002
129179,39864.36800000002
129180,38137.37300000002
129181,39088.370000000024
129182,39541.37700000002
129183,39593.38100000001
129184,39466.38900000002
129185,40241.40000000001
129186,40070.40000000001
129187,39152.40000000001
129188,38543.400000000016
129189,38095.41000000001
129190,38413.415000000015
129191,38305.41900000001
129192,36906.42700000001
129193,36799.43200000001
129194,37780.43300000001
129195,38896.42900000001
129196,40295.43300000001
129197,42139.42100000001
129198,40933.42300000001
129199,39945.42500000002
129200,40558.430000000015
129201,39997.432000000015
129202,40626.43500000002
129203,40969.440000000024
129204,40798.44100000002
129205,39972.43500000003
129206,38653.43600000002
129207,39228.438000000024
129208,39980.43900000002
129209,40639.44300000002
129210,38506.44800000002
129211,39038.443000000014
129212,39554.44200000001
129213,39450.45000000001
129214,39595.453000000016
129215,39971.45300000001
129216,40039.45000000001
129217,38718.46100000001
129218,38695.460000000014
129219,37916.46300000001
129220,38969.47000000001
129221,39564.47400000002
129222,38944.47500000001
129223,39116.48400000002
129224,40325.48400000002
129225,40915.49100000001
129226,42161.504000000015
129227,42469.50900000001
129228,43112.50700000001
129229,42479.51100000001
129230,43014.51600000002
129231,41870.529000000024
129232,42656.53000000002
129233,43109.53100000002
129234,42561.54600000002
129235,41433.55200000001
129236,40489.551000000014
129237,41579.54700000001
129238,41632.55200000001
129239,42733.55000000002
129240,41129.55800000001
129241,41625.559000000016
129242,41388.56400000001
129243,41619.55700000002
129244,41416.56000000001
129245,41791.56100000002
129246,41353.56200000003
129247,40043.565000000024
129248,39363.56500000003
129249,39023.56500000002
129250,39158.573000000026
129251,39945.57000000002
129252,39829.58200000002
129253,39583.58700000002
129254,40068.58700000002
129255,40545.59400000001
129256,42149.597000000016
129257,42257.59900000002
129258,42721.60200000002
129259,42269.61100000001
129260,43218.59400000003
129261,42754.58700000002
129262,43534.58800000002
129263,43883.58500000002
129264,43633.58800000002
129265,42475.601000000024
129266,42204.59700000002
129267,43352.60500000003
129268,43350.60000000001
129269,44296.59400000003
129270,44073.59800000002
129271,43924.59700000002
129272,43884.60700000002
129273,44635.61300000003
129274,45461.60300000002
129275,45979.612000000016
129276,44664.624
129277,43440.62300000001
129278,43306.62
129279,43450.62400000001
129280,43004.62900000001
129281,43763.62400000001
129282,42896.62600000001
129283,42349.62600000002
129284,42089.63200000001
129285,42956.62600000001
129286,44522.62100000001
129287,44702.61800000001
129288,44999.62600000001
129289,44529.61600000001
129290,44305.61500000002
129291,43919.61600000001
129292,43856.62600000001
129293,43134.62600000002
129294,42872.61600000001
129295,42114.62000000001
129296,40912.62400000002
129297,42278.62300000001
129298,40981.62900000001
129299,41723.631000000016
129300,41706.627000000015
129301,41482.63200000002
129302,41136.63800000002
129303,43099.637000000024
129304,43382.63200000002
129305,43637.63600000003
129306,43449.63800000001
129307,42122.63800000001
129308,42419.63500000001
129309,41946.63800000002
129310,41694.63700000002
129311,42077.631000000016
129312,42738.625000000015
129313,42731.63000000002
129314,42742.62300000002
129315,43517.61900000002
129316,45096.61600000002
129317,44556.62300000002
129318,44465.62900000003
129319,42991.63100000002
129320,43944.628000000026
129321,44004.63700000002
129322,43716.63700000002
129323,42414.64400000003
129324,41442.650000000016
129325,40601.64900000002
129326,40398.63000000002
129327,41509.629000000015
129328,40450.63000000002
129329,40927.623000000014
129330,40605.62200000002
129331,40386.61900000002
129332,40389.621000000014
129333,41697.62200000001
129334,43341.62500000001
129335,43554.62700000001
129336,42890.62200000001
129337,42445.625000000015
129338,42860.61700000002
129339,42568.61800000002
129340,41139.63300000001
129341,41631.63100000001
129342,41726.630000000005
129343,41830.621000000014
129344,41411.62400000001
129345,42190.612000000016
129346,43335.607000000025
129347,42827.608000000015
129348,43309.61000000002
129349,42081.61000000003
129350,42616.60700000002
129351,42836.60600000001
129352,41838.62600000001
129353,40652.631
129354,40148.621000000014
129355,39900.622
129356,40002.614000000016
129357,40628.61800000002
129358,40318.60700000002
129359,40920.61000000002
129360,40615.61000000002
129361,40141.59300000002
129362,39571.59800000002
129363,40682.60200000002
129364,42210.60400000002
129365,42586.59800000001
129366,41572.60500000002
129367,41109.60400000002
129368,41335.60900000002
129369,41226.60700000001
129370,40268.60800000001
129371,40923.61200000001
129372,41081.60800000001
129373,39561.61200000001
129374,38383.61000000001
129375,37759.606000000014
129376,37874.60300000001
129377,37299.606000000014
129378,37049.60500000002
129379,36551.59600000001
129380,36490.61100000001
129381,36581.61500000002
129382,36619.608000000015
129383,36027.62000000002
129384,36654.614000000016
129385,37636.615000000005
129386,37488.61100000001
129387,37332.60500000001
129388,36531.602000000006
129389,37468.60400000001
129390,37106.60300000001
129391,36488.597000000016
129392,36397.597000000016
129393,36675.60000000002
129394,37224.60400000002
129395,38251.595000000016
129396,38825.59100000002
129397,38377.587000000014
129398,38900.58200000001
129399,37014.585000000014
129400,36168.58200000001
129401,35919.58700000001
129402,36012.578
129403,35273.57300000001
129404,35015.56400000001
129405,34248.559000000016
129406,34270.55600000001
129407,34302.56500000001
129408,33441.56900000002
129409,33367.56200000002
129410,33785.55000000001
129411,34815.55200000001
129412,34735.54200000001
129413,34787.55000000002
129414,35568.54400000001
129415,35958.54100000002
129416,35886.53500000002
129417,36064.52600000001
129418,35167.521000000015
129419,36432.52000000001
129420,35926.52100000001
129421,34579.51700000001
129422,34026.51800000001
129423,33932.52100000001
129424,34190.523000000016
129425,34501.53100000002
129426,35233.53400000001
129427,34448.536000000015
129428,34935.54100000001
129429,33900.53000000001
129430,33409.53000000001
129431,32944.532000000014
129432,33086.52700000002
129433,32088.524000000016
129434,31700.52300000002
129435,31022.525000000016
129436,30881.52000000002
129437,31757.51100000002
129438,30917.50600000002
129439,30207.50100000002
129440,30490.50000000002
129441,31421.50100000002
129442,32570.495000000017
129443,32469.498000000014
129444,32435.489000000016
129445,32877.49300000002
129446,32310.498000000014
129447,32102.510000000017
129448,31942.507000000016
129449,33427.51000000002
129450,33658.50800000001
129451,33099.50700000001
129452,31255.512000000017
129453,31690.506000000016
129454,32237.508000000013
129455,31774.497000000014
129456,32468.490000000013
129457,33128.48200000001
129458,33671.48900000001
129459,33215.477000000006
129460,32433.472000000012
129461,31698.476000000013
129462,31732.475000000017
129463,30844.473000000013
129464,30428.479000000014
129465,30491.477000000014
129466,29447.47500000001
129467,28613.474000000013
129468,27231.472000000012
129469,26580.464000000014
129470,27024.457000000017
129471,27957.453000000016
129472,27979.461000000014
129473,28300.462000000014
129474,27779.470000000016
129475,28667.469000000016
129476,28636.468000000015
129477,28026.477000000017
129478,28739.471000000016
129479,29685.464000000014
129480,29025.464000000014
129481,28369.46600000001
129482,28328.461000000014
129483,28395.457000000017
129484,28490.448000000015
129485,28456.444000000014
129486,29112.455000000016
129487,29187.458000000013
129488,29927.453000000016
129489,28838.46000000002
129490,28257.458000000017
129491,27663.469000000016
129492,27007.468000000015
129493,26092.467000000015
129494,25595.46400000001
129495,25194.461000000014
129496,24124.46100000001
129497,25014.46200000001
129498,23315.46200000001
129499,22907.46100000001
129500,22905.453000000012
129501,23559.45300000001
129502,24424.447000000007
129503,24912.453000000012
129504,25741.45000000001
129505,25109.44400000001
129506,25514.45000000001
129507,24537.44200000001
129508,24369.444000000014
129509,24718.435000000012
129510,24171.434000000012
129511,23830.437000000013
129512,23905.433000000008
129513,23609.432000000008
129514,24334.428000000007
129515,24369.428000000007
129516,25521.427000000003
129517,25769.426000000003
129518,26858.415000000005
129519,26620.417000000005
129520,25711.422000000006
129521,24740.412000000004
129522,23762.416
129523,23116.423000000006
129524,22544.417000000005
129525,22946.412000000004
129526,22557.411000000004
129527,23136.405000000002
129528,21880.405000000002
129529,22088.406000000003
129530,22048.405000000002
129531,22434.408000000003
129532,22375.410000000003
129533,23571.406000000003
129534,23069.405000000002
129535,22585.410000000003
129536,21783.404000000002
129537,21108.404000000002
129538,21910.4
129539,20346.407000000003
129540,20124.40400000001
129541,19511.406000000006
129542,19617.406000000006
129543,18518.400000000005
129544,19537.402000000006
129545,20330.397000000008
129546,21675.402000000006
129547,22058.398000000005
129548,21375.399000000005
129549,21345.398000000005
129550,19897.395000000004
129551,20360.390000000003
129552,20415.395
129553,20834.390000000003
129554,21103.393000000004
129555,19807.387000000002
129556,19152.382
129557,19626.38
129558,19757.372000000003
129559,19930.372
129560,20092.37
129561,20004.370000000003
129562,19069.377000000004
129563,19856.366
129564,19598.361
129565,19972.357
129566,19275.356
129567,19437.351
129568,20498.337
129569,19518.338
129570,20536.325999999997
129571,19055.329999999998
129572,18434.34
129573,17407.341999999997
129574,16399.349
129575,17027.352
129576,16995.359
129577,16534.359
129578,14921.37
129579,15495.371000000001
129580,13851.388000000004
129581,14095.397000000006
129582,13023.406000000006
129583,14492.406000000008
129584,14171.412000000004
129585,13568.412000000006
129586,13149.41400000001
129587,13439.41700000001
129588,13690.423000000012
129589,13841.436000000014
129590,14104.434000000016
129591,13665.439000000017
129592,12216.45100000002
129593,9870.466000000019
129594,9830.48000000002
129595,7738.502000000016
129596,6409.525000000015
129597,5051.548000000017
129598,3600.5690000000036
129599,1079.6079999999988
129600,1906.4379999999962
129601,3066.4300000000053
129602,3736.4270000000097
129603,4639.419000000014
129604,5704.412000000013
129605,7179.406000000015
129606,8254.39400000002
129607,8894.392000000022
129608,8959.394000000018
129609,10319.383000000016
129610,12859.382000000014
129611,12594.378000000015
129612,13346.371000000014
129613,13406.371000000012
129614,13711.364000000009
129615,12761.365000000007
129616,13368.364000000009
129617,13683.363000000007
129618,14627.359000000004
129619,14387.353000000005
129620,12019.352000000004
129621,13549.347000000002
129622,13574.342000000002
129623,14492.335000000001
129624,14944.331000000002
129625,16189.321000000002
129626,16062.315
129627,16322.309
129628,16910.307
129629,18186.298999999995
129630,18201.302999999996
129631,19021.302999999996
129632,18474.304999999997
129633,17784.302999999996
129634,18109.296999999995
129635,18469.302999999996
129636,18189.300999999996
129637,18073.308999999997
129638,17723.307
129639,17538.302
129640,17640.300000000003
129641,16965.300000000003
129642,18065.297
129643,19047.290999999997
129644,18957.284
129645,17687.286999999997
129646,18919.285
129647,19437.283
129648,19220.279
129649,18752.282
129650,18260.277
129651,17980.279
129652,17735.276
129653,16675.279000000002
129654,16205.280000000002
129655,16303.282000000003
129656,14458.284000000003
129657,13203.287000000004
129658,14098.282000000005
129659,15553.285000000005
129660,16240.278000000004
129661,17408.267000000003
129662,16853.263000000003
129663,16938.263000000003
129664,17435.262000000002
129665,18342.259000000002
129666,18332.253000000004
129667,19459.249000000003
129668,18837.246000000003
129669,17460.245000000006
129670,17255.241000000005
129671,16248.235000000006
129672,15460.237000000006
129673,16835.228000000003
129674,16060.226000000004
129675,14848.225000000006
129676,14988.221000000007
129677,14778.217000000008
129678,14980.214000000007
129679,15537.204000000007
129680,15550.198000000006
129681,16740.192000000006
129682,16512.198000000008
129683,15360.196000000007
129684,15765.195000000005
129685,16350.196000000005
129686,16348.199000000006
129687,16348.198000000006
129688,16968.195000000003
129689,17163.196000000007
129690,17573.195000000003
129691,17378.197000000004
129692,16788.198000000004
129693,16970.199000000008
129694,17385.197000000007
129695,17588.198000000004
129696,16840.195000000007
129697,17430.196000000004
129698,16478.195000000003
129699,15830.202000000005
129700,16060.198000000004
129701,16658.197000000004
129702,16698.196000000004
129703,18463.196000000004
129704,17631.203000000005
129705,17031.206000000002
129706,17456.202000000005
129707,17466.202000000005
129708,17633.204000000005
129709,17641.204
129710,16861.204000000005
129711,17836.205
129712,18406.206000000002
129713,17411.210000000006
129714,17978.211000000003
129715,18183.209000000003
129716,17841.205
129717,18822.202
129718,19382.204
129719,19362.206000000002
129720,19554.207000000002
129721,19752.205
129722,18967.206000000002
129723,18972.204
129724,17972.209000000003
129725,18007.208000000002
129726,16424.212000000003
129727,15062.214000000004
129728,14817.220000000005
129729,14652.217000000004
129730,14272.215000000004
129731,14434.218000000004
129732,14039.219000000006
129733,15209.219000000006
129734,16217.217000000006
129735,16602.216000000008
129736,17587.216000000004
129737,18207.214000000004
129738,18202.213000000003
129739,18642.208000000002
129740,18216.212000000003
129741,17826.212000000003
129742,18819.210000000003
129743,17016.215000000004
129744,17021.214000000004
129745,17590.215000000004
129746,18231.209000000003
129747,18261.205
129748,18446.207000000002
129749,18241.208000000002
129750,18431.209000000003
129751,19246.202
129752,18423.207000000002
129753,19241.204
129754,18461.206000000002
129755,18646.207000000002
129756,17266.206000000002
129757,16711.205
129758,16921.204
129759,17331.2
129760,17338.198
129761,17319.203
129762,16984.2
129763,17734.204
129764,18879.208000000002
129765,19104.203
129766,20094.201
129767,21274.201
129768,20509.199
129769,19929.198
129770,20259.201
129771,20854.2
129772,20851.202
129773,20081.2
129774,20116.196
129775,20321.196
129776,20306.199
129777,20101.2
129778,20313.196
129779,20326.194
129780,19381.192
129781,18212.194
129782,17217.198000000004
129783,16867.194000000003
129784,17424.194
129785,18436.192
129786,17056.195000000003
129787,16458.195000000003
129788,16879.190000000002
129789,17107.188000000002
129790,17712.186
129791,19262.184999999998
129792,18682.184
129793,20227.184999999998
129794,21194.186
129795,20622.184
129796,21987.184
129797,22377.185
129798,22384.183
129799,22377.182
129800,22567.182
129801,23144.185
129802,24109.185
129803,23112.184
129804,21942.184
129805,22699.182
129806,21739.182
129807,22714.179
129808,22494.182
129809,20904.186
129810,20172.177
129811,19567.176
129812,19359.177
129813,19749.175
129814,19911.179
129815,20276.180000000004
129816,19868.179000000004
129817,19696.176000000003
129818,19876.176000000003
129819,20059.178
129820,20064.175000000003
129821,20659.172000000002
129822,19089.171000000002
129823,20279.169
129824,22189.171000000002
129825,22164.175000000003
129826,22549.175000000003
129827,23126.176
129828,22728.175
129829,22346.174
129830,23133.172
129831,23123.172
129832,23311.176
129833,21163.177
129834,20598.176
129835,21558.177
129836,21348.179
129837,21951.177
129838,21766.177
129839,20801.179
129840,19056.176
129841,19246.177
129842,19241.184
129843,19796.189000000002
129844,19763.194000000003
129845,20371.191000000003
129846,19986.190000000002
129847,20388.190000000002
129848,21130.197000000004
129849,21317.197000000004
129850,21519.198000000004
129851,22324.197000000004
129852,21805.196000000004
129853,22806.194000000003
129854,24361.194
129855,24383.192000000003
129856,24393.194
129857,23813.197
129858,23248.196
129859,22894.192000000003
129860,23284.189000000002
129861,23296.187
129862,23116.189000000002
129863,20974.190000000002
129864,20623.188000000002
129865,21386.192000000003
129866,21232.192000000003
129867,22438.193000000003
129868,23277.193000000003
129869,23488.191000000003
129870,21793.188000000002
129871,21808.188000000002
129872,22658.187
129873,23213.189000000002
129874,22711.185
129875,23083.191000000003
129876,22473.190000000002
129877,22118.191000000003
129878,22943.192000000003
129879,22545.193000000003
129880,22984.190000000002
129881,24163.193000000003
129882,23002.192000000003
129883,24218.187
129884,26183.186
129885,26193.188000000002
129886,26750.194000000003
129887,26961.193000000003
129888,26193.192000000003
129889,26367.194000000003
129890,26428.191000000003
129891,26850.189000000002
129892,26514.188000000002
129893,25239.186
129894,25001.190000000002
129895,25795.189000000002
129896,25048.191000000003
129897,26244.192000000003
129898,26218.194000000003
129899,25647.196000000004
129900,24519.193000000003
129901,24673.196
129902,24454.201
129903,24825.204
129904,23520.203
129905,23904.200000000004
129906,22779.198000000004
129907,22951.199000000004
129908,24320.197000000004
129909,23985.198
129910,24683.204999999998
129911,25838.207
129912,25655.204999999998
129913,25820.208
129914,27535.211
129915,27345.216
129916,27771.215
129917,27345.221
129918,26877.215
129919,27260.213
129920,27225.215
129921,27239.211
129922,27473.209000000003
129923,26101.210000000003
129924,25693.211000000003
129925,25739.213
129926,25609.206000000002
129927,26350.201
129928,25925.203
129929,25344.203
129930,24373.204
129931,24989.202
129932,24641.201
129933,25546.193
129934,24588.19
129935,24442.189
129936,23854.195
129937,23880.194
129938,24464.197
129939,24683.196
129940,25895.198
129941,26140.199
129942,26072.208000000002
129943,26727.206000000002
129944,28689.208000000002
129945,28298.208000000002
129946,27696.211000000003
129947,27018.210000000003
129948,26792.215000000004
129949,27168.212000000003
129950,27374.214000000004
129951,26652.207000000006
129952,26842.209000000006
129953,25894.208000000006
129954,25732.210000000003
129955,25826.208000000006
129956,26882.209000000006
129957,27711.212000000007
129958,27350.214000000004
129959,27705.220000000005
129960,26498.224000000006
129961,27184.213000000003
129962,27068.209000000006
129963,28053.203000000005
129964,26677.2
129965,26550.192
129966,26113.192
129967,26057.183000000005
129968,25518.182000000004
129969,24865.187
129970,25721.188000000002
129971,25509.196000000004
129972,24764.194000000003
129973,25599.198000000004
129974,27353.196000000004
129975,27592.193000000003
129976,27777.202000000005
129977,27979.205
129978,27977.209000000003
129979,28974.21
129980,28737.217
129981,27926.222999999998
129982,28223.229
129983,28051.232
129984,28270.231
129985,28322.229
129986,29454.228
129987,31010.233
129988,30029.231
129989,30174.221999999998
129990,29058.217999999997
129991,29266.215999999997
129992,29411.229
129993,29969.232999999997
129994,28843.232999999997
129995,29457.236999999997
129996,28650.239999999998
129997,27361.239
129998,26789.254000000004
129999,26189.261
130000,26811.257000000005
130001,26569.260000000002
130002,26197.254
130003,26897.248
130004,28506.247
130005,28478.251
130006,29241.251
130007,29200.26
130008,29372.263
130009,29803.269
130010,30424.276
130011,29829.277000000002
130012,30418.272000000004
130013,29473.275
130014,29714.268000000004
130015,30287.270000000004
130016,31045.271000000004
130017,32001.271
130018,31190.276000000005
130019,30477.286
130020,29385.277000000006
130021,29485.271000000004
130022,28503.275000000005
130023,29223.281000000003
130024,28523.271000000004
130025,28696.276000000005
130026,27843.278000000006
130027,27540.272000000004
130028,27226.268
130029,27028.259000000002
130030,27959.259000000002
130031,27747.256
130032,27898.254
130033,28091.250000000004
130034,29597.245
130035,29833.238999999998
130036,29841.235000000004
130037,29891.234000000004
130038,30268.233000000004
130039,30280.228000000003
130040,30637.217000000004
130041,30575.215000000004
130042,30878.216000000004
130043,30338.212000000003
130044,29926.209000000006
130045,29650.209000000006
130046,30612.201
130047,31589.202000000005
130048,32161.197000000004
130049,31827.193000000003
130050,30137.197000000004
130051,30672.196
130052,29878.197000000004
130053,31397.190000000002
130054,30707.194
130055,30171.183
130056,28365.182
130057,27301.184
130058,27026.185
130059,26782.178
130060,28901.173000000003
130061,29043.168
130062,28858.162
130063,28600.16
130064,29914.163000000004
130065,29513.161000000004
130066,29839.157000000003
130067,29955.155000000002
130068,30411.146000000004
130069,31404.140000000003
130070,32218.136000000002
130071,32400.133000000005
130072,33333.132
130073,32339.134000000002
130074,31182.135000000002
130075,31189.136000000002
130076,32370.136000000002
130077,33167.137
130078,33107.141
130079,33459.133
130080,31681.135000000002
130081,31749.128
130082,31159.13
130083,32298.126
130084,30548.128
130085,30571.127
130086,28741.131
130087,28234.135000000002
130088,28290.13
130089,26905.127000000004
130090,27467.123000000003
130091,27341.120000000003
130092,26737.118000000002
130093,27345.112
130094,29308.109
130095,29284.112
130096,29725.107
130097,30349.1
130098,31108.101000000002
130099,31665.101
130100,32511.095999999998
130101,33050.096
130102,33400.098
130103,33045.099
130104,32466.096
130105,32691.092
130106,33470.09300000001
130107,34589.09300000001
130108,33860.091
130109,34046.08900000001
130110,32431.093
130111,31988.094
130112,31999.093000000004
130113,32360.089
130114,30986.089
130115,30709.086000000003
130116,29011.085000000003
130117,27507.091000000004
130118,27681.090000000004
130119,27385.088000000003
130120,27350.090000000004
130121,27185.086000000003
130122,26753.086000000003
130123,28047.084000000003
130124,30402.080000000005
130125,30857.08
130126,30771.081000000002
130127,31231.077000000005
130128,31751.079000000005
130129,32196.075000000004
130130,33187.076
130131,33737.075000000004
130132,33764.075000000004
130133,32183.074000000004
130134,31963.072000000004
130135,32718.073000000004
130136,33713.073000000004
130137,35008.075000000004
130138,34453.073000000004
130139,34458.071
130140,33357.066000000006
130141,33137.065
130142,32895.06800000001
130143,33130.066000000006
130144,30995.064000000006
130145,29820.066000000006
130146,28650.066000000006
130147,27190.061000000005
130148,27360.061000000005
130149,27190.061000000005
130150,27425.058000000005
130151,27465.055000000004
130152,26975.051000000003
130153,27600.053000000007
130154,29715.054000000004
130155,29605.054000000004
130156,29430.055000000004
130157,29200.058000000005
130158,30365.060000000005
130159,30200.060000000005
130160,32030.056000000004
130161,32635.057000000008
130162,33395.056000000004
130163,31830.057000000004
130164,31620.060000000005
130165,32645.060000000005
130166,33375.060000000005
130167,35530.058000000005
130168,34615.057
130169,34270.058000000005
130170,33270.05900000001
130171,33085.05700000001
130172,33675.056000000004
130173,34155.054000000004
130174,31905.06000000001
130175,30365.06100000001
130176,29790.05900000001
130177,28560.061000000005
130178,28395.06000000001
130179,28390.06100000001
130180,28585.06100000001
130181,28355.06400000001
130182,27610.063000000006
130183,28375.067000000006
130184,29065.074000000008
130185,29635.072000000007
130186,30195.072000000007
130187,29275.071000000007
130188,30455.070000000007
130189,30920.065000000006
130190,31565.063000000006
130191,31720.06600000001
130192,31830.069000000007
130193,31285.066000000006
130194,30895.066000000006
130195,32375.059000000005
130196,32340.062000000005
130197,34640.057
130198,33625.060000000005
130199,34475.056000000004
130200,33855.049
130201,33860.051
130202,34080.051
130203,34100.052
130204,33070.05300000001
130205,31730.053000000004
130206,30705.053000000004
130207,29890.055000000004
130208,28940.055000000004
130209,28610.053000000004
130210,29100.048000000006
130211,29040.050000000007
130212,28715.056000000004
130213,28720.055000000004
130214,30025.058000000005
130215,30320.053000000004
130216,31725.050000000003
130217,30715.052000000003
130218,31845.057000000004
130219,32170.060000000005
130220,33655.056000000004
130221,34370.05
130222,33950.052
130223,34110.054000000004
130224,33295.057
130225,33995.054000000004
130226,33995.054000000004
130227,35360.054000000004
130228,34745.05500000001
130229,34065.05900000001
130230,33130.056000000004
130231,33320.057
130232,33705.058000000005
130233,34205.061
130234,32700.061000000005
130235,32770.058000000005
130236,31380.058000000005
130237,30925.061000000005
130238,29775.063000000006
130239,29375.065000000006
130240,29055.062000000005
130241,29085.062000000005
130242,28150.059000000005
130243,28330.062000000005
130244,29920.063000000006
130245,29510.063000000006
130246,30290.063000000006
130247,29530.064000000006
130248,30760.06200000001
130249,31900.063000000006
130250,33155.061
130251,33320.06300000001
130252,33320.06300000001
130253,32110.066000000006
130254,32460.060000000005
130255,33040.062000000005
130256,32850.061
130257,33660.06
130258,33410.06100000001
130259,33220.060000000005
130260,32695.058000000005
130261,31850.06000000001
130262,33190.061
130263,34365.061
130264,33065.058000000005
130265,33260.058000000005
130266,32575.055000000008
130267,32560.053000000004
130268,32175.052000000007
130269,32015.050000000007
130270,31860.047000000002
130271,31430.050000000007
130272,30615.053000000004
130273,30585.054000000007
130274,31325.057000000004
130275,30630.061000000005
130276,31280.058000000008
130277,30950.059000000005
130278,31530.06000000001
130279,32675.06000000001
130280,34045.05900000001
130281,34460.05900000001
130282,34335.05500000001
130283,32755.06000000001
130284,32780.06100000001
130285,33370.060000000005
130286,33830.05600000001
130287,33985.05900000001
130288,33800.058000000005
130289,33940.05900000001
130290,33140.058000000005
130291,32690.061000000005
130292,34090.05900000001
130293,35290.05900000001
130294,33440.05900000001
130295,33375.064000000006
130296,32850.06300000001
130297,32850.064000000006
130298,32290.06400000001
130299,31280.06600000001
130300,31930.06300000001
130301,31840.06600000001
130302,30885.06700000001
130303,30875.07100000001
130304,32040.07200000001
130305,31060.07300000001
130306,31025.07500000001
130307,31155.06900000001
130308,31640.06600000001
130309,32815.06500000001
130310,33230.066000000006
130311,33895.06100000001
130312,33440.06400000001
130313,32270.06400000001
130314,33010.06300000001
130315,33010.06400000001
130316,33120.066000000006
130317,33370.06500000001
130318,33550.068000000014
130319,33385.06700000001
130320,32455.06700000001
130321,32280.06800000001
130322,32680.06700000001
130323,33720.06500000001
130324,31625.06500000001
130325,31785.07000000001
130326,30680.076000000012
130327,31235.077000000012
130328,30285.077000000012
130329,30340.07300000001
130330,30800.07000000001
130331,31400.06700000001
130332,31205.06800000001
130333,31485.06600000001
130334,32855.06500000001
130335,32530.06300000001
130336,32795.06900000001
130337,32175.071000000007
130338,32925.06800000001
130339,33990.069
130340,34270.067
130341,34395.071
130342,34880.067
130343,33520.066000000006
130344,33945.065
130345,34255.066000000006
130346,35050.06500000001
130347,35190.066000000006
130348,35895.067
130349,34975.066000000006
130350,34055.066000000006
130351,33205.06500000001
130352,33010.06500000001
130353,34065.062000000005
130354,32710.05900000001
130355,33120.06000000001
130356,32270.06000000001
130357,33245.06000000001
130358,32690.058000000008
130359,32425.06200000001
130360,32565.06300000001
130361,32465.06200000001
130362,32500.056000000008
130363,33315.054000000004
130364,34205.056000000004
130365,33300.05600000001
130366,33940.054000000004
130367,33490.05600000001
130368,33250.06000000001
130369,34170.056000000004
130370,34785.055
130371,35590.055
130372,36340.056000000004
130373,35135.058
130374,34540.06
130375,34325.058999999994
130376,34605.061
130377,34330.057
130378,34150.059
130379,33815.062000000005
130380,33205.062000000005
130381,32260.06100000001
130382,31640.06300000001
130383,31445.06300000001
130384,30670.06200000001
130385,31290.06000000001
130386,29840.062000000005
130387,30710.05900000001
130388,29950.06000000001
130389,30800.056000000008
130390,30940.057000000004
130391,31155.058000000008
130392,31160.057000000008
130393,31945.056000000008
130394,33080.05900000001
130395,33475.058000000005
130396,34445.06100000001
130397,33665.060000000005
130398,34880.056000000004
130399,35405.059
130400,35000.064
130401,35940.066999999995
130402,36810.065
130403,35860.066
130404,34685.068
130405,33800.07400000001
130406,34230.070999999996
130407,35000.069
130408,35866.065
130409,34881.062
130410,34391.06800000001
130411,32766.071000000007
130412,31781.073000000008
130413,32236.070000000007
130414,31123.069000000007
130415,30908.069000000007
130416,30068.074000000008
130417,31398.07600000001
130418,29673.075000000008
130419,31003.07700000001
130420,30893.07900000001
130421,31073.08300000001
130422,30218.07900000001
130423,31033.078000000005
130424,32403.07700000001
130425,32800.077000000005
130426,33810.075000000004
130427,32482.073000000008
130428,33402.07400000001
130429,33887.07000000001
130430,34162.07000000001
130431,35167.07
130432,36612.07200000001
130433,35705.06800000001
130434,35290.07000000001
130435,35318.07000000001
130436,34843.07200000001
130437,34373.07800000001
130438,35309.079000000005
130439,33674.08500000001
130440,33227.08600000001
130441,31912.08600000001
130442,31804.08400000001
130443,32752.08500000001
130444,31779.08500000001
130445,31390.08800000001
130446,30990.09200000001
130447,32080.09300000001
130448,30505.091000000008
130449,31310.09200000001
130450,30770.09400000001
130451,31946.09100000001
130452,30526.09200000001
130453,30531.09100000001
130454,31504.09100000001
130455,31544.08900000001
130456,32289.092000000008
130457,31339.09200000001
130458,32681.09400000001
130459,32651.09700000001
130460,33461.09800000001
130461,34329.09700000001
130462,35264.100000000006
130463,34110.10100000001
130464,33650.096000000005
130465,34457.09700000001
130466,33487.096000000005
130467,33947.09300000001
130468,34327.089
130469,33462.09700000001
130470,33422.10100000001
130471,32097.10000000001
130472,32529.10000000001
130473,33658.10200000001
130474,32978.09700000001
130475,32618.09700000001
130476,32198.10000000001
130477,32839.100000000006
130478,32194.106000000007
130479,31919.11700000001
130480,31389.12100000001
130481,32004.12400000001
130482,31083.12300000001
130483,30654.12400000001
130484,31778.128000000008
130485,31821.12300000001
130486,33120.12000000001
130487,32378.121000000006
130488,33122.12300000001
130489,33862.118
130490,35107.119000000006
130491,36334.12
130492,36555.12100000001
130493,35604.119000000006
130494,34822.12200000001
130495,36115.12200000001
130496,35405.12700000001
130497,36465.128000000004
130498,36501.12900000001
130499,36610.134000000005
130500,35830.136000000006
130501,33696.137
130502,34095.14000000001
130503,35690.13900000001
130504,34898.14100000001
130505,33105.147000000004
130506,32725.152000000006
130507,32865.151000000005
130508,32178.153000000006
130509,32223.158000000007
130510,31708.159000000007
130511,33098.16100000001
130512,31833.167000000005
130513,31789.166000000005
130514,32654.172000000006
130515,32415.177000000007
130516,33952.18000000001
130517,32526.18800000001
130518,32991.19
130519,32959.194
130520,34133.20000000001
130521,34911.201
130522,35615.20100000001
130523,35189.20000000001
130524,34370.19900000001
130525,35615.19800000001
130526,34335.20500000001
130527,35288.20500000001
130528,35478.21100000001
130529,35067.22000000001
130530,34988.22200000001
130531,33989.21400000001
130532,34764.21200000001
130533,35927.215000000004
130534,35642.21600000001
130535,34642.21800000001
130536,33644.22000000001
130537,33759.22000000001
130538,33784.222
130539,33734.221000000005
130540,33298.21800000001
130541,34717.22000000001
130542,33962.22600000001
130543,33719.22600000001
130544,34964.223000000005
130545,34816.226
130546,35485.226
130547,34801.226
130548,34998.22900000001
130549,35349.228
130550,36202.23500000001
130551,36517.232
130552,36517.23700000001
130553,36179.23600000001
130554,35732.235
130555,35958.242999999995
130556,36018.242999999995
130557,37432.248999999996
130558,36712.256
130559,36550.261
130560,36470.261000000006
130561,35580.266
130562,35572.267
130563,36143.27100000001
130564,34904.279
130565,34775.279
130566,34499.283
130567,34173.281
130568,34166.285
130569,33739.283
130570,33337.281
130571,34565.282
130572,33846.28200000001
130573,34271.28700000001
130574,34421.29200000001
130575,33857.29000000001
130576,34199.295000000006
130577,33558.29800000001
130578,34469.29400000001
130579,34822.297000000006
130580,36127.297000000006
130581,36515.30100000001
130582,37774.30500000001
130583,37209.311
130584,37284.31800000001
130585,38223.316
130586,37838.318
130587,38350.319
130588,38054.31500000001
130589,37796.319
130590,37901.316000000006
130591,36425.31500000001
130592,36759.322
130593,37484.32199999999
130594,36619.325999999994
130595,35546.32899999999
130596,35628.33399999999
130597,35900.333999999995
130598,36138.333
130599,36132.329999999994
130600,35755.329
130601,37026.329
130602,35290.333
130603,35958.327
130604,37154.33
130605,37098.331
130606,37676.331000000006
130607,36466.337
130608,36610.344
130609,37383.341
130610,38627.337999999996
130611,39465.338
130612,40676.341
130613,39301.344
130614,39128.352
130615,40075.352
130616,39356.358
130617,39189.367
130618,39605.366
130619,39316.381
130620,39422.38000000001
130621,38076.386000000006
130622,38496.38400000001
130623,39464.388000000006
130624,38241.392000000014
130625,37797.39500000002
130626,37810.40200000002
130627,38331.39700000001
130628,38378.39500000002
130629,38163.398000000016
130630,37687.40400000002
130631,38967.41200000001
130632,37817.41300000001
130633,38453.41700000001
130634,39305.42200000001
130635,38443.42300000002
130636,39391.43300000001
130637,39299.43300000002
130638,39522.430000000015
130639,39798.43500000002
130640,40545.434000000016
130641,40729.43600000002
130642,41658.43400000002
130643,40165.44500000002
130644,40313.44300000002
130645,40766.44600000001
130646,39552.449000000015
130647,39392.45900000001
130648,40210.46100000001
130649,40153.45800000002
130650,40162.46300000002
130651,39580.46300000002
130652,40400.45800000001
130653,41233.455000000016
130654,40922.45100000001
130655,41486.45100000001
130656,41257.44500000001
130657,41879.443000000014
130658,40349.455
130659,40423.451
130660,39651.454000000005
130661,40774.460000000014
130662,40472.46900000001
130663,41232.47400000002
130664,41765.480000000025
130665,40332.49500000001
130666,41509.48800000002
130667,41826.49200000002
130668,41723.49200000002
130669,42201.50400000002
130670,42598.51300000002
130671,41910.51800000001
130672,41639.52400000001
130673,41127.51900000002
130674,40589.527000000024
130675,40477.53200000002
130676,40431.53400000002
130677,40123.52700000002
130678,41233.53400000002
130679,41325.52800000001
130680,41584.52600000001
130681,41508.52400000002
130682,42822.53000000002
130683,43378.52800000003
130684,42968.53800000002
130685,43373.543000000034
130686,42631.54500000003
130687,43149.54400000002
130688,42487.54500000002
130689,42530.54000000002
130690,41987.54100000002
130691,42979.53600000002
130692,42885.52800000002
130693,42708.533000000025
130694,43083.53300000002
130695,42639.52900000002
130696,42979.536000000015
130697,43349.534000000014
130698,43271.54100000001
130699,43284.54900000001
130700,44270.55700000002
130701,43883.557000000015
130702,44383.557000000015
130703,43449.55900000001
130704,43938.56400000002
130705,44263.57300000002
130706,43434.57500000002
130707,42846.57900000002
130708,43319.582000000024
130709,43149.58900000002
130710,42050.597000000016
130711,42012.60200000002
130712,42638.60700000002
130713,42852.61100000002
130714,42328.61300000003
130715,42475.62700000002
130716,41880.63400000002
130717,42684.62500000002
130718,42236.62000000002
130719,42601.62100000001
130720,42739.63300000001
130721,44288.62100000001
130722,42449.612000000016
130723,42555.61800000001
130724,42930.612000000016
130725,41555.616000000016
130726,42619.61800000002
130727,43479.621000000014
130728,43139.625000000015
130729,42470.62800000002
130730,44357.61400000002
130731,43642.61300000002
130732,44025.629000000015
130733,42944.625000000015
130734,42627.62400000001
130735,42477.61900000001
130736,41497.62000000002
130737,40152.61500000003
130738,41457.61100000001
130739,42095.61100000001
130740,41345.60900000002
130741,41455.610000000015
130742,42122.61200000001
130743,41848.615000000005
130744,41322.61500000001
130745,42573.61900000002
130746,41780.61900000002
130747,42776.62000000002
130748,43105.621000000014
130749,43185.627000000015
130750,43156.62800000002
130751,43897.621000000014
130752,42419.62000000002
130753,43771.61600000001
130754,43608.61800000002
130755,42921.62700000001
130756,43706.63200000001
130757,44461.62800000002
130758,42724.62100000002
130759,42061.623000000014
130760,43281.62300000002
130761,42944.62500000002
130762,44054.62200000002
130763,43549.62400000001
130764,43220.62400000002
130765,42230.61700000002
130766,41024.62700000002
130767,40896.625000000015
130768,42512.637000000024
130769,42185.63900000002
130770,41009.633000000016
130771,41046.644000000015
130772,41498.64300000002
130773,41787.631000000016
130774,41467.63800000002
130775,42380.62900000002
130776,42371.62700000003
130777,42697.63000000003
130778,43025.62800000002
130779,43051.633000000016
130780,42674.641000000025
130781,43352.64100000002
130782,42533.64200000002
130783,42719.63900000002
130784,43348.62900000002
130785,43041.62700000002
130786,43227.63100000003
130787,43535.63300000003
130788,42117.63400000002
130789,41590.63800000001
130790,42723.63200000002
130791,42243.63600000001
130792,43836.63100000001
130793,43247.63400000002
130794,43438.631000000016
130795,43193.62800000002
130796,42207.62400000002
130797,42681.63700000002
130798,43145.648000000016
130799,43041.637000000024
130800,42117.641000000025
130801,42109.64000000001
130802,41376.63200000002
130803,41581.63600000002
130804,40696.63800000002
130805,41262.63200000002
130806,41673.620000000024
130807,41873.620000000024
130808,41667.621000000014
130809,42816.60200000002
130810,42306.60700000002
130811,42596.607000000025
130812,40775.60500000002
130813,40964.60500000002
130814,40245.59800000002
130815,38698.60100000002
130816,39225.59700000001
130817,38479.59600000002
130818,37153.59000000001
130819,36134.60100000002
130820,37309.59800000002
130821,36866.60400000002
130822,37087.61400000002
130823,36549.613000000005
130824,37623.596000000005
130825,37785.58600000001
130826,36205.59600000001
130827,35401.60000000001
130828,36371.60100000002
130829,36564.61100000001
130830,35288.61900000001
130831,35973.61300000001
130832,36334.61200000001
130833,36096.61000000001
130834,36227.61000000001
130835,37211.60400000001
130836,36796.611000000004
130837,38228.60800000001
130838,39289.599
130839,39390.597
130840,38953.582
130841,38873.59000000001
130842,37965.58400000001
130843,37377.58800000001
130844,36023.59600000001
130845,34958.592000000004
130846,35958.584
130847,34868.587
130848,33857.58200000001
130849,33141.578000000016
130850,34302.563
130851,34383.55000000001
130852,34245.55100000001
130853,34106.55200000001
130854,34087.552
130855,33210.551000000014
130856,32231.557000000023
130857,31893.560000000016
130858,31901.549000000017
130859,32103.549000000017
130860,31849.559000000016
130861,31768.556000000015
130862,32687.544000000016
130863,32449.54200000002
130864,33118.536000000015
130865,34407.53400000001
130866,33820.52700000001
130867,34365.524000000005
130868,35516.517
130869,36044.51500000001
130870,34321.52500000001
130871,35023.515
130872,33770.52400000001
130873,33430.526000000005
130874,32242.523000000016
130875,32269.50900000002
130876,33084.506000000016
130877,33204.50400000001
130878,31843.506000000016
130879,31449.502000000015
130880,33107.502000000015
130881,32182.507000000016
130882,32472.502000000015
130883,32021.504000000015
130884,32342.50400000001
130885,31216.500000000015
130886,30893.49600000001
130887,30661.50100000001
130888,31056.505000000012
130889,30800.50100000001
130890,29205.502000000015
130891,29073.49700000001
130892,29611.503000000008
130893,29576.50400000001
130894,29612.50400000001
130895,30313.496000000014
130896,30194.499000000014
130897,30026.509000000013
130898,31324.506000000016
130899,32173.501000000015
130900,31699.499000000014
130901,32070.500000000015
130902,31419.496000000014
130903,30805.503000000015
130904,30130.509000000013
130905,30898.50300000001
130906,31947.49200000001
130907,31213.49900000001
130908,28555.50400000001
130909,27872.49200000001
130910,29418.49300000001
130911,29040.488000000012
130912,29685.488000000012
130913,29598.48500000001
130914,29616.48400000001
130915,28112.48000000001
130916,26381.48300000001
130917,26492.48100000001
130918,26699.47400000001
130919,26821.474000000013
130920,26010.47000000001
130921,26272.46900000001
130922,25877.471000000005
130923,25520.465000000007
130924,25890.465000000007
130925,26970.46700000001
130926,28030.45400000001
130927,28487.46000000001
130928,29603.467000000008
130929,30566.466000000008
130930,29795.46200000001
130931,30069.451000000012
130932,28934.445000000014
130933,28995.447000000015
130934,28475.444000000014
130935,29023.442000000014
130936,29756.436000000016
130937,29005.43200000001
130938,27212.439000000013
130939,25750.444000000014
130940,26955.436000000012
130941,26238.43600000001
130942,26218.43500000001
130943,26358.432000000008
130944,25628.435000000012
130945,24286.434000000012
130946,22337.43100000001
130947,22531.43300000001
130948,22201.436000000012
130949,22599.43600000001
130950,22604.436000000012
130951,22862.440000000013
130952,23185.44000000001
130953,23151.44100000001
130954,23240.44200000001
130955,23412.44200000001
130956,24757.43800000001
130957,25497.43500000001
130958,26770.43100000001
130959,27167.42400000001
130960,25352.42600000001
130961,25816.426000000007
130962,25059.420000000002
130963,25176.417000000005
130964,26091.413000000004
130965,26224.418
130966,26064.423000000003
130967,24656.420000000002
130968,22838.419000000005
130969,21816.423000000003
130970,21777.421000000006
130971,21075.419000000005
130972,21797.408000000007
130973,21889.403000000002
130974,22499.393000000004
130975,22287.387000000002
130976,20690.398
130977,20700.405
130978,21002.405000000002
130979,21036.408000000003
130980,22352.407
130981,22288.403000000002
130982,21998.405000000002
130983,21588.41
130984,19896.412
130985,18901.409
130986,19895.408
130987,20133.401
130988,21247.399
130989,21459.406000000003
130990,19951.410000000003
130991,20188.406000000003
130992,20509.401
130993,21444.4
130994,22398.406000000003
130995,22768.402
130996,22783.398999999998
130997,22128.404
130998,20945.411
130999,19998.414999999997
131000,19118.416
131001,18983.412
131002,18497.413
131003,18740.404
131004,19592.39
131005,20233.384
131006,19688.377999999997
131007,19953.372999999996
131008,20354.362999999998
131009,20316.351999999995
131010,20796.349999999995
131011,20903.358999999993
131012,20644.354999999996
131013,20229.355999999996
131014,17759.362999999998
131015,17095.361
131016,15753.359000000002
131017,14758.366000000002
131018,14419.362000000003
131019,13960.369000000002
131020,13036.371000000001
131021,13327.379000000003
131022,13063.387000000004
131023,13063.385000000004
131024,14871.395000000006
131025,14672.391000000007
131026,14970.396000000012
131027,15236.40200000001
131028,14756.411000000011
131029,14515.415000000012
131030,14308.427000000014
131031,12502.439000000015
131032,11234.449000000015
131033,10429.47000000002
131034,9105.481000000018
131035,7841.498000000014
131036,6466.516000000013
131037,4459.549000000011
131038,3739.575000000011
131039,689.6179999999982
131040,1893.4489999999967
131041,3702.434000000015
131042,5572.425000000013
131043,6632.416000000016
131044,8272.403000000022
131045,9195.395000000022
131046,9647.391000000021
131047,10527.391000000021
131048,11474.387000000019
131049,11936.387000000019
131050,15391.383000000016
131051,14914.377000000015
131052,13975.378000000015
131053,13477.383000000014
131054,12162.383000000013
131055,12249.384000000011
131056,13208.384000000007
131057,13173.375000000005
131058,13283.372000000003
131059,13481.371000000001
131060,11263.367
131061,12498.358
131062,13503.354
131063,15003.345000000001
131064,15731.339000000002
131065,16139.334
131066,17572.329
131067,19080.316
131068,19845.314
131069,20735.307999999997
131070,20250.308999999997
131071,19715.311999999998
131072,19945.311999999998
131073,18735.314
131074,20660.309999999998
131075,20180.317
131076,19411.322
131077,19103.329
131078,18721.327
131079,19291.322
131080,19676.324
131081,20961.323
131082,19986.32
131083,20348.311999999998
131084,18643.312
131085,19213.31
131086,18648.306
131087,18693.31
131088,18578.312000000005
131089,17808.306000000004
131090,17523.309
131091,16188.305000000004
131092,16465.304
131093,16428.304000000004
131094,16181.306
131095,16176.301000000003
131096,16294.301000000003
131097,16894.291000000005
131098,17159.277000000002
131099,17341.271000000004
131100,17384.272
131101,17994.267000000003
131102,18597.258
131103,18297.248000000003
131104,17887.247000000003
131105,17072.248000000003
131106,17037.243000000002
131107,16927.245000000003
131108,17262.238000000005
131109,17584.239000000005
131110,17799.232000000004
131111,18989.231000000003
131112,18392.219
131113,18007.215000000004
131114,17999.211000000003
131115,18182.206000000002
131116,18747.204000000005
131117,18752.202000000005
131118,19357.197000000004
131119,18309.196000000004
131120,18118.193000000003
131121,16726.196000000004
131122,16523.199000000004
131123,17691.200000000004
131124,17876.204000000005
131125,18051.208000000006
131126,17466.209000000006
131127,17266.208000000006
131128,16117.206000000006
131129,16497.209000000006
131130,16517.211000000007
131131,17137.208000000006
131132,17517.209000000006
131133,17082.214000000007
131134,16692.215000000007
131135,16707.218000000004
131136,16717.217000000004
131137,18104.214000000007
131138,18684.215000000004
131139,18709.212000000003
131140,18717.212000000003
131141,18332.212000000003
131142,17747.212000000003
131143,16222.209000000003
131144,16002.214000000004
131145,16207.214000000005
131146,17369.214000000004
131147,16984.213000000003
131148,17764.211000000003
131149,17394.211000000007
131150,18174.211000000003
131151,18584.207000000002
131152,18583.206000000006
131153,20100.209000000003
131154,20488.209000000003
131155,19893.208000000002
131156,19136.206000000002
131157,19316.207000000002
131158,17166.209000000003
131159,17176.207000000002
131160,17176.207000000002
131161,17734.208000000002
131162,18739.202
131163,19519.202
131164,19724.202
131165,19914.203
131166,19519.205
131167,20332.205
131168,21717.201
131169,22319.198
131170,22324.197
131171,21929.198
131172,21334.2
131173,19551.202
131174,19346.205
131175,19971.2
131176,20951.199
131177,19594.201
131178,20364.201
131179,20166.202
131180,20716.205
131181,20521.205
131182,20139.205
131183,21316.202
131184,21911.202
131185,21091.205
131186,20309.204
131187,20304.206000000002
131188,19319.207000000002
131189,19139.207000000002
131190,18369.205
131191,18759.204000000005
131192,19354.202
131193,19404.198
131194,18997.201
131195,19192.201
131196,19964.2
131197,20314.205
131198,20712.204
131199,20877.210000000003
131200,22047.210000000003
131201,22037.207000000002
131202,23382.202
131203,22977.203
131204,22167.206000000002
131205,21577.207000000002
131206,22552.207000000002
131207,21932.212000000003
131208,21967.211000000003
131209,22549.211000000003
131210,21939.214000000004
131211,22154.211000000003
131212,21774.210000000003
131213,21789.209000000003
131214,22949.209000000003
131215,22934.212000000003
131216,22169.209000000003
131217,22397.206000000002
131218,22189.208000000002
131219,21809.208000000002
131220,21059.206000000002
131221,20831.209000000003
131222,20633.208000000002
131223,20833.205
131224,20492.202
131225,20322.2
131226,20517.2
131227,20907.199
131228,21304.196
131229,20479.203
131230,21874.199
131231,21891.199
131232,22226.203
131233,22246.2
131234,21677.2
131235,21282.203
131236,22254.203
131237,21679.2
131238,21479.201
131239,22029.202
131240,22019.203
131241,22227.203
131242,22227.2
131243,22667.194000000003
131244,24199.192000000003
131245,24779.193000000003
131246,23584.196000000004
131247,23412.196000000004
131248,23607.193000000003
131249,22832.194000000003
131250,22227.197000000004
131251,21847.195000000003
131252,21067.194000000003
131253,20847.195000000003
131254,21062.188000000002
131255,20872.189000000002
131256,20816.195000000003
131257,22391.191000000003
131258,22011.192000000003
131259,21178.198
131260,21371.2
131261,20786.197000000004
131262,21191.194000000003
131263,21616.192000000003
131264,20838.192000000003
131265,20643.190000000002
131266,21838.188000000002
131267,21911.179000000004
131268,23236.18
131269,23408.179
131270,23238.178000000004
131271,23253.179000000004
131272,23828.181000000004
131273,23243.181000000004
131274,24196.186000000005
131275,24611.184000000005
131276,24781.185000000005
131277,23988.186000000005
131278,23593.190000000006
131279,24398.188000000006
131280,24585.192000000006
131281,23628.196000000007
131282,23438.195000000007
131283,23238.194000000003
131284,22910.190000000006
131285,22720.190000000006
131286,22180.188000000002
131287,22970.185
131288,22177.190000000002
131289,21186.192000000003
131290,20408.194000000003
131291,19627.194000000003
131292,19454.195000000007
131293,19267.199000000004
131294,19690.195000000003
131295,19707.198000000004
131296,21242.198
131297,20854.197
131298,22409.201000000005
131299,23440.2
131300,23475.203
131301,24499.2
131302,25534.202
131303,24918.206000000002
131304,25740.208000000002
131305,26150.206000000002
131306,26954.204
131307,26424.204
131308,25879.204
131309,24884.207000000002
131310,26509.198000000004
131311,25544.204
131312,24199.205
131313,24660.204
131314,23700.206000000002
131315,24064.207000000002
131316,22719.207000000002
131317,23107.211000000003
131318,22786.209000000003
131319,22207.209000000003
131320,22271.207000000002
131321,21278.209000000003
131322,21663.209000000003
131323,20877.213000000003
131324,21076.212000000003
131325,20970.206000000002
131326,22525.212000000003
131327,22530.213000000003
131328,23718.212000000003
131329,24656.215000000004
131330,24960.212000000003
131331,26137.210000000003
131332,25979.214000000004
131333,26359.213000000003
131334,27366.213000000003
131335,28386.210000000003
131336,28773.215000000004
131337,28277.213000000003
131338,28477.211000000003
131339,28458.212000000003
131340,28709.211000000003
131341,28519.211000000003
131342,27924.212000000003
131343,27743.212000000003
131344,27633.208000000006
131345,27076.209000000006
131346,26004.205000000005
131347,26211.202000000005
131348,25638.204000000005
131349,24427.211000000003
131350,24101.219000000005
131351,23170.219000000005
131352,25123.216000000004
131353,24707.217000000004
131354,25372.210000000003
131355,25203.210000000003
131356,26005.211000000003
131357,25808.210000000003
131358,27677.205
131359,27457.207000000002
131360,27018.207000000002
131361,27631.211000000003
131362,27639.209000000003
131363,27706.205
131364,28535.203
131365,29438.2
131366,29445.205
131367,28729.203
131368,28516.210000000003
131369,28789.206000000002
131370,28578.202
131371,29183.199000000004
131372,28553.201000000005
131373,27801.204
131374,26656.207000000002
131375,26461.208
131376,25488.208000000002
131377,25603.209
131378,24853.214
131379,24236.216
131380,24596.214
131381,23796.212
131382,25624.206
131383,25080.205
131384,25840.209
131385,26400.213
131386,26973.215
131387,26771.216
131388,27625.212
131389,27669.213
131390,26877.213
131391,27495.214000000004
131392,27293.22
131393,27935.215000000004
131394,28023.213
131395,28768.208000000002
131396,28697.209000000003
131397,28182.205
131398,27868.204
131399,28259.203000000005
131400,27313.202000000005
131401,27868.206000000006
131402,27126.204000000005
131403,26328.205000000005
131404,26268.207000000006
131405,26604.209000000006
131406,25850.205000000005
131407,25731.203000000005
131408,25385.200000000004
131409,24984.203000000005
131410,25757.206000000006
131411,25223.208000000006
131412,26967.206000000006
131413,27160.212000000003
131414,28388.212000000003
131415,28478.219000000005
131416,29999.223000000005
131417,30438.217000000004
131418,31238.220000000005
131419,31595.226000000006
131420,36884.227
131421,37064.23300000001
131422,36868.24600000001
131423,36882.249
131424,36649.253000000004
131425,36652.24800000001
131426,37396.249
131427,36915.246
131428,36128.26000000001
131429,35821.269
131430,34553.272000000004
131431,34357.269
131432,32820.269
131433,32783.269
131434,33422.26700000001
131435,33635.269
131436,33679.269
131437,33324.273
131438,32978.277
131439,32261.280000000002
131440,32634.281000000003
131441,31997.274
131442,34168.274000000005
131443,34342.273
131444,35112.276
131445,36241.276
131446,40240.269
131447,39769.277
131448,40490.274999999994
131449,40129.284
131450,39522.283
131451,38993.279
131452,39148.277
131453,40121.27500000001
131454,40087.281
131455,39720.279
131456,40427.278999999995
131457,39708.277
131458,39481.277
131459,33466.285
131460,32082.284000000003
131461,31108.282000000007
131462,30746.280000000006
131463,30678.280000000006
131464,31404.286000000007
131465,32411.276000000005
131466,32275.270000000004
131467,32657.273000000005
131468,33217.273
131469,32007.271000000004
131470,32579.271000000004
131471,30889.279000000006
131472,32187.275000000005
131473,32363.271000000004
131474,33197.267
131475,33812.261
131476,34889.261000000006
131477,35380.25099999999
131478,33511.243
131479,33913.241
131480,35604.238999999994
131481,35331.241
131482,34886.241
131483,35268.244
131484,34615.242000000006
131485,34321.24
131486,34942.226
131487,34969.219000000005
131488,33977.219000000005
131489,33777.21400000001
131490,32519.215000000007
131491,32351.210000000006
131492,31273.201000000005
131493,30923.198000000004
131494,30933.194000000007
131495,31534.189000000006
131496,31320.183000000005
131497,31020.185000000005
131498,32329.183000000005
131499,31337.184000000005
131500,31537.184000000005
131501,31621.178000000004
131502,32977.171
131503,32548.166000000005
131504,32951.162000000004
131505,33724.159
131506,33666.157
131507,34593.157999999996
131508,35540.149
131509,36095.140999999996
131510,36487.136999999995
131511,37032.12699999999
131512,36579.12899999999
131513,37184.123999999996
131514,37751.119999999995
131515,36798.119999999995
131516,37569.117999999995
131517,36924.123999999996
131518,35796.121
131519,41892.117
131520,41511.11600000001
131521,40707.118
131522,39699.11600000001
131523,39708.113000000005
131524,40271.11600000001
131525,40431.119000000006
131526,39639.12000000001
131527,38894.114
131528,39219.11600000001
131529,38044.115000000005
131530,38755.115000000005
131531,38900.116
131532,40244.116
131533,39685.114
131534,39090.114
131535,40020.114
131536,39967.10800000001
131537,40574.108
131538,41547.106999999996
131539,41354.107999999986
131540,41539.106999999996
131541,42391.10399999999
131542,42442.099
131543,43039.095
131544,42467.09299999999
131545,41262.095
131546,42026.094
131547,41329.09299999999
131548,41113.092
131549,41730.087999999996
131550,40560.084
131551,40349.08500000001
131552,39569.083000000006
131553,39416.090000000004
131554,39387.08900000001
131555,39965.08900000001
131556,39104.09100000001
131557,38817.09000000001
131558,38643.088
131559,38706.08500000001
131560,39000.09100000001
131561,38323.088
131562,39728.084
131563,39707.08500000001
131564,34042.08500000001
131565,35027.083
131566,35375.083999999995
131567,36220.07899999999
131568,36394.07899999999
131569,36399.077999999994
131570,37024.073
131571,37583.073
131572,35283.073
131573,34814.075000000004
131574,34659.073000000004
131575,32704.074000000004
131576,33711.07
131577,32896.07000000001
131578,32875.06800000001
131579,32850.067
131580,32665.064000000006
131581,32260.059000000005
131582,31115.058000000005
131583,31160.059000000005
131584,32040.054000000004
131585,32005.056000000004
131586,31195.057000000004
131587,30895.054000000004
131588,30685.057000000004
131589,30655.058000000005
131590,31790.060000000005
131591,32180.060000000005
131592,33350.060000000005
131593,33780.057
131594,33975.057
131595,34990.054000000004
131596,34560.058000000005
131597,34385.059
131598,34180.061
131599,34320.062000000005
131600,33170.064000000006
131601,33515.069
131602,33705.07000000001
131603,34080.07000000001
131604,33195.06800000001
131605,32610.068000000007
131606,33050.06800000001
131607,32720.068000000007
131608,36890.06700000001
131609,36460.07200000001
131610,35735.07100000001
131611,34935.07000000001
131612,33740.07000000001
131613,34360.06800000001
131614,34790.065
131615,35000.06700000001
131616,34615.066000000006
131617,35015.069
131618,35105.07400000001
131619,35510.07100000001
131620,36285.07200000001
131621,36435.07200000001
131622,38255.069
131623,37745.065
131624,38920.065
131625,38950.065
131626,41225.065
131627,40610.06599999999
131628,41755.06599999999
131629,42405.064
131630,41330.061
131631,41910.062999999995
131632,41700.06599999999
131633,41505.068
131634,35610.07000000001
131635,35160.07200000001
131636,35905.075000000004
131637,35620.078
131638,34263.079000000005
131639,33763.07800000001
131640,31688.07700000001
131641,31113.075000000008
131642,29753.075000000008
131643,29883.07900000001
131644,29328.07800000001
131645,30143.07600000001
131646,29588.075000000008
131647,30418.075000000008
131648,31033.075000000008
131649,31203.07600000001
131650,32173.07800000001
131651,32943.075000000004
131652,34503.07600000001
131653,34093.07000000001
131654,34673.071
131655,34273.07400000001
131656,34533.071
131657,32663.072000000007
131658,33673.07000000001
131659,33743.066000000006
131660,31798.065000000006
131661,38163.062000000005
131662,38733.06000000001
131663,38603.05700000001
131664,38378.058000000005
131665,37783.060000000005
131666,39043.05700000001
131667,38713.05500000001
131668,37988.058000000005
131669,37568.06100000001
131670,38973.058000000005
131671,37243.058000000005
131672,36098.058000000005
131673,36623.06100000001
131674,36558.06500000001
131675,36558.06500000001
131676,35748.066000000006
131677,31228.06600000001
131678,32503.06000000001
131679,33458.060000000005
131680,34528.056000000004
131681,34773.056000000004
131682,35713.058
131683,35098.060000000005
131684,35463.06
131685,35290.061
131686,34825.066
131687,34630.067
131688,34390.07200000001
131689,33630.073
131690,31715.07200000001
131691,31965.07100000001
131692,31745.073000000008
131693,31425.06900000001
131694,30780.073000000008
131695,30450.073000000008
131696,32265.070000000007
131697,31460.070000000007
131698,30855.070000000007
131699,30090.072000000007
131700,31115.076000000012
131701,29780.076000000012
131702,29190.07700000001
131703,30330.078000000012
131704,30855.080000000013
131705,31180.074000000008
131706,30455.07300000001
131707,30835.07500000001
131708,31745.07800000001
131709,32190.077000000012
131710,32615.07500000001
131711,33640.07600000001
131712,34250.07600000001
131713,33725.07400000001
131714,33755.073000000004
131715,33385.07400000001
131716,33530.07400000001
131717,33900.07400000001
131718,33815.072
131719,33430.071
131720,31490.06900000001
131721,31265.07100000001
131722,30970.06800000001
131723,30235.06400000001
131724,29485.06400000001
131725,29515.06300000001
131726,33060.059
131727,32900.05700000001
131728,32515.056000000008
131729,32650.058000000008
131730,34570.059
131731,33408.058000000005
131732,34683.05700000001
131733,36313.05300000001
131734,36868.05400000001
131735,37033.05500000001
131736,36153.060000000005
131737,42508.05900000001
131738,43263.05900000001
131739,42973.06300000001
131740,42633.064
131741,44043.066000000006
131742,43833.07000000001
131743,44278.065
131744,44663.068
131745,43883.068
131746,43828.069
131747,43265.06999999999
131748,43595.072
131749,43415.076
131750,41640.075
131751,41070.072
131752,40640.075
131753,40085.07400000001
131754,39145.07300000001
131755,38870.07100000001
131756,39165.06700000001
131757,38350.07100000001
131758,37370.07300000001
131759,37960.068000000014
131760,40595.062000000005
131761,39215.06500000001
131762,39385.06500000001
131763,39705.06900000001
131764,40565.064
131765,40980.064
131766,40960.064
131767,40925.066000000006
131768,41820.065
131769,41435.065
131770,42150.068
131771,44585.064
131772,39900.062999999995
131773,39240.068999999996
131774,41000.06899999999
131775,40435.069999999985
131776,40795.073
131777,41005.07199999999
131778,40700.06999999999
131779,40765.06699999999
131780,37560.068999999996
131781,36945.07
131782,36395.068999999996
131783,35715.064
131784,34770.06300000001
131785,34160.07000000001
131786,34295.07400000001
131787,34150.06900000001
131788,30660.07400000001
131789,31710.07000000001
131790,34185.06900000001
131791,32230.07100000001
131792,32235.07100000001
131793,33225.07300000001
131794,31610.079000000012
131795,31365.079000000012
131796,31470.077000000012
131797,32870.07500000001
131798,33400.07600000001
131799,32630.06900000001
131800,34275.06300000001
131801,36490.05899999999
131802,38055.05799999999
131803,38020.05999999999
131804,39320.058999999994
131805,39145.06
131806,39360.061
131807,38680.058
131808,39015.05999999999
131809,37895.06399999999
131810,34980.06599999999
131811,34455.063
131812,34520.06
131813,32840.05900000001
131814,32830.06100000001
131815,32420.060000000012
131816,32650.05800000001
131817,31640.060000000012
131818,31150.061000000012
131819,31680.06200000001
131820,33450.06300000001
131821,31575.06700000001
131822,31958.06300000001
131823,35583.061
131824,34568.063
131825,35168.060000000005
131826,35143.060000000005
131827,35858.063
131828,36398.058
131829,35968.060999999994
131830,36413.06
131831,37480.06599999999
131832,38015.066
131833,38785.06899999999
131834,39665.06599999999
131835,40155.06199999999
131836,40815.06799999999
131837,40560.06999999999
131838,41175.06999999999
131839,40360.07199999999
131840,37667.07199999999
131841,37422.073
131842,36667.07400000001
131843,35114.073000000004
131844,36315.07000000001
131845,35205.068
131846,34415.074
131847,33610.073000000004
131848,33195.07300000001
131849,33430.07000000001
131850,35575.07
131851,33445.07200000001
131852,34390.073
131853,34980.072
131854,33535.079000000005
131855,34318.079000000005
131856,34018.079000000005
131857,34371.081
131858,33990.081
131859,34138.08700000001
131860,34273.086
131861,36452.083000000006
131862,36007.091
131863,37194.088
131864,37314.084
131865,37871.086
131866,38661.085
131867,38935.081
131868,40135.08
131869,39295.082
131870,37490.081999999995
131871,37341.081
131872,36322.083
131873,35139.081
131874,35984.077999999994
131875,35069.076
131876,35464.075
131877,35042.076
131878,34429.077
131879,34194.081999999995
131880,36063.078
131881,33718.079
131882,34510.077
131883,35148.077000000005
131884,35605.074
131885,35982.072
131886,35797.070999999996
131887,35662.068999999996
131888,35026.076
131889,35031.077
131890,36206.076
131891,37996.074
131892,37782.077000000005
131893,38397.076
131894,38242.074
131895,38859.073
131896,39424.073
131897,39907.079
131898,39405.087
131899,39642.084
131900,37697.083000000006
131901,37947.08200000001
131902,37132.084
131903,35849.079000000005
131904,35837.082
131905,34217.08600000001
131906,33962.088
131907,33705.09000000001
131908,33383.08700000001
131909,33383.08700000001
131910,34896.09100000001
131911,33355.08900000001
131912,34580.084
131913,36100.08900000001
131914,35432.092000000004
131915,35478.092000000004
131916,34903.09100000001
131917,34724.096000000005
131918,35249.10300000001
131919,35189.107
131920,35219.10900000001
131921,36182.111000000004
131922,36152.11200000001
131923,35157.119000000006
131924,36064.122
131925,36619.119000000006
131926,37973.121
131927,38760.12100000001
131928,39313.126000000004
131929,39606.12700000001
131930,37991.130000000005
131931,37304.130000000005
131932,36798.12800000001
131933,35683.12800000001
131934,35630.12900000001
131935,34650.131
131936,34536.131
131937,34140.136000000006
131938,33190.13900000001
131939,33355.145000000004
131940,34984.14800000001
131941,34980.151000000005
131942,35340.155000000006
131943,36816.15900000001
131944,36666.16000000001
131945,36811.156
131946,36691.15700000001
131947,36561.16
131948,36806.15900000001
131949,36377.164000000004
131950,36827.164
131951,38192.167
131952,37971.170000000006
131953,37664.173
131954,37503.175
131955,35428.178
131956,36838.176999999996
131957,37115.174999999996
131958,40390.179
131959,40630.178
131960,38875.178
131961,38075.18
131962,37092.184
131963,35855.188
131964,35913.198000000004
131965,35255.203
131966,34731.206
131967,34769.211
131968,33996.215000000004
131969,33785.219000000005
131970,35617.218
131971,34421.219000000005
131972,35369.221000000005
131973,36443.227000000006
131974,36592.229
131975,36922.229999999996
131976,36722.23100000001
131977,36511.23500000001
131978,36925.228
131979,36566.23
131980,36293.234000000004
131981,37904.238
131982,38195.238
131983,37325.239
131984,37459.241
131985,38312.242000000006
131986,38616.247
131987,38807.248
131988,39700.248
131989,40223.246
131990,38651.248999999996
131991,38773.247
131992,37870.246
131993,37521.245
131994,37759.245
131995,36772.24900000001
131996,36883.25
131997,37742.25
131998,37499.253000000004
131999,37754.255
132000,39335.258
132001,38518.259
132002,39255.263000000006
132003,40908.26200000001
132004,41412.257000000005
132005,40777.26200000001
132006,41184.26700000001
132007,40285.270000000004
132008,40103.26900000001
132009,39122.27000000001
132010,38630.27300000001
132011,39804.280000000006
132012,40898.27500000001
132013,39949.28400000001
132014,39596.285
132015,40744.28300000001
132016,40486.28600000001
132017,40756.28800000001
132018,41364.29200000001
132019,42073.293000000005
132020,38279.299000000006
132021,37907.29800000001
132022,36786.30100000001
132023,36169.303
132024,36249.308
132025,35963.316
132026,35570.319
132027,35938.32400000001
132028,35764.31900000001
132029,36498.31900000001
132030,38830.31100000001
132031,37912.312000000005
132032,37703.314000000006
132033,39080.310000000005
132034,39384.314000000006
132035,38078.32
132036,38542.32
132037,37720.328
132038,37778.327000000005
132039,36777.33000000001
132040,36703.331000000006
132041,38033.332
132042,38397.339
132043,38558.34100000001
132044,38788.33500000001
132045,38526.341
132046,38785.341
132047,39126.345
132048,40006.33900000001
132049,41098.34100000001
132050,39723.34500000001
132051,38989.34500000001
132052,38499.35000000001
132053,38192.35200000001
132054,39090.35100000001
132055,39186.35500000001
132056,39035.35300000001
132057,39286.356000000014
132058,38830.36100000001
132059,38755.36300000001
132060,40308.36900000002
132061,39818.36900000003
132062,40378.370000000024
132063,41055.36700000003
132064,40342.374000000025
132065,40090.378000000026
132066,40335.38100000002
132067,40271.376000000026
132068,41034.38000000003
132069,40305.38500000003
132070,40512.38600000003
132071,40644.39600000003
132072,41230.40100000003
132073,40819.40400000003
132074,41071.406000000025
132075,41266.406000000025
132076,41909.40100000002
132077,48129.39400000002
132078,48958.39400000002
132079,49412.39600000002
132080,48058.410000000025
132081,47685.412000000026
132082,47493.42200000002
132083,47508.42300000002
132084,48020.42400000002
132085,48168.42600000002
132086,47210.43100000002
132087,47716.439000000006
132088,46554.43700000001
132089,47202.441000000006
132090,47986.45000000001
132091,47117.45100000001
132092,47548.45300000001
132093,48293.461
132094,47666.46400000001
132095,47315.47100000001
132096,41594.47800000001
132097,40981.48600000001
132098,41198.49000000001
132099,40042.49800000001
132100,40245.49600000001
132101,41017.49400000001
132102,41478.500000000015
132103,41262.49800000001
132104,41351.49800000001
132105,41404.50700000001
132106,41217.52300000001
132107,43679.52200000001
132108,44638.52300000001
132109,44909.52200000001
132110,44215.52500000001
132111,43666.53100000001
132112,42110.537000000004
132113,42398.54200000001
132114,42409.54400000001
132115,43477.54800000001
132116,43363.56000000002
132117,43995.558000000005
132118,43054.55600000001
132119,43725.554000000004
132120,45037.55200000001
132121,44323.54800000001
132122,44457.549000000006
132123,45722.54200000001
132124,46024.54200000001
132125,45918.54600000001
132126,45227.55000000002
132127,45312.549000000006
132128,45471.55200000001
132129,45108.55500000001
132130,44890.55400000002
132131,45682.564000000006
132132,46034.566000000006
132133,44847.56600000001
132134,44684.571
132135,43325.57600000001
132136,43382.57900000001
132137,43153.58000000001
132138,44268.57700000001
132139,44786.57100000001
132140,43227.57500000001
132141,42631.57900000001
132142,42343.57900000001
132143,41726.59100000001
132144,42197.591000000015
132145,42758.59000000001
132146,43611.59000000001
132147,44012.58700000001
132148,43647.587000000014
132149,44422.58800000001
132150,45667.59100000001
132151,42140.603
132152,42693.61000000001
132153,43644.607
132154,45676.61700000002
132155,45618.62000000002
132156,46028.610000000015
132157,46194.61100000002
132158,45423.62000000002
132159,44562.62400000001
132160,45161.61800000002
132161,45345.623
132162,45130.61700000001
132163,44642.62300000001
132164,44535.63200000001
132165,44742.61600000001
132166,44523.61500000001
132167,44211.62200000001
132168,44759.617000000006
132169,44912.60900000001
132170,43981.61000000001
132171,43372.616000000016
132172,42984.62200000001
132173,42362.619
132174,42702.628000000004
132175,43938.61700000001
132176,44355.61500000001
132177,44522.62000000002
132178,43402.63200000001
132179,44974.62400000001
132180,45079.633000000016
132181,44605.63700000001
132182,45305.63100000001
132183,45680.638000000006
132184,43850.636
132185,43045.637
132186,42816.63400000001
132187,43582.629000000015
132188,43636.618
132189,42938.624
132190,42931.62400000001
132191,44365.619000000006
132192,44423.61800000001
132193,44063.628000000004
132194,44172.632000000005
132195,43710.64000000001
132196,43546.64400000001
132197,42516.64900000001
132198,42789.653000000006
132199,41391.649000000005
132200,41559.644
132201,41776.645000000004
132202,41608.648
132203,41394.64300000002
132204,40353.63900000001
132205,40411.639
132206,41624.62800000001
132207,41794.631000000016
132208,40733.64200000001
132209,43316.63300000001
132210,43745.61800000001
132211,42757.62
132212,42651.627000000015
132213,42732.62800000001
132214,43620.623000000014
132215,42614.62800000001
132216,42267.63400000001
132217,42400.63600000001
132218,41626.642000000014
132219,41281.64700000002
132220,41818.642000000014
132221,43095.63800000001
132222,42845.63500000001
132223,43154.63200000001
132224,43308.62700000002
132225,44012.62500000002
132226,43880.625000000015
132227,43476.627000000015
132228,43274.640000000014
132229,40862.62600000002
132230,41332.628000000026
132231,41148.62900000002
132232,41550.63200000002
132233,40854.63700000002
132234,40729.640000000014
132235,40516.644000000015
132236,40630.642000000014
132237,40423.652000000024
132238,40314.64300000002
132239,41654.64300000001
132240,40411.66000000001
132241,40041.65400000002
132242,40550.646
132243,41492.63500000001
132244,42167.62900000001
132245,42084.61800000001
132246,42004.632000000005
132247,42453.629000000015
132248,42177.62600000001
132249,41809.633000000016
132250,42237.629000000015
132251,43261.61300000001
132252,42220.62000000001
132253,41689.62000000001
132254,41111.616000000016
132255,40763.625000000015
132256,40787.626000000004
132257,39503.62200000001
132258,39165.609000000004
132259,36440.617
132260,35867.617000000006
132261,35349.621
132262,34758.623
132263,34598.60800000001
132264,34671.60600000001
132265,34132.59400000001
132266,34294.59800000001
132267,35330.588
132268,36245.58000000001
132269,37272.578
132270,37043.581000000006
132271,35768.587
132272,36393.584
132273,36460.582
132274,36901.583000000006
132275,36874.58
132276,37523.582
132277,37271.577000000005
132278,35869.572
132279,36714.573000000004
132280,37368.573000000004
132281,37612.569
132282,36924.56300000001
132283,36876.568000000014
132284,36575.56900000001
132285,37168.566000000006
132286,35660.56600000001
132287,34553.57500000001
132288,35247.56300000001
132289,32581.560000000027
132290,31951.561000000027
132291,32105.562000000024
132292,31618.558000000023
132293,31525.558000000023
132294,31413.555000000022
132295,30929.56000000002
132296,31106.554000000022
132297,31407.559000000023
132298,31964.544000000024
132299,33084.540000000015
132300,32158.543000000023
132301,31023.544000000024
132302,31440.538000000026
132303,30366.542000000027
132304,31208.544000000024
132305,31423.547000000024
132306,32369.551000000025
132307,32483.553000000025
132308,31591.549000000025
132309,31659.553000000025
132310,32173.544000000024
132311,32237.538000000026
132312,32074.527000000024
132313,32188.522000000026
132314,31680.517000000025
132315,31781.504000000026
132316,30794.501000000022
132317,29871.509000000024
132318,30719.514000000025
132319,29677.501000000022
132320,30129.505000000023
132321,30789.500000000022
132322,30142.489000000023
132323,30520.48500000002
132324,30890.482000000018
132325,30553.47400000002
132326,30307.47300000002
132327,29514.479000000018
132328,28562.485000000015
132329,30403.478000000017
132330,30118.481000000014
132331,29504.477000000017
132332,29681.48700000002
132333,29340.494000000013
132334,29348.498000000018
132335,30596.504000000015
132336,31473.498000000018
132337,31663.488000000016
132338,31350.498000000018
132339,30031.49500000002
132340,30059.495000000014
132341,29531.50200000002
132342,29731.498000000018
132343,29807.493000000017
132344,29658.490000000016
132345,29485.480000000018
132346,27667.481000000018
132347,27814.48400000002
132348,27220.494000000017
132349,26975.499000000018
132350,26799.49300000002
132351,26714.499000000018
132352,25824.50100000002
132353,25568.498000000018
132354,26762.49100000002
132355,26066.49100000002
132356,26817.47000000002
132357,26600.466000000026
132358,26735.46300000002
132359,27318.45300000002
132360,27428.453000000023
132361,27401.449000000022
132362,28764.44300000002
132363,28665.444000000018
132364,28107.44800000002
132365,28988.44900000002
132366,29463.441000000017
132367,28724.442000000017
132368,29090.429000000015
132369,28140.434000000016
132370,27736.434000000016
132371,27187.440000000017
132372,26811.43900000002
132373,27156.438000000016
132374,26814.441000000013
132375,25842.437000000016
132376,25233.436000000016
132377,24735.44800000001
132378,24201.446000000014
132379,23806.444000000014
132380,23678.444000000014
132381,23150.45800000001
132382,21837.44900000001
132383,21344.451000000012
132384,22409.450000000008
132385,22564.442000000014
132386,22489.44300000001
132387,23255.435000000012
132388,23847.441000000013
132389,24086.436000000012
132390,24308.42400000001
132391,24760.420000000013
132392,26042.42300000001
132393,25822.42000000001
132394,26212.42700000001
132395,26652.42500000001
132396,26973.42600000001
132397,25611.431000000008
132398,25571.42600000001
132399,24544.42300000001
132400,23795.428000000007
132401,23457.42300000001
132402,23969.426000000007
132403,24868.41600000001
132404,24108.423000000006
132405,21907.424000000006
132406,21763.430000000008
132407,22942.435000000005
132408,21985.428000000004
132409,22585.422000000006
132410,22766.421000000006
132411,22097.419000000005
132412,20192.427000000007
132413,19235.429000000007
132414,18948.42500000001
132415,18638.42600000001
132416,18451.432000000008
132417,18379.43500000001
132418,18507.43500000001
132419,19031.437
132420,18973.434000000005
132421,19629.421000000002
132422,19864.420000000002
132423,20369.418000000005
132424,20984.422000000002
132425,22167.420000000002
132426,21501.418999999998
132427,21151.423000000003
132428,20678.414
132429,19488.404000000002
132430,18507.412
132431,18383.409
132432,19088.41
132433,19248.409
132434,18446.412
132435,17702.413
132436,18044.413
132437,17682.411000000004
132438,17911.407
132439,18922.404000000002
132440,20461.399
132441,20228.399
132442,20106.395000000004
132443,19983.388000000003
132444,19455.390000000003
132445,18987.389000000006
132446,19149.387000000006
132447,19845.382000000005
132448,20032.376000000004
132449,20941.373000000003
132450,20979.358999999997
132451,20334.365
132452,19240.363
132453,18779.365
132454,18918.365
132455,19110.370000000003
132456,17488.384000000002
132457,16498.381
132458,14817.389000000003
132459,13140.397000000004
132460,11472.397000000004
132461,12186.396000000006
132462,13163.390000000005
132463,12991.399000000005
132464,12170.397000000006
132465,11079.404000000006
132466,11327.411000000007
132467,10967.419000000009
132468,11728.428000000007
132469,12340.43800000001
132470,14002.443000000016
132471,12433.460000000015
132472,10942.47800000002
132473,10508.488000000021
132474,9885.50100000002
132475,9127.515000000023
132476,7686.530000000021
132477,6590.552000000022
132478,4753.571000000019
132479,2613.611999999998
